GT,Result
435345 908244 3752 843384 886630 779712 871066 619829 701919 87578 ,68247 73581 77004 77588 77660 78092 78324 79309 79508 79874 ,435345 908244 3752 843384 886630 779712 619829 701919 87578 4009 ,68247 73581 77004 77588 77660 78092 79309 79508 79874 80450 
833054 517238 560219 826670 808402 931691 844161 353631 190506 751816 ,58464 61274 61494 63126 64908 67716 68294 68422 68910 68998 ,833054 517238 560219 826670 808402 931691 844161 353631 190506 751816 ,58464 61274 61494 63126 64908 67716 68294 68422 68910 68998 
402106 800216 46826 307615 249336 783477 287172 227186 947879 250875 ,36458 50003 50499 51069 51476 56583 56783 58333 58410 58839 ,402106 800216 46826 307615 249336 783477 287172 227186 947879 250875 ,36458 50003 50499 51069 51476 56583 56783 58333 58410 58839 
123985 832999 855554 546767 885741 81001 768705 994263 889896 801041 ,36107 36743 38019 39632 39790 42181 42781 43074 43139 43254 ,123985 832999 855554 546767 885741 81001 768705 994263 889896 801041 ,36107 36743 38019 39632 39790 42181 42781 43074 43139 43254 
748397 748193 175336 716433 112586 107281 368246 340288 175407 953387 ,47367 48151 48199 52559 53980 54643 57046 57968 58065 58065 ,748397 748193 716433 112586 107281 368246 340288 175407 491554 403978 ,47367 48151 52559 53980 54643 57046 57968 58065 58390 59193 
187470 67875 220473 896005 27746 943689 669622 947299 515025 682308 ,64458 65771 65771 70631 70788 71743 72031 73168 73421 73467 ,187470 67875 220473 896005 27746 943689 669622 947299 515025 682308 ,64458 65771 65771 70631 70788 71743 72031 73168 73421 73467 
982379 59540 511412 595673 872343 667973 670041 16210 170274 439684 ,51327 55786 55874 55969 58215 58851 59344 60058 60756 61264 ,59540 511412 667973 170274 439684 541872 681834 923329 996921 522402 ,55786 55874 58851 60756 61264 61317 61402 61870 62824 62851 
618842 569178 107468 476215 762217 5447 543133 5868 108097 51349 ,26030 27011 27041 29348 29873 30258 30959 31587 31681 32069 ,618842 569178 107468 476215 762217 5447 543133 5868 108097 51349 ,26030 27011 27041 29348 29873 30258 30959 31587 31681 32069 
134502 281770 354520 389095 79518 161628 301855 464810 322356 324214 ,62004 62226 62247 62927 63162 65254 66298 70833 71007 71316 ,134502 281770 354520 389095 79518 161628 301855 464810 322356 324214 ,62004 62226 62247 62927 63162 65254 66298 70833 71007 71316 
177646 581962 514230 291945 612270 732351 746863 883543 171008 521119 ,47096 53960 57290 59017 59029 59218 59389 59582 59591 59966 ,177646 514230 291945 612270 732351 746863 883543 171008 521119 192803 ,47096 57290 59017 59029 59218 59389 59582 59591 59966 60455 
180396 209723 930391 941307 703585 692150 176721 85883 17178 679952 ,72528 78302 78712 82653 83257 83273 83689 86784 86845 87214 ,180396 209723 930391 941307 703585 692150 176721 85883 17178 679952 ,72528 78302 78712 82653 83257 83273 83689 86784 86845 87214 
291972 437003 11 167994 30245 788491 293725 92279 518414 549165 ,79991 85840 114524 118075 120864 128694 144069 147036 160890 191122 ,291972 437003 11 167994 30245 788491 293725 92279 518414 549165 ,79991 85840 114524 118075 120864 128694 144069 147036 160890 191122 
563997 923810 670225 857201 49919 798973 756088 563093 635998 706804 ,40498 42702 49876 51014 51969 52500 52503 52879 54536 54669 ,923810 670225 857201 49919 798973 756088 563093 635998 706804 724917 ,42702 49876 51014 51969 52500 52503 52879 54536 54669 54713 
274940 197552 872157 974413 546870 496679 545320 791365 202614 324744 ,55426 56150 60290 62012 62690 63159 64031 64963 65258 66175 ,274940 197552 872157 974413 546870 496679 545320 791365 202614 324744 ,55426 56150 60290 62012 62690 63159 64031 64963 65258 66175 
10309 57401 88691 878604 799506 510477 504044 408139 295019 624612 ,80121 80232 85521 87622 88207 88492 92193 93730 94124 94623 ,10309 57401 88691 878604 799506 510477 504044 408139 295019 624612 ,80121 80232 85521 87622 88207 88492 92193 93730 94124 94623 
409722 969865 93482 237312 806593 504852 800731 823579 465105 682423 ,46813 47413 49719 51024 51905 52299 52750 52916 53394 54562 ,409722 969865 93482 237312 806593 504852 800731 823579 465105 682423 ,46813 47413 49719 51024 51905 52299 52750 52916 53394 54562 
844703 561762 957847 810938 704144 989185 585827 480763 206634 339048 ,52372 55099 55992 59981 61985 67104 69666 70157 71806 72365 ,844703 957847 810938 704144 989185 585827 480763 206634 339048 42650 ,52372 55992 59981 61985 67104 69666 70157 71806 72365 72450 
516149 886365 210397 892868 393303 34239 129331 466181 220716 117819 ,77467 79188 88777 102351 107734 109217 114149 115167 118091 120838 ,516149 886365 210397 892868 393303 34239 129331 466181 220716 117819 ,77467 79188 88777 102351 107734 109217 114149 115167 118091 120838 
709366 833722 704992 331902 480426 271548 805557 62961 124185 520177 ,62061 62264 66628 68183 69480 71128 74176 77670 78083 78213 ,709366 833722 704992 331902 480426 271548 805557 62961 124185 520177 ,62061 62264 66628 68183 69480 71128 74176 77670 78083 78213 
921304 905999 14576 206975 876201 664793 868889 888599 125251 190506 ,41080 41865 44015 44703 45425 45867 48852 49500 49642 49897 ,921304 905999 14576 206975 876201 664793 868889 888599 125251 190506 ,41080 41865 44015 44703 45425 45867 48852 49500 49642 49897 
50812 62711 54142 753659 814221 497161 445845 826519 5557 860908 ,35762 36931 37076 37574 38658 38838 38848 39422 39538 39595 ,50812 62711 54142 753659 814221 497161 445845 826519 5557 860908 ,35762 36931 37076 37574 38658 38838 38848 39422 39538 39595 
497354 52746 90715 68889 732365 69657 905162 99289 518939 339360 ,31045 38174 39402 41396 44663 46201 46206 46358 46802 47491 ,497354 52746 90715 68889 732365 69657 905162 99289 518939 339360 ,31045 38174 39402 41396 44663 46201 46206 46358 46802 47491 
31629 482791 932260 32170 429041 814838 810003 469121 546068 397040 ,26959 31731 33603 33939 35145 35255 35357 36528 36859 37405 ,31629 482791 932260 32170 429041 814838 810003 469121 546068 397040 ,26959 31731 33603 33939 35145 35255 35357 36528 36859 37405 
242627 272510 101799 178584 953326 719578 3961 719988 259902 122908 ,69466 80784 87500 90356 90892 94716 111487 118971 119492 120238 ,242627 272510 101799 178584 953326 719578 3961 719988 259902 122908 ,69466 80784 87500 90356 90892 94716 111487 118971 119492 120238 
278674 708719 292192 243182 291979 803951 52603 611410 609691 126008 ,42293 46119 46810 48330 48572 49905 50856 51059 51979 52736 ,278674 708719 292192 243182 291979 803951 52603 611410 609691 126008 ,42293 46119 46810 48330 48572 49905 50856 51059 51979 52736 
87978 421917 436170 219934 449282 337159 604294 995561 40822 684145 ,53605 66502 69200 73074 73631 74425 74932 76192 76336 81133 ,87978 421917 436170 219934 449282 337159 604294 995561 40822 684145 ,53605 66502 69200 73074 73631 74425 74932 76192 76336 81133 
426756 353320 794330 13710 790153 369459 427104 510247 414181 266819 ,30213 35323 36937 38592 39621 40569 41302 42854 43413 43691 ,426756 353320 794330 13710 790153 369459 427104 510247 414181 266819 ,30213 35323 36937 38592 39621 40569 41302 42854 43413 43691 
278725 176129 296045 58968 802361 717049 5865 753213 417346 559788 ,34510 35610 36948 38527 39108 39135 40356 42740 42820 43104 ,278725 176129 296045 58968 802361 717049 5865 753213 417346 773968 ,34510 35610 36948 38527 39108 39135 40356 42740 42820 43105 
98185 237960 805254 514965 905617 817003 637383 570976 137433 180854 ,46204 46794 48231 49579 49984 50868 51152 51493 52274 52345 ,98185 237960 805254 514965 905617 817003 637383 570976 137433 180854 ,46204 46794 48231 49579 49984 50868 51152 51493 52274 52345 
768135 102589 655401 218336 216546 709795 602775 411944 770531 540223 ,29409 33987 35339 35578 35952 36185 36342 36378 36480 37006 ,768135 102589 655401 218336 216546 709795 602775 411944 770531 540223 ,29409 33987 35339 35578 35952 36185 36342 36378 36480 37006 
825845 599948 448616 500063 106032 122240 510127 551695 960914 505300 ,43702 48827 52741 53580 57134 58400 58441 58478 58644 58950 ,825845 599948 448616 500063 122240 510127 551695 960914 505300 340557 ,43702 48827 52741 53580 58400 58441 58478 58644 58950 59058 
5559 4995 749867 101992 497487 633839 376657 475037 151167 307702 ,11923 16117 68637 70461 71822 72154 72421 72459 72648 73102 ,5559 4995 749867 497487 633839 376657 475037 151167 473048 989428 ,11923 16117 68637 71822 72154 72421 72459 72648 74544 75082 
281121 525088 988306 91331 700269 8779 637342 758235 903580 531949 ,47064 60816 63468 65084 65835 67794 67826 68344 68956 69392 ,281121 525088 988306 91331 700269 8779 637342 758235 903580 531949 ,47064 60816 63468 65084 65835 67794 67826 68344 68956 69392 
995079 994843 676916 994880 996246 676649 615911 39929 100515 646457 ,48734 60867 61579 63337 70758 72349 72471 72973 74946 75026 ,995079 994843 676916 996246 676649 615911 39929 100515 646457 237660 ,48734 60867 61579 70758 72349 72471 72973 74946 75026 78358 
68317 473396 595750 7058 10746 430472 485398 822355 963400 293458 ,57736 59011 59679 61779 62265 64257 68761 70239 70625 71145 ,68317 595750 7058 10746 430472 485398 822355 963400 293458 483700 ,57736 59679 61779 62265 64257 68761 70239 70625 71145 71252 
641127 15970 240849 792139 942386 394268 521215 94193 760621 506093 ,61918 62331 63136 68057 68075 71219 73492 74053 74085 74712 ,641127 15970 240849 792139 942386 394268 94193 760621 506093 920180 ,61918 62331 63136 68057 68075 71219 74053 74085 74712 74957 
194842 841377 656209 160995 341292 630941 506533 81774 224117 690542 ,83104 90302 90752 91139 91725 94888 95671 96372 97025 97362 ,194842 841377 656209 160995 341292 630941 506533 81774 224117 690542 ,83104 90302 90752 91139 91725 94888 95671 96372 97025 97362 
808138 925739 745448 4997 441231 189623 144935 317723 479326 63705 ,51072 56718 61169 61439 63480 64997 66197 71645 73392 73705 ,808138 118126 243889 178156 408768 511662 126521 856483 84937 128600 ,51072 79390 81680 84567 84722 87731 88181 88253 89285 89861 
5023 5500 5177 6187 978240 137232 284610 160369 173565 132200 ,24448 25359 26255 31436 64784 67052 67814 70839 71368 71516 ,5023 5500 5177 6187 978240 137232 284610 160369 173565 574628 ,24448 25359 26255 31436 64784 67052 67814 70839 71368 71687 
587405 458341 685204 552374 859139 415581 244952 736372 975023 423522 ,28918 31477 31844 33392 36086 36163 36333 36920 37286 37804 ,587405 458341 685204 552374 859139 415581 244952 736372 975023 423522 ,28918 31477 31844 33392 36086 36163 36333 36920 37286 37804 
379937 920292 106343 949328 126997 189638 186712 552366 11434 137464 ,59222 65217 66060 66410 67541 67601 69147 69263 69514 70242 ,379937 920292 106343 949328 126997 189638 186712 552366 11434 137464 ,59222 65217 66060 66410 67541 67601 69147 69263 69514 70242 
673987 162748 673081 552430 534491 680717 877603 540455 315672 742057 ,38543 39412 41614 41648 43020 43136 43213 43880 44433 44913 ,673987 162748 673081 552430 534491 680717 877603 540455 315672 742057 ,38543 39412 41614 41648 43020 43136 43213 43880 44433 44913 
280744 684403 176619 91711 519535 322192 923161 528658 691243 718592 ,47185 49692 50289 56146 58632 58761 58862 59729 59770 59834 ,280744 684403 176619 91711 519535 322192 923161 528658 691243 718592 ,47185 49692 50289 56146 58632 58761 58862 59729 59770 59834 
585394 474591 4978 705047 307823 973009 691513 742984 473449 340334 ,73798 74192 74193 74195 75719 75887 75983 76408 76844 77177 ,585394 474591 4978 705047 307823 973009 691513 742984 473449 340334 ,73798 74192 74193 74195 75719 75887 75983 76408 76844 77177 
421803 436965 294713 359625 243924 252782 260638 934311 423063 44 ,73345 118630 119367 119667 126569 127282 132117 132280 134331 138953 ,421803 436965 294713 359625 243924 252782 260638 934311 423063 44 ,73345 118630 119367 119667 126569 127282 132117 132280 134331 138953 
103857 339933 482497 344793 905059 311025 309505 727220 744105 419117 ,37629 38197 41800 46062 50248 50309 53372 56923 57837 58561 ,103857 339933 482497 344793 905059 311025 309505 727220 744105 419117 ,37629 38197 41800 46062 50248 50309 53372 56923 57837 58561 
750523 289779 346534 744870 914759 355076 7851 207291 148057 340987 ,37537 40688 42230 49941 54574 55592 56065 57182 57389 57899 ,750523 289779 346534 744870 914759 355076 7851 207291 148057 340987 ,37537 40688 42230 49941 54574 55592 56065 57182 57389 57899 
676288 112116 138708 129673 17798 392988 388928 864010 88749 93258 ,79168 85160 86117 86919 87447 88184 89373 89503 90461 95876 ,676288 112116 138708 129673 17798 392988 388928 864010 88749 210301 ,79168 85160 86117 86919 87447 88184 89373 89503 90461 96088 
873171 991578 871696 130745 307869 566083 364648 410390 487715 291606 ,61091 65212 68393 75894 77227 78119 80406 81112 81368 82072 ,873171 991578 871696 130745 307869 566083 410390 487715 291606 369561 ,61091 65212 68393 75894 77227 78119 81112 81368 82072 82094 
168390 716517 632208 306171 390376 852338 151174 519294 34121 716504 ,26919 36876 37730 37975 38123 40003 40422 40930 41350 41824 ,168390 716517 632208 306171 390376 852338 151174 34121 716504 693964 ,26919 36876 37730 37975 38123 40003 40422 41350 41824 43453 
352116 440191 402512 579403 328290 583240 760910 230231 152860 398571 ,66904 77614 78737 79034 80614 89530 89856 90369 90495 91093 ,352116 440191 402512 579403 328290 583240 760910 230231 152860 398571 ,66904 77614 78737 79034 80614 89530 89856 90369 90495 91093 
6123 571827 571831 774030 898134 770374 774083 636082 397824 10903 ,17112 45219 45366 45876 46365 47055 49387 50134 50194 51453 ,6123 571827 571831 774030 898134 770374 774083 636082 397824 10903 ,17112 45219 45366 45876 46365 47055 49387 50134 50194 51453 
353210 892861 781199 315815 517274 336721 457767 300557 457133 336943 ,22103 29157 29164 30948 31063 31092 31832 32896 33491 34431 ,353210 892861 781199 315815 517274 336721 300557 457133 336943 292941 ,22103 29157 29164 30948 31063 31092 32896 33491 34431 34737 
433970 637955 809503 101375 784198 301188 921965 872692 920342 305196 ,42961 45771 50168 52608 53232 55553 56754 57686 57921 58052 ,433970 637955 809503 101375 784198 301188 921965 872692 920342 305196 ,42961 45771 50168 52608 53232 55553 56754 57686 57921 58052 
865171 447084 759057 768046 447374 666752 768035 541511 890741 541636 ,24444 26764 27140 27633 28854 29688 29719 29919 30004 30376 ,865171 447084 759057 768046 447374 666752 768035 541511 890741 541636 ,24444 26764 27140 27633 28854 29688 29719 29919 30004 30376 
38460 619248 537847 39291 695678 410584 920212 389276 755979 154751 ,22850 46166 52279 56551 64239 64786 65224 66318 72629 74272 ,38460 619248 537847 39291 695678 410584 920212 389276 755979 154751 ,22850 46166 52279 56551 64239 64786 65224 66318 72629 74272 
16534 4730 615388 964707 780086 167611 536494 839681 429477 567816 ,43533 44400 44516 45419 47424 47917 48804 49442 50792 51501 ,16534 4730 615388 964707 780086 167611 536494 839681 429477 567816 ,43533 44400 44516 45419 47424 47917 48804 49442 50792 51501 
556125 214355 562323 917398 607932 685524 221159 208258 256663 52810 ,27563 35870 39311 41148 42598 43976 45424 45841 46068 48524 ,556125 214355 562323 917398 607932 685524 221159 208258 256663 52810 ,27563 35870 39311 41148 42598 43976 45424 45841 46068 48524 
7237 626572 716064 536562 381601 172684 237441 949157 383164 462136 ,4322 55860 57369 58648 59563 64519 64827 64861 65582 65661 ,7237 626572 716064 536562 381601 172684 237441 949157 383164 462136 ,4322 55860 57369 58648 59563 64519 64827 64861 65582 65661 
6834 6316 6612 768167 672413 768289 672523 830147 673996 830132 ,13091 13724 15670 15941 16138 17723 18126 18339 18707 19173 ,6612 6376 447421 447559 446962 853445 446727 447630 447770 155568 ,15670 20092 23271 24003 24936 25664 26233 26357 26766 27237 
311418 168629 436896 780082 292798 610061 395339 504387 459286 735035 ,53137 55182 57950 59230 62731 63402 63559 64823 65374 65628 ,311418 168629 780082 292798 504387 459286 735035 351525 747270 514163 ,53137 55182 59230 62731 64823 65374 65628 66205 68802 68945 
848323 263578 635689 246365 249336 339847 417975 246051 355367 774538 ,32505 37840 39989 41347 42440 42638 43636 43689 43700 43770 ,848323 263578 635689 246365 339847 246051 355367 774538 348286 284499 ,32505 37840 39989 41347 42638 43689 43700 43770 44384 44695 
46854 385767 322972 808298 71429 259804 962488 927095 267829 28162 ,91296 134707 152221 154629 166225 166559 168900 170233 171244 173996 ,46854 385767 322972 808298 71429 259804 962488 927095 267829 28162 ,91296 134707 152221 154629 166225 166559 168900 170233 171244 173996 
512491 151890 518559 574046 276987 453362 186222 140118 754909 490019 ,40578 41004 41516 41607 42894 43000 44147 44283 45067 45167 ,512491 151890 518559 574046 276987 453362 186222 140118 754909 490019 ,40578 41004 41516 41607 42894 43000 44147 44283 45067 45167 
5635 617044 641218 387016 440946 846637 218073 474320 855596 415658 ,19120 39952 47295 48492 49022 50126 50811 51742 55132 55472 ,5635 617044 641218 387016 440946 846637 218073 474320 855596 415658 ,19120 39952 47295 48492 49022 50126 50811 51742 55132 55472 
992978 6405 782307 606380 52188 869634 576180 781821 569962 725944 ,27609 30061 31147 31494 32180 32779 34035 34412 36877 37359 ,992978 6405 782307 606380 52188 869634 781821 569962 725944 251521 ,27609 30061 31147 31494 32180 32779 34412 36877 37359 38032 
5390 5669 686362 7346 376423 7758 53298 997979 5242 54581 ,40347 50940 51583 52922 55009 58297 58941 59902 61463 62136 ,5669 686362 7346 376423 7758 53298 997979 5242 54581 995472 ,50940 51583 52922 55009 58297 58941 59902 61463 62136 62202 
46914 93590 46349 157108 679287 736952 683966 616719 45600 640838 ,48474 49972 50758 54068 54379 55037 56222 57046 58568 59402 ,46914 93590 46349 157108 679287 736952 683966 616719 45600 640838 ,48474 49972 50758 54068 54379 55037 56222 57046 58568 59402 
84205 283495 281459 415786 188839 265787 743421 379085 893594 112726 ,28267 28853 30165 33360 34190 35095 36319 36789 37018 37180 ,84205 283495 281459 415786 188839 265787 743421 379085 893594 112726 ,28267 28853 30165 33360 34190 35095 36319 36789 37018 37180 
727168 175724 716576 954006 378523 583995 740549 430472 520751 725272 ,69992 72200 76500 76552 76918 78114 78420 80532 80666 81763 ,727168 175724 716576 954006 378523 583995 740549 430472 520751 725272 ,69992 72200 76500 76552 76918 78114 78420 80532 80666 81763 
768076 568026 710200 667463 871140 820691 655696 824226 657721 903886 ,13973 17083 17840 18823 19012 20587 21477 22158 22577 22892 ,768076 568026 710200 667463 871140 820691 655696 657721 903886 795877 ,13973 17083 17840 18823 19012 20587 21477 22577 22892 23092 
84587 418509 137743 811075 155062 820440 799821 873346 353731 807643 ,62612 62616 72242 72553 73082 75377 75408 75639 76175 76790 ,418509 811075 155062 799821 807643 91598 497161 577018 409893 328069 ,62616 72553 73082 75408 76790 78058 83104 85422 85776 86507 
57922 483587 435928 23285 205579 711790 612577 742311 503042 370111 ,79787 83467 85460 88373 88581 89479 91172 92065 93355 93717 ,57922 483587 435928 23285 205579 711790 612577 742311 503042 370111 ,79787 83467 85460 88373 88581 89479 91172 92065 93355 93717 
190271 405640 470408 86188 574996 88691 256424 184197 119401 553386 ,57062 59652 62542 65019 66780 68550 72005 73756 74757 75090 ,190271 405640 470408 86188 574996 88691 256424 184197 553386 747466 ,57062 59652 62542 65019 66780 68550 72005 73756 75090 75410 
353104 426975 314481 548275 724824 831381 55897 168854 338867 430402 ,36475 36629 37410 39210 39413 39960 40080 40187 40400 41056 ,353104 426975 314481 548275 724824 831381 55897 168854 338867 430402 ,36475 36629 37410 39210 39413 39960 40080 40187 40400 41056 
188398 285700 213636 384252 268603 497259 326011 871138 629003 203928 ,77422 86696 94089 94118 95975 96543 96734 96993 97767 97859 ,188398 285700 213636 384252 268603 497259 326011 871138 629003 203928 ,77422 86696 94089 94118 95975 96543 96734 96993 97767 97859 
194189 267648 100947 336450 890601 267349 275932 346182 199613 406709 ,44583 48745 51680 51968 53165 53996 56265 56564 57676 60575 ,194189 267648 100947 336450 890601 267349 275932 346182 199613 406709 ,44583 48745 51680 51968 53165 53996 56265 56564 57676 60575 
581325 108434 888231 170729 785837 316406 134385 721459 805389 31860 ,64283 75099 78475 78936 80926 82470 83210 84239 84723 84760 ,581325 108434 888231 170729 785837 316406 134385 721459 805389 31860 ,64283 75099 78475 78936 80926 82470 83210 84239 84723 84760 
9208 68687 234634 68818 77375 979096 527682 143040 61297 615280 ,51469 52744 53279 53856 54339 54451 55002 55489 55857 58695 ,9208 68687 234634 68818 77375 979096 527682 143040 61297 615280 ,51469 52744 53279 53856 54339 54451 55002 55489 55857 58695 
6070 919617 138184 673324 8486 411888 118923 674756 673335 862760 ,21953 22312 24482 27637 29307 29469 29520 30010 31474 32928 ,6070 8486 971540 579134 468907 673584 861956 113423 886153 768562 ,21953 29307 34948 40075 40742 41091 41925 42186 42232 43502 
171970 694771 954139 258925 475041 319365 478810 687120 686841 849305 ,62281 73815 76113 77191 77946 78221 78418 78514 79320 79393 ,171970 694771 954139 258925 475041 319365 478810 687120 686841 849305 ,62281 73815 76113 77191 77946 78221 78418 78514 79320 79393 
514760 612066 177163 459967 574054 114425 128601 261921 869902 431469 ,81384 90286 92178 93347 96367 106142 107080 109105 113766 114022 ,514760 612066 177163 459967 574054 114425 128601 261921 869902 431469 ,81384 90286 92178 93347 96367 106142 107080 109105 113766 114022 
797030 31813 629024 133714 584764 177587 158279 879070 739387 981410 ,82559 84629 85967 86005 86461 87518 88903 90279 90282 93127 ,797030 31813 629024 133714 584764 177587 158279 879070 739387 981410 ,82559 84629 85967 86005 86461 87518 88903 90279 90282 93127 
296270 714059 847922 414280 74493 40878 6778 566213 905839 295098 ,30131 34192 35085 35633 36724 37832 38804 38850 39308 39452 ,296270 714059 847922 414280 74493 40878 6778 566213 905839 295098 ,30131 34192 35085 35633 36724 37832 38804 38850 39308 39452 
8894 227733 745982 327011 80610 431313 237419 68687 685792 305411 ,37125 47222 55097 55434 55442 55879 56635 56809 57302 57739 ,8894 227733 745982 327011 80610 431313 237419 68687 685792 305411 ,37125 47222 55097 55434 55442 55879 56635 56809 57302 57739 
938121 641320 882563 934228 297210 204402 22447 455606 224497 854962 ,109850 153737 165632 173095 174292 175184 177366 185476 185587 187377 ,938121 641320 882563 934228 297210 204402 22447 455606 224497 854962 ,109850 153737 165632 173095 174292 175184 177366 185476 185587 187377 
807714 642062 73061 910669 900912 253067 808513 526166 114829 134680 ,39076 40436 41725 42005 44543 46153 46446 46785 46907 48438 ,807714 642062 73061 910669 900912 253067 808513 526166 114829 134680 ,39076 40436 41725 42005 44543 46153 46446 46785 46907 48438 
783757 631041 136929 228999 684023 714809 774482 743579 749073 682179 ,101457 104357 106735 107330 107699 121184 122260 122383 123108 123599 ,783757 631041 136929 228999 684023 714809 774482 743579 749073 682179 ,101457 104357 106735 107330 107699 121184 122260 122383 123108 123599 
6901 38545 38386 38240 897035 39488 230886 397589 39135 417228 ,18239 20175 23297 25634 27689 29310 29522 29717 32964 33362 ,6901 38545 38386 38240 897035 39488 230886 397589 39135 417228 ,18239 20175 23297 25634 27689 29310 29522 29717 32964 33362 
754501 10101 282164 590693 718780 385525 882978 545891 732154 248689 ,42381 45440 46484 46761 53262 58431 58951 63218 63447 64090 ,754501 10101 282164 590693 718780 385525 882978 545891 732154 248689 ,42381 45440 46484 46761 53262 58431 58951 63218 63447 64090 
84465 821939 815480 520730 815287 815404 815329 82999 815274 996019 ,15191 16641 16930 17890 18170 18731 19690 20535 20671 21767 ,84465 821939 815480 520730 815287 815404 815329 82999 815274 996019 ,15191 16641 16930 17890 18170 18731 19690 20535 20671 21767 
802478 421870 689208 861218 739142 603800 172207 471681 892485 797898 ,70781 77265 79226 88532 92975 93485 94174 94765 95599 96405 ,802478 421870 689208 861218 739142 172207 471681 892485 797898 779144 ,70781 77265 79226 88532 92975 94174 94765 95599 96405 96465 
8356 7797 511325 806838 792323 349404 942656 863588 106024 407483 ,20012 60128 69501 73388 73876 75023 77142 77349 77918 78533 ,7797 511325 806838 792323 349404 942656 863588 106024 407483 742445 ,60128 69501 73388 73876 75023 77142 77349 77918 78533 79576 
742556 948690 884723 603308 363707 466919 616835 532449 242157 468463 ,40745 43015 43165 48136 48268 51909 51915 52229 53868 56452 ,742556 948690 884723 603308 363707 466919 616835 532449 242157 468463 ,40745 43015 43165 48136 48268 51909 51915 52229 53868 56452 
986478 857588 616609 856493 380955 38139 50227 963363 642416 644503 ,34899 36294 38409 39735 44865 47394 49041 49498 51380 52597 ,986478 857588 616609 856493 380955 38139 50227 963363 642416 644503 ,34899 36294 38409 39735 44865 47394 49041 49498 51380 52597 
298797 916928 332566 625082 84327 927687 160455 945153 781879 790832 ,64835 65569 68207 69416 70799 71729 73175 75461 78152 79020 ,298797 916928 625082 160455 781879 790832 166934 405131 144480 349923 ,64835 65569 69416 73175 78152 79020 79683 80122 80276 80566 
73429 684831 339901 877110 235535 152206 169353 563040 124715 332960 ,71527 90012 98786 99830 107628 118621 120012 120485 123587 123780 ,73429 684831 339901 877110 235535 152206 169353 563040 124715 332960 ,71527 90012 98786 99830 107628 118621 120012 120485 123587 123780 
562757 696751 52248 978499 432738 332815 36845 406036 914621 44870 ,77873 79058 79829 83950 90358 92595 93218 93802 94302 94612 ,562757 696751 52248 978499 432738 332815 36845 406036 914621 44870 ,77873 79058 79829 83950 90358 92595 93218 93802 94302 94612 
656060 907241 791172 376811 211115 607480 42678 446957 822413 447181 ,15098 16101 18141 18923 20487 20623 20738 20946 21920 22204 ,656060 907241 791172 376811 211115 607480 42678 446957 822413 447181 ,15098 16101 18141 18923 20487 20623 20738 20946 21920 22204 
369366 305493 87488 341673 699594 237049 237241 940971 693211 265165 ,65571 66993 69562 69616 74057 75481 75734 76636 78098 79111 ,369366 305493 87488 341673 699594 237049 237241 940971 693211 265165 ,65571 66993 69562 69616 74057 75481 75734 76636 78098 79111 
223309 20974 598056 25312 305680 497050 94551 161559 30145 699526 ,35576 40171 49834 51121 52427 53795 54170 54739 55272 56144 ,223309 20974 598056 25312 305680 497050 94551 161559 30145 699526 ,35576 40171 49834 51121 52427 53795 54170 54739 55272 56144 
42521 377876 546942 731949 571160 419850 562016 106806 633554 795304 ,85167 87597 88958 90380 92050 93858 94599 95243 95930 99647 ,42521 377876 546942 731949 571160 419850 562016 106806 633554 795304 ,85167 87597 88958 90380 92050 93858 94599 95243 95930 99647 
809545 107069 434970 966787 416909 929942 84945 182585 492237 448322 ,84510 105069 114222 114505 116945 117357 118367 118565 121191 121246 ,809545 107069 434970 966787 416909 929942 84945 182585 492237 448322 ,84510 105069 114222 114505 116945 117357 118367 118565 121191 121246 
642707 614360 641279 122290 141685 869927 566430 364322 19426 40902 ,35130 35314 38836 39150 40043 40067 40715 42386 43388 44891 ,642707 614360 641279 122290 141685 869927 566430 364322 19426 997178 ,35130 35314 38836 39150 40043 40067 40715 42386 43388 45450 
579263 52434 378181 797883 689308 56625 410863 585321 10879 478583 ,17427 24556 25727 27349 27570 27891 28232 28361 28730 30325 ,579263 52434 378181 797883 689308 56625 410863 585321 10879 478583 ,17427 24556 25727 27349 27570 27891 28232 28361 28730 30325 
379963 189833 290903 56516 480764 414715 636006 556793 71900 900552 ,71073 79638 80286 80911 81967 84544 85246 85782 85978 86047 ,379963 189833 290903 56516 480764 414715 636006 556793 71900 900552 ,71073 79638 80286 80911 81967 84544 85246 85782 85978 86047 
908531 116079 112707 987365 845979 215969 79463 427847 556067 937445 ,17857 18271 18962 19285 19581 19625 19775 20592 20641 21234 ,112707 987365 427847 699410 476539 4556 615192 216152 814215 770379 ,18962 19285 20592 21284 21363 22089 22352 22724 22868 22973 
116316 988883 894382 203621 893687 902074 441492 638186 376876 768018 ,30260 35377 35613 45668 60012 61858 61915 61953 65876 67183 ,116316 988883 894382 203621 893687 902074 441492 638186 376876 768018 ,30260 35377 35613 45668 60012 61858 61915 61953 65876 67183 
39537 79046 249482 764138 468832 638847 116210 442738 187893 890535 ,16648 27443 38694 49070 52982 55068 56699 58470 58875 59269 ,39537 79046 249482 764138 468832 638847 116210 442738 187893 890535 ,16648 27443 38694 49070 52982 55068 56699 58470 58875 59269 
671869 594579 190819 996761 53445 804457 671258 323443 58523 478373 ,76116 85702 86546 89838 92250 92479 92538 96081 97253 98297 ,671869 594579 190819 996761 53445 804457 671258 323443 58523 478373 ,76116 85702 86546 89838 92250 92479 92538 96081 97253 98297 
822348 822276 710157 207201 822228 539799 971341 934196 541833 475206 ,29480 29667 29978 30996 31211 31543 31595 31963 31982 32635 ,822348 822276 710157 207201 822228 539799 971341 541833 475206 672256 ,29480 29667 29978 30996 31211 31543 31595 31982 32635 32988 
101510 178865 364674 263790 513061 612066 433970 834373 230197 178149 ,58394 66873 77619 81163 81579 82211 82280 83310 83697 83861 ,101510 178865 364674 263790 612066 433970 834373 230197 178149 425099 ,58394 66873 77619 81163 82211 82280 83310 83697 83861 83951 
768763 413638 643701 835702 829592 608738 807855 826820 555811 902337 ,18074 19761 22261 24451 26498 31442 31934 32146 32320 33158 ,768763 413638 643701 835702 829592 608738 807855 826820 555811 902337 ,18074 19761 22261 24451 26498 31442 31934 32146 32320 33158 
414105 875866 32755 248419 735948 32069 332146 245443 198263 277079 ,61468 65450 65656 66369 66407 67471 68570 70290 70466 70466 ,414105 875866 32755 248419 735948 32069 332146 245443 198263 277079 ,61468 65450 65656 66369 66407 67471 68570 70290 70466 70466 
412275 53508 54059 438535 53903 853022 121515 774810 488073 459529 ,43878 55742 63943 67948 68209 69693 72029 72062 72238 73711 ,412275 53508 54059 438535 53903 853022 121515 774810 488073 459529 ,43878 55742 63943 67948 68209 69693 72029 72062 72238 73711 
17482 732286 752330 888666 983066 841610 849770 219494 515464 720427 ,56889 65756 65887 66882 68278 68808 69485 69695 70953 73116 ,17482 732286 752330 888666 983066 841610 849770 219494 515464 720427 ,56889 65756 65887 66882 68278 68808 69485 69695 70953 73116 
113179 848871 531690 44418 854911 619999 913339 644849 501112 362197 ,46669 127103 146356 178055 180640 183931 187820 200127 208571 241600 ,113179 848871 531690 44418 854911 619999 913339 644849 501112 362197 ,46669 127103 146356 178055 180640 183931 187820 200127 208571 241600 
164963 913338 936247 202348 381995 519716 178469 384679 232932 993911 ,58937 66851 69920 70311 72759 73367 73410 75757 76092 76438 ,164963 913338 936247 202348 381995 519716 178469 384679 232932 993911 ,58937 66851 69920 70311 72759 73367 73410 75757 76092 76438 
522774 687591 746516 519605 271246 540684 216577 72432 363803 774193 ,44705 54424 57465 59434 59773 60257 62864 63087 63333 64439 ,522774 687591 746516 519605 271246 540684 216577 72432 363803 774193 ,44705 54424 57465 59434 59773 60257 62864 63087 63333 64439 
8931 918586 260473 425577 426334 539903 910555 512857 319101 809331 ,3187 10225 15779 16812 19503 21406 22097 22445 22515 22647 ,8931 918586 260473 425577 426334 539903 910555 512857 319101 809331 ,3187 10225 15779 16812 19503 21406 22097 22445 22515 22647 
685691 676042 418756 414562 577890 749894 379183 861920 935377 163498 ,69858 73725 74569 74829 74962 75683 75805 76486 76547 78721 ,685691 676042 418756 414562 577890 749894 379183 861920 935377 163498 ,69858 73725 74569 74829 74962 75683 75805 76486 76547 78721 
316266 224549 295968 253853 26638 742973 537913 679666 136472 887367 ,113585 127168 133724 154283 158327 158750 160511 161077 161514 161569 ,316266 224549 295968 253853 26638 742973 537913 679666 136472 887367 ,113585 127168 133724 154283 158327 158750 160511 161077 161514 161569 
671638 137464 308355 5373 496878 461472 699176 857029 226421 682086 ,85700 87730 88652 89438 90068 92227 92894 95028 95246 95309 ,671638 137464 308355 5373 496878 461472 699176 857029 226421 682086 ,85700 87730 88652 89438 90068 92227 92894 95028 95246 95309 
655877 518175 42259 931153 8497 616134 207597 383702 959671 75612 ,42819 43082 43702 45103 45407 45528 46561 46759 46869 47830 ,518175 616134 207597 42536 892139 461193 107347 186283 241605 656905 ,43082 45528 46561 50860 50982 53131 54238 55218 56969 58312 
89140 91969 469622 482505 280016 43944 298447 250203 370749 367891 ,29276 31312 32258 32274 33615 33694 33930 34066 34091 34094 ,89140 91969 469622 482505 280016 43944 298447 250203 370749 367891 ,29276 31312 32258 32274 33615 33694 33930 34066 34091 34094 
261917 814887 233800 712710 518085 514088 905009 44865 487529 152559 ,39362 48327 51457 58180 61188 63225 65544 66001 68806 69274 ,261917 814887 233800 712710 518085 514088 905009 44865 487529 152559 ,39362 48327 51457 58180 61188 63225 65544 66001 68806 69274 
173110 160034 303011 793339 429541 678944 293009 112093 177315 431123 ,44954 54326 54656 56954 57397 58108 59805 62350 62511 62739 ,173110 160034 303011 793339 429541 678944 293009 112093 177315 431123 ,44954 54326 54656 56954 57397 58108 59805 62350 62511 62739 
842026 779338 596965 15233 933486 842054 896182 957699 354976 575034 ,50087 51447 52669 52757 52968 53529 53836 53893 54908 55525 ,842026 779338 596965 15233 933486 842054 896182 957699 354976 575034 ,50087 51447 52669 52757 52968 53529 53836 53893 54908 55525 
44860 45370 69193 491438 717016 77375 229399 241987 342979 770781 ,38593 39944 43133 43392 44211 46494 46516 47197 49588 49789 ,44860 45370 69193 491438 717016 77375 229399 770781 534690 24526 ,38593 39944 43133 43392 44211 46494 46516 49789 51253 51267 
258501 991712 57432 767372 39082 615620 45163 554116 381057 642255 ,71478 75996 86086 86423 89086 89365 89837 90546 91990 94414 ,258501 991712 57432 767372 39082 615620 45163 554116 381057 642255 ,71478 75996 86086 86423 89086 89365 89837 90546 91990 94414 
584224 245332 515221 901846 292428 470545 306047 480827 863588 376795 ,77132 78096 81437 91517 99176 99617 100524 104659 105746 106768 ,584224 245332 515221 901846 292428 306047 480827 863588 376795 726453 ,77132 78096 81437 91517 99176 100524 104659 105746 106768 107082 
913076 320461 290376 651721 789967 301771 518250 586540 317000 63513 ,41265 48015 48591 54963 55006 55933 56266 56730 57305 57481 ,913076 320461 290376 651721 789967 301771 518250 586540 317000 63513 ,41265 48015 48591 54963 55006 55933 56266 56730 57305 57481 
525673 595532 942961 173510 937539 348333 241346 128584 973274 571426 ,49109 50643 55330 55926 57655 59095 60843 61026 61241 62091 ,525673 595532 942961 173510 937539 348333 241346 128584 973274 571426 ,49109 50643 55330 55926 57655 59095 60843 61026 61241 62091 
680648 111979 130703 692843 898823 918273 858162 729180 689923 943745 ,126546 126588 127445 128651 130292 130684 130865 131235 131545 132785 ,680648 111979 130703 692843 898823 918273 858162 729180 689923 943745 ,126546 126588 127445 128651 130292 130684 130865 131235 131545 132785 
716879 713854 989765 648730 673214 6648 667549 610011 760219 28194 ,30242 30425 31177 32272 35068 36437 36622 37091 37308 37442 ,716879 713854 989765 648730 673214 6648 667549 610011 760219 28194 ,30242 30425 31177 32272 35068 36437 36622 37091 37308 37442 
469659 300391 560726 329385 193392 294986 870894 251409 547070 531166 ,59482 60643 61670 68585 68982 78746 79466 79906 82907 83621 ,469659 300391 560726 329385 193392 294986 870894 251409 547070 531166 ,59482 60643 61670 68585 68982 78746 79466 79906 82907 83621 
511522 662810 739188 254377 480825 964941 177916 678616 982996 200062 ,44964 50927 61815 63790 65627 66966 67895 72819 73038 76134 ,511522 662810 739188 254377 480825 964941 177916 678616 982996 200062 ,44964 50927 61815 63790 65627 66966 67895 72819 73038 76134 
545308 312757 321795 149577 832814 365953 18010 394713 171914 232741 ,105132 114389 115776 122592 122871 131919 132298 134823 135317 135522 ,545308 312757 321795 149577 832814 365953 18010 394713 171914 232741 ,105132 114389 115776 122592 122871 131919 132298 134823 135317 135522 
118860 230253 75669 381029 801358 34888 218108 174338 427144 139634 ,73915 75455 77832 81610 81979 82206 83244 83754 85772 87293 ,118860 230253 75669 381029 801358 34888 218108 174338 427144 139634 ,73915 75455 77832 81610 81979 82206 83244 83754 85772 87293 
82856 524500 516395 704213 323249 264398 283985 106348 264783 518085 ,39567 43639 46844 47286 47888 48776 48963 49404 49420 50417 ,82856 524500 516395 704213 323249 264398 283985 106348 264783 40560 ,39567 43639 46844 47286 47888 48776 48963 49404 49420 50634 
153612 539012 967054 154106 967389 978210 73033 83225 181390 531084 ,62118 67570 67960 69561 69612 69976 71904 73042 75482 75945 ,153612 539012 967054 967389 978210 73033 83225 181390 531084 124149 ,62118 67570 67960 69612 69976 71904 73042 75482 75945 76533 
633090 633749 541996 199728 278544 972752 982295 916700 544633 137466 ,31637 33132 35339 37026 37026 39469 40395 40873 41294 41734 ,633090 633749 541996 199728 278544 982295 916700 544633 137466 632941 ,31637 33132 35339 37026 37026 40395 40873 41294 41734 43132 
596247 795683 349048 135947 752844 181378 12830 62798 886949 842319 ,67097 67525 74079 80447 80780 83521 85481 85582 86350 86422 ,596247 795683 349048 135947 752844 181378 12830 62798 886949 842319 ,67097 67525 74079 80447 80780 83521 85481 85582 86350 86422 
265555 995656 495437 874826 331328 684034 468016 314679 698326 37999 ,42325 49481 50647 50799 60278 60886 61276 62879 63012 63338 ,265555 995656 495437 874826 331328 684034 468016 314679 698326 37999 ,42325 49481 50647 50799 60278 60886 61276 62879 63012 63338 
718064 817336 768598 913722 473477 370709 44993 737930 106536 453968 ,60493 66576 69358 69647 70017 77106 78039 78621 78731 79598 ,718064 817336 768598 913722 473477 370709 44993 737930 106536 453968 ,60493 66576 69358 69647 70017 77106 78039 78621 78731 79598 
334524 290244 341145 951379 567451 100277 624962 537992 367993 354218 ,45628 51379 57211 57445 61396 62266 62377 63661 64264 65136 ,334524 290244 341145 951379 567451 100277 624962 537992 367993 354218 ,45628 51379 57211 57445 61396 62266 62377 63661 64264 65136 
439889 989393 189423 144553 65442 722889 689240 421158 722718 64921 ,77160 78398 80154 82635 82730 83540 86043 86401 86531 86625 ,439889 989393 189423 144553 65442 722889 689240 421158 722718 64921 ,77160 78398 80154 82635 82730 83540 86043 86401 86531 86625 
390999 960656 277958 976618 560887 957385 885506 71520 191113 875986 ,54751 58320 58472 62273 62977 63417 64002 64402 64697 64885 ,390999 960656 277958 976618 560887 957385 885506 71520 191113 875986 ,54751 58320 58472 62273 62977 63417 64002 64402 64697 64885 
352269 692720 178174 491845 947244 67144 246326 314451 600309 225305 ,82935 85174 90758 95426 96191 97709 99282 101316 102922 103014 ,352269 692720 178174 491845 947244 67144 246326 314451 600309 225305 ,82935 85174 90758 95426 96191 97709 99282 101316 102922 103014 
508213 159949 234954 107537 38554 593483 276458 61491 354390 509356 ,77873 79217 80797 84115 93087 95525 98684 99393 100368 101235 ,508213 234954 107537 38554 593483 276458 61491 354390 509356 747956 ,77873 80797 84115 93087 95525 98684 99393 100368 101235 101271 
351572 726497 82182 179081 68992 251205 172491 499502 754207 1790 ,44156 44702 44724 51155 53678 54396 54682 55668 55882 55941 ,726497 82182 179081 251205 499502 754207 1790 322146 547349 916110 ,44702 44724 51155 54396 55668 55882 55941 56259 56779 57493 
539442 676784 824261 765211 886597 430414 539658 763345 763381 969389 ,13256 14338 17305 17457 18434 18469 18470 18476 18626 18715 ,539442 676784 824261 765211 886597 430414 539658 763345 763381 969389 ,13256 14338 17305 17457 18434 18469 18470 18476 18626 18715 
802097 593062 573172 110912 534794 962725 995012 590955 34470 709767 ,74961 77003 78373 83070 83492 84571 85699 85854 85911 86277 ,802097 593062 573172 110912 534794 962725 995012 590955 34470 709767 ,74961 77003 78373 83070 83492 84571 85699 85854 85911 86277 
343206 522530 560834 399052 322277 241158 314926 470973 631242 230083 ,36979 46280 51945 57087 58954 60027 61237 63620 63653 65297 ,343206 522530 560834 399052 322277 241158 314926 470973 631242 230083 ,36979 46280 51945 57087 58954 60027 61237 63620 63653 65297 
959163 493254 321248 440277 615740 316352 149716 57293 959344 199168 ,78962 79496 87684 87867 90265 92772 94739 95859 97014 97764 ,959163 493254 321248 440277 615740 149716 57293 959344 199168 277984 ,78962 79496 87684 87867 90265 94739 95859 97014 97764 97764 
969505 292100 730338 237923 331837 222341 499387 156119 279508 435843 ,55635 56076 56768 58927 59030 59772 59915 60173 60436 60873 ,969505 292100 730338 237923 331837 222341 499387 156119 279508 435843 ,55635 56076 56768 58927 59030 59772 59915 60173 60436 60873 
617990 390946 397108 615205 257560 615031 400955 346995 665096 400214 ,40354 50814 52728 53270 54233 56903 57752 58037 58049 58075 ,617990 390946 397108 615205 257560 400955 346995 665096 400214 368878 ,40354 50814 52728 53270 54233 57752 58037 58049 58075 59479 
572919 128913 811252 821922 20080 381332 820886 500539 507975 465378 ,49598 52585 57494 57805 58434 58625 59009 59025 59109 59186 ,128913 821922 20080 381332 820886 507975 509957 122719 844283 397694 ,52585 57805 58434 58625 59009 59109 59865 60244 60543 60663 
560036 180872 164309 808891 719626 181029 94047 489197 94337 610342 ,56681 57400 57705 58146 58945 60107 63366 64459 67922 68108 ,560036 180872 164309 808891 719626 181029 94047 489197 94337 610342 ,56681 57400 57705 58146 58945 60107 63366 64459 67922 68108 
204864 719587 489522 680079 538689 62798 830953 686805 220539 931995 ,77218 77351 82409 85734 89452 95980 99652 101863 104498 105212 ,204864 719587 489522 680079 538689 62798 830953 686805 220539 931995 ,77218 77351 82409 85734 89452 95980 99652 101863 104498 105212 
703042 842891 199868 287109 857757 838960 529803 875932 929821 22186 ,64184 67307 67480 72106 72269 73991 74105 74359 74792 75932 ,703042 842891 199868 287109 857757 838960 529803 875932 929821 22186 ,64184 67307 67480 72106 72269 73991 74105 74359 74792 75932 
695379 895337 284791 779178 84539 232914 845277 286217 389408 59989 ,41734 50377 54497 55248 55583 55736 55806 56332 56423 56547 ,695379 895337 284791 84539 232914 845277 286217 389408 59989 751284 ,41734 50377 54497 55583 55736 55806 56332 56423 56547 56764 
24013 633120 414340 702106 283963 727168 392887 294424 182934 823606 ,62384 62466 64465 65710 66293 67104 67532 67835 68504 69272 ,24013 633120 414340 702106 283963 727168 392887 182934 823606 526421 ,62384 62466 64465 65710 66293 67104 67532 68504 69272 69445 
725890 503814 193563 283153 572235 242179 668862 688828 233427 465823 ,45659 49351 51559 51671 55033 56212 56450 56776 57641 57729 ,725890 503814 193563 283153 572235 242179 668862 688828 233427 465823 ,45659 49351 51559 51671 55033 56212 56450 56776 57641 57729 
528519 237786 772193 929263 528439 822077 365308 833895 261441 87385 ,30619 30849 30868 33181 33194 34947 35153 35337 35618 35794 ,528519 237786 772193 929263 528439 822077 365308 833895 261441 87385 ,30619 30849 30868 33181 33194 34947 35153 35337 35618 35794 
538689 970091 932476 407703 886252 224756 48071 363187 546579 253313 ,28244 34319 36126 37273 38967 39945 41421 41572 41617 42093 ,538689 970091 932476 407703 886252 224756 48071 363187 546579 253313 ,28244 34319 36126 37273 38967 39945 41421 41572 41617 42093 
204246 739596 146896 668363 628715 970707 897102 283552 181918 685438 ,66146 84569 85988 89427 91537 92077 92437 93083 93347 93802 ,204246 739596 146896 668363 628715 970707 897102 283552 181918 685438 ,66146 84569 85988 89427 91537 92077 92437 93083 93347 93802 
458799 782453 237815 951279 982055 690075 933412 106267 466775 703151 ,55944 55973 59485 60581 61156 63090 64567 65931 66231 66819 ,458799 782453 237815 951279 982055 690075 933412 106267 466775 703151 ,55944 55973 59485 60581 61156 63090 64567 65931 66231 66819 
229600 843289 471927 36256 391335 102316 848232 923707 135300 799287 ,36553 47690 50512 51502 55998 57055 57989 58409 58584 58849 ,229600 843289 471927 36256 102316 848232 923707 135300 799287 988825 ,36553 47690 50512 51502 57055 57989 58409 58584 58849 59831 
566915 910933 88190 567110 616341 239179 283734 404139 472403 822279 ,21029 23167 24797 26224 27434 27619 28257 28668 29100 29130 ,910933 567110 404139 472403 822279 88036 784938 406335 226771 936287 ,23167 26224 28668 29100 29130 30336 30548 30588 30627 30657 
664297 831273 681753 274865 681749 668576 681777 104217 618380 100900 ,38489 38889 39765 40644 41250 41325 41596 42504 42895 44881 ,664297 831273 681753 274865 681749 668576 681777 104217 618380 100900 ,38489 38889 39765 40644 41250 41325 41596 42504 42895 44881 
371167 940593 969187 797736 958301 617877 560793 835221 639473 839560 ,71842 72911 74533 76925 78362 78494 81272 82985 85022 85162 ,371167 940593 969187 797736 958301 617877 560793 835221 639473 839560 ,71842 72911 74533 76925 78362 78494 81272 82985 85022 85162 
529003 258074 87223 351719 341530 497530 16642 240757 658868 433524 ,46033 50531 52239 53232 55457 55818 55971 56491 57414 57550 ,258074 87223 351719 341530 497530 16642 240757 658868 433524 370682 ,50531 52239 53232 55457 55818 55971 56491 57414 57550 57663 
748530 401518 563309 902781 271606 520684 325805 560100 141765 132913 ,59951 73515 76177 77421 78728 79016 82356 82368 84511 85524 ,401518 902781 271606 520684 141765 132913 597670 533565 521569 988910 ,73515 77421 78728 79016 84511 85524 86108 86353 86584 86693 
263668 99554 851429 141887 530441 899098 948267 766398 223888 876280 ,71503 77655 78275 80907 81411 84709 85128 87040 91139 92826 ,263668 99554 851429 141887 530441 899098 948267 766398 223888 876280 ,71503 77655 78275 80907 81411 84709 85128 87040 91139 92826 
69986 22082 151840 709644 17178 264123 515250 863244 599292 979579 ,37966 43543 45631 45696 46258 46370 47033 47721 49893 51144 ,69986 22082 151840 709644 17178 264123 515250 863244 599292 979579 ,37966 43543 45631 45696 46258 46370 47033 47721 49893 51144 
433141 727732 776666 664780 869378 416345 957840 250301 984772 376688 ,56608 56873 58780 60463 68597 69167 69306 71248 72147 72204 ,433141 727732 776666 664780 869378 416345 957840 250301 984772 376688 ,56608 56873 58780 60463 68597 69167 69306 71248 72147 72204 
902150 73132 1468 902586 243105 420546 224349 882973 14120 470857 ,57730 71650 72263 74426 75353 76609 76673 77426 78236 78263 ,902150 73132 1468 902586 243105 420546 224349 882973 14120 470857 ,57730 71650 72263 74426 75353 76609 76673 77426 78236 78263 
731164 366525 738834 130536 393064 249802 548914 20860 960222 108745 ,50649 58437 60130 63278 64833 66240 66998 67146 67374 67659 ,731164 366525 738834 130536 393064 249802 548914 20860 960222 108745 ,50649 58437 60130 63278 64833 66240 66998 67146 67374 67659 
196527 275343 427858 481818 337230 86956 337801 94343 724858 169505 ,52794 52794 58435 62121 66920 67877 68600 70064 70223 71336 ,196527 275343 427858 481818 337230 86956 337801 94343 724858 169505 ,52794 52794 58435 62121 66920 67877 68600 70064 70223 71336 
498256 35442 995881 83230 877165 409018 669429 979174 696112 807685 ,47277 48766 50947 51288 53659 55791 56528 56717 57410 58064 ,498256 35442 995881 83230 877165 409018 669429 979174 696112 807685 ,47277 48766 50947 51288 53659 55791 56528 56717 57410 58064 
431712 782155 710543 796817 359850 363693 83917 195419 59950 781120 ,42462 43910 53165 53327 54823 56675 56848 58012 58045 58165 ,431712 782155 796817 359850 363693 83917 195419 59950 490024 496784 ,42462 43910 53327 54823 56675 56848 58012 58045 58705 59130 
496412 775145 70381 224468 353780 231417 529541 811858 302550 545634 ,62509 62515 66891 68056 68737 68873 69818 71101 72133 76563 ,496412 775145 70381 224468 353780 231417 529541 811858 302550 545634 ,62509 62515 66891 68056 68737 68873 69818 71101 72133 76563 
208798 181324 680464 699679 573037 43493 390355 485305 457896 244324 ,57219 61444 61457 61899 61963 64729 66020 66297 67422 67502 ,208798 181324 680464 699679 573037 43493 390355 485305 457896 244324 ,57219 61444 61457 61899 61963 64729 66020 66297 67422 67502 
877181 480787 975847 167396 499149 772838 958758 158705 94668 630263 ,45398 51042 53028 58242 58795 60346 60896 62206 62228 63206 ,877181 480787 975847 167396 499149 772838 958758 158705 94668 630263 ,45398 51042 53028 58242 58795 60346 60896 62206 62228 63206 
558528 423669 558443 38025 37772 37770 38960 38709 38875 905344 ,7085 9163 9343 9582 9686 9999 10063 10497 10508 10580 ,536109 648223 468861 37895 38817 899577 478176 774551 5950 911507 ,12523 14510 14859 15424 15621 15902 16048 16082 16572 16734 
743254 23586 911218 558744 741148 783853 443611 294702 614906 215847 ,33692 38840 40758 41138 41339 42049 43132 44121 44157 44196 ,743254 23586 911218 741148 783853 443611 294702 614906 215847 159416 ,33692 38840 40758 41339 42049 43132 44121 44157 44196 45234 
682001 60259 517693 284762 764605 614740 810267 720914 585618 563258 ,54564 55858 56088 56416 58281 58761 59855 60504 60710 60889 ,682001 60259 517693 284762 764605 614740 810267 720914 585618 563258 ,54564 55858 56088 56416 58281 58761 59855 60504 60710 60889 
797003 217952 5560 334258 718516 969162 335109 667750 805995 682336 ,51199 51915 58734 58773 60419 60787 61032 61322 61511 62335 ,797003 217952 5560 334258 718516 969162 335109 682336 995715 514491 ,51199 51915 58734 58773 60419 60787 61032 62335 62696 64795 
619240 334119 68880 324337 765226 323474 739770 283188 917420 801537 ,72827 98924 99207 99806 107583 110522 118046 118211 118682 120736 ,619240 334119 68880 324337 765226 323474 739770 283188 917420 801537 ,72827 98924 99207 99806 107583 110522 118046 118211 118682 120736 
291816 776668 595039 10060 563395 895044 541964 363206 130307 959833 ,51066 60175 60614 60784 63659 65808 66149 69146 70401 70561 ,291816 776668 595039 10060 563395 895044 541964 363206 130307 642640 ,51066 60175 60614 60784 63659 65808 66149 69146 70401 71722 
223638 870337 729289 341444 890416 538667 895564 79504 877897 761257 ,120776 124302 150149 150231 151789 152743 154037 154827 157023 158420 ,223638 870337 729289 341444 890416 538667 895564 79504 877897 761257 ,120776 124302 150149 150231 151789 152743 154037 154827 157023 158420 
821073 590669 384968 720199 510267 378028 637742 399956 69418 397486 ,56107 58622 65301 66810 68123 69489 69911 70150 70333 70418 ,821073 590669 510267 399956 69418 397486 678381 598201 589908 702168 ,56107 58622 68123 70150 70333 70418 72006 73182 74518 74593 
761200 812607 48190 170612 187662 875383 265582 565159 245499 494977 ,36284 48321 52940 53529 53555 54599 54658 54717 54729 54783 ,761200 812607 48190 170612 187662 875383 265582 565159 245499 494977 ,36284 48321 52940 53529 53555 54599 54658 54717 54729 54783 
33867 525288 841031 31028 97061 526083 974394 273573 153386 694677 ,63915 68193 72614 73012 77026 77353 79596 79855 81475 82818 ,33867 525288 841031 31028 97061 526083 974394 273573 694677 353152 ,63915 68193 72614 73012 77026 77353 79596 79855 82818 82963 
47663 958984 779296 470622 100547 526589 987975 226208 580028 7772 ,57806 64572 68293 68424 69224 72274 72970 73620 73620 73774 ,958984 779296 100547 526589 987975 580028 226208 7772 803194 990559 ,64572 68293 69224 72274 72970 73620 73620 73774 75252 75716 
175674 342848 470137 106266 171785 938134 184834 416141 271294 64706 ,82350 90039 91228 91948 94153 97061 99533 102064 103271 103591 ,175674 342848 470137 106266 171785 938134 184834 416141 271294 64706 ,82350 90039 91228 91948 94153 97061 99533 102064 103271 103591 
7491 844554 156627 515010 981510 206386 270664 515359 513537 202990 ,41326 44927 48128 50436 52916 53437 53437 53800 54725 55195 ,7491 844554 156627 515010 981510 206386 270664 515359 513537 202990 ,41326 44927 48128 50436 52916 53437 53437 53800 54725 55195 
610514 242223 835818 139384 27952 140966 753362 618111 657715 870239 ,39963 43899 44799 46192 46523 47649 49336 49348 49922 50611 ,610514 242223 835818 139384 27952 140966 753362 618111 657715 870239 ,39963 43899 44799 46192 46523 47649 49336 49348 49922 50611 
523533 524904 696027 437003 389946 242215 384232 406012 465475 819127 ,70803 79762 80686 82298 82612 84046 84473 84650 85075 85704 ,523533 524904 696027 437003 389946 242215 384232 406012 465475 819127 ,70803 79762 80686 82298 82612 84046 84473 84650 85075 85704 
210612 998188 271603 637354 89123 90132 87153 509580 822091 785810 ,41362 49107 53237 53613 56013 56183 56206 56212 56827 57344 ,210612 998188 271603 637354 89123 90132 87153 509580 822091 785810 ,41362 49107 53237 53613 56013 56183 56206 56212 56827 57344 
976824 559703 281378 68938 450433 756768 410557 972532 939984 789960 ,46575 51304 51681 52061 52513 53005 53848 54007 56114 57053 ,976824 559703 281378 68938 450433 756768 410557 972532 939984 789960 ,46575 51304 51681 52061 52513 53005 53848 54007 56114 57053 
322843 551007 258159 413500 216986 88564 482184 225229 613214 106066 ,43941 50766 51736 54066 56141 56160 57103 57123 57759 58406 ,322843 551007 258159 413500 216986 88564 482184 225229 613214 106066 ,43941 50766 51736 54066 56141 56160 57103 57123 57759 58406 
94807 935790 114014 113573 777543 513548 365459 607846 10543 146837 ,54684 56376 69224 70496 75535 77497 78847 78970 79071 79756 ,94807 935790 114014 113573 777543 513548 365459 607846 10543 146837 ,54684 56376 69224 70496 75535 77497 78847 78970 79071 79756 
934511 120159 510715 628155 83375 200924 697169 608699 938333 873793 ,64803 71815 77011 77485 78576 79366 79990 80024 82341 82969 ,934511 120159 510715 628155 83375 200924 697169 608699 938333 873793 ,64803 71815 77011 77485 78576 79366 79990 80024 82341 82969 
764342 883356 33423 491364 350069 522299 522859 819596 231419 639721 ,37993 45405 46768 47371 48849 49156 49542 49783 50007 50820 ,764342 883356 33423 491364 522299 522859 819596 231419 639721 774145 ,37993 45405 46768 47371 49156 49542 49783 50007 50820 50941 
843968 348473 716841 104148 399733 641751 489910 996378 356306 225392 ,56225 58907 59043 60824 62114 64100 64843 65717 65783 65906 ,843968 348473 716841 104148 399733 641751 489910 996378 356306 225392 ,56225 58907 59043 60824 62114 64100 64843 65717 65783 65906 
978375 177465 346200 619319 157436 186977 592180 114611 160844 161589 ,73849 74436 87681 88567 90353 90844 93075 93202 94879 95892 ,978375 177465 346200 619319 157436 186977 592180 114611 160844 161589 ,73849 74436 87681 88567 90353 90844 93075 93202 94879 95892 
957593 882636 950886 815140 58602 776510 114942 484782 821720 206977 ,32063 33255 34177 36048 36326 36377 38096 38349 39516 39759 ,957593 882636 815140 58602 114942 7374 373654 343369 228616 824435 ,32063 33255 36048 36326 38096 39987 41624 41805 43947 44067 
914601 847913 814471 907812 820584 770725 6163 560212 762262 795857 ,22250 27382 27560 27842 28127 28231 28762 28964 30991 32638 ,914601 847913 814471 907812 820584 770725 6163 560212 762262 795857 ,22250 27382 27560 27842 28127 28231 28762 28964 30991 32638 
136554 263175 193362 612260 194070 826219 513916 744348 573855 122915 ,62834 66259 66659 69225 69340 69765 73235 74091 75556 75611 ,136554 263175 193362 612260 194070 826219 513916 744348 573855 34729 ,62834 66259 66659 69225 69340 69765 73235 74091 75556 76408 
153299 633514 246696 468052 569459 210926 799635 84398 65189 502215 ,52824 62584 64728 72649 73208 73602 76094 76596 77359 79863 ,153299 633514 246696 468052 569459 210926 799635 84398 65189 502215 ,52824 62584 64728 72649 73208 73602 76094 76596 77359 79863 
475278 117015 912102 198621 923052 913620 476759 475315 725211 477407 ,44588 47267 49807 50917 52693 54595 54933 55055 56109 56523 ,475278 117015 912102 198621 923052 913620 476759 475315 725211 477407 ,44588 47267 49807 50917 52693 54595 54933 55055 56109 56523 
430202 474848 126129 23615 964981 175284 748814 59598 138890 635949 ,54078 55943 56986 58647 60059 60365 63606 63654 64810 65430 ,430202 474848 126129 23615 964981 175284 748814 59598 138890 635949 ,54078 55943 56986 58647 60059 60365 63606 63654 64810 65430 
807112 560921 451392 161273 723478 241562 214734 842918 70039 509616 ,62423 66385 67672 68559 70996 71726 73297 74268 74460 74751 ,807112 560921 451392 161273 723478 241562 214734 842918 70039 509616 ,62423 66385 67672 68559 70996 71726 73297 74268 74460 74751 
160535 593979 653581 159894 178356 889793 825041 103944 889701 356850 ,21520 23614 26437 26648 28286 29126 29784 30710 32099 32336 ,160535 593979 159894 178356 889793 825041 103944 889701 356850 763405 ,21520 23614 26648 28286 29126 29784 30710 32099 32336 32570 
744151 398678 11289 87467 209790 205897 270175 209530 738395 746815 ,54159 58764 58993 59673 59932 60941 60941 61982 62176 63844 ,744151 398678 11289 87467 209790 270175 205897 209530 738395 746815 ,54159 58764 58993 59673 59932 60941 60941 61982 62176 63844 
106282 367097 208925 230524 392887 830589 719622 470776 157035 214278 ,46087 47381 47972 48129 48630 49367 50800 51719 51984 52355 ,106282 367097 208925 392887 830589 719622 470776 157035 214278 704609 ,46087 47381 47972 48630 49367 50800 51719 51984 52355 52635 
924968 433287 262380 573361 538196 441376 803316 356573 193679 510276 ,50561 60836 63470 63506 65250 65341 66072 66412 66814 66935 ,924968 433287 262380 573361 441376 803316 356573 193679 510276 490882 ,50561 60836 63470 63506 65341 66072 66412 66814 66935 67873 
562041 191485 561222 908441 906857 564079 563997 223692 564008 223884 ,47642 49115 50330 51132 52637 53456 54424 56605 57134 58019 ,562041 191485 561222 908441 906857 564079 563997 223692 564008 223884 ,47642 49115 50330 51132 52637 53456 54424 56605 57134 58019 
510083 289153 247600 19402 843279 907107 906878 230252 948185 182316 ,48376 49743 50077 50547 51390 51727 52391 53202 54207 54295 ,510083 289153 247600 19402 843279 906878 230252 948185 182316 143176 ,48376 49743 50077 50547 51390 52391 53202 54207 54295 54696 
926997 106929 690705 79956 485327 322360 663154 954754 4811 966877 ,66010 67263 67281 67590 67645 67857 68012 69872 71264 72552 ,926997 106929 690705 79956 485327 322360 663154 954754 4811 966877 ,66010 67263 67281 67590 67645 67857 68012 69872 71264 72552 
528265 684620 761581 577064 730177 180978 467716 578092 272861 739183 ,65411 66929 67632 67636 67944 68096 68651 69786 69821 69834 ,528265 684620 761581 577064 730177 180978 467716 578092 272861 739183 ,65411 66929 67632 67636 67944 68096 68651 69786 69821 69834 
577893 704945 70006 687 801741 463272 59110 664484 529804 395062 ,73103 73936 75357 76515 77309 78196 78638 80101 80212 82249 ,577893 704945 70006 687 801741 59110 664484 529804 395062 527261 ,73103 73936 75357 76515 77309 78638 80101 80212 82249 83071 
167790 79319 719433 83222 485099 290041 819060 397270 737377 481204 ,50654 59793 60046 60324 63907 66141 66203 66371 66380 66518 ,167790 79319 719433 83222 485099 290041 819060 397270 737377 481204 ,50654 59793 60046 60324 63907 66141 66203 66371 66380 66518 
763944 468601 798633 29593 805039 917912 176621 353013 381641 956035 ,73445 73626 76583 76649 78045 78612 79421 79457 80852 81111 ,763944 468601 798633 29593 805039 917912 176621 353013 381641 956035 ,73445 73626 76583 76649 78045 78612 79421 79457 80852 81111 
558871 887616 898576 513920 128381 933921 588387 170708 331722 732105 ,143854 144683 145096 145251 145824 149324 149627 153403 155519 159978 ,558871 887616 898576 513920 128381 933921 588387 170708 331722 732105 ,143854 144683 145096 145251 145824 149324 149627 153403 155519 159978 
426415 435036 288034 686737 96475 261706 698901 325856 160840 24334 ,72568 73264 73550 75843 76950 77540 78122 79846 79858 80035 ,426415 435036 288034 686737 261706 698901 325856 160840 24334 424545 ,72568 73264 73550 75843 77540 78122 79846 79858 80035 80038 
663045 172105 32190 134766 31509 256466 84582 134793 956073 587311 ,66586 67036 67293 72369 73307 74300 74658 77067 78553 78573 ,663045 172105 32190 134766 31509 84582 134793 956073 587311 357512 ,66586 67036 67293 72369 73307 74658 77067 78553 78573 78936 
685540 271554 542987 628736 651574 285113 373787 625757 703510 169785 ,88193 92048 96214 96535 98321 99406 102086 102450 102617 103186 ,685540 271554 542987 628736 651574 285113 373787 625757 703510 169785 ,88193 92048 96214 96535 98321 99406 102086 102450 102617 103186 
422138 467278 807848 686836 558468 537798 62393 907771 686298 706817 ,14031 16347 17444 25902 26594 26752 28707 28781 29096 30041 ,422138 807848 558468 907771 686298 546338 905286 795877 478159 770164 ,14031 17444 26594 28781 29096 30316 31122 33138 33354 33693 
341948 86123 535552 320901 957304 887125 845797 230682 386699 812437 ,53017 54549 54943 56134 59411 61998 62307 62674 62738 62955 ,341948 86123 535552 320901 957304 887125 845797 230682 386699 812437 ,53017 54549 54943 56134 59411 61998 62307 62674 62738 62955 
779083 779019 778916 685140 556944 770184 685735 778858 799864 871146 ,23648 25575 28661 30110 31504 31956 33410 33504 33561 34089 ,685735 688541 38965 537027 537694 37722 559475 768170 481687 809900 ,33410 35192 38887 40925 41559 42606 42632 43739 44823 45379 
711339 248291 580735 953848 238185 732352 54256 801353 70236 387097 ,58215 78219 78559 80137 81406 82424 84952 85748 86875 87490 ,711339 248291 580735 953848 238185 732352 54256 70236 387097 386820 ,58215 78219 78559 80137 81406 82424 84952 86875 87490 88084 
822700 579291 267950 414799 958706 561942 959357 596667 687155 80315 ,62974 63967 68756 71603 72833 73692 74087 74829 76534 77445 ,822700 579291 267950 414799 958706 561942 959357 596667 687155 80315 ,62974 63967 68756 71603 72833 73692 74087 74829 76534 77445 
274498 894084 894897 32804 314000 982087 624576 251970 687719 646294 ,55634 55812 59296 71107 71236 71857 73949 74165 74858 75281 ,274498 894084 894897 32804 314000 982087 624576 251970 687719 646294 ,55634 55812 59296 71107 71236 71857 73949 74165 74858 75281 
793605 215995 228895 735401 120586 664509 562118 577445 236533 412228 ,47844 50219 51687 54302 55951 56583 59656 60423 61006 62231 ,793605 215995 228895 735401 120586 664509 562118 577445 236533 412228 ,47844 50219 51687 54302 55951 56583 59656 60423 61006 62231 
586504 862611 425504 326371 292682 316887 309324 575554 684296 347757 ,63335 81156 85018 85898 86680 86745 86989 87294 87382 87670 ,586504 862611 425504 326371 292682 316887 309324 575554 684296 347757 ,63335 81156 85018 85898 86680 86745 86989 87294 87382 87670 
911530 293631 982708 923994 81735 868842 380584 110975 191248 187502 ,72423 74402 79234 80409 81722 83544 84583 84978 85825 86942 ,911530 293631 982708 923994 81735 868842 380584 110975 191248 187502 ,72423 74402 79234 80409 81722 83544 84583 84978 85825 86942 
278897 281895 247180 278910 570139 225424 881921 915686 624574 43127 ,49814 52679 53708 57259 57971 59891 60469 61606 61901 62438 ,278897 281895 247180 278910 570139 225424 881921 915686 624574 43127 ,49814 52679 53708 57259 57971 59891 60469 61606 61901 62438 
822132 980882 279228 305556 497826 961924 62545 982327 4473 797434 ,61366 71288 71493 75507 77461 78572 81805 82583 82879 82883 ,822132 980882 279228 305556 497826 961924 62545 982327 4473 797434 ,61366 71288 71493 75507 77461 78572 81805 82583 82879 82883 
736020 668096 264884 801534 482700 628334 868842 105674 266497 116754 ,89636 94459 97264 98286 98754 98758 99214 100154 100209 100347 ,736020 668096 264884 801534 482700 628334 868842 105674 266497 116754 ,89636 94459 97264 98286 98754 98758 99214 100154 100209 100347 
844991 776246 21635 711630 128532 195010 98532 695399 484012 362065 ,68163 70522 71641 73544 76849 76935 77872 77946 78063 78545 ,844991 776246 21635 711630 128532 195010 98532 484012 960954 381483 ,68163 70522 71641 73544 76849 76935 77872 78063 79162 79307 
182827 10747 827581 978134 890304 884386 148224 226838 965521 784323 ,50267 52620 52768 53573 55857 56219 58175 59961 60242 60527 ,10747 827581 978134 890304 884386 148224 226838 965521 784323 252395 ,52620 52768 53573 55857 56219 58175 59961 60242 60527 60741 
392825 91115 267373 753029 940586 247216 933193 295968 131340 680844 ,65953 70035 73866 74908 75538 80274 81287 81476 82216 83082 ,392825 91115 267373 753029 940586 247216 933193 295968 680844 484912 ,65953 70035 73866 74908 75538 80274 81287 81476 83082 84441 
116311 323689 730679 694973 434845 63740 465579 732408 715458 434825 ,41014 42682 47808 47940 48345 48814 49063 49218 49681 49895 ,572448 430227 646139 458262 948697 1234 548741 308122 276223 634376 ,56823 57186 58729 62192 63724 64110 64349 65033 65442 65987 
512049 231240 632657 325821 623261 69176 391064 553008 325197 595371 ,54138 54535 54746 56290 57124 57206 57374 57556 57896 57906 ,391064 553008 595371 454371 694258 754594 342020 701228 156538 632736 ,57374 57556 57906 58618 59039 59379 59620 60144 60615 61252 
42464 913027 231747 361195 625289 247927 478370 991521 405274 735884 ,55885 62521 63628 65163 66047 66847 67127 68349 70164 70938 ,42464 913027 231747 361195 625289 247927 478370 991521 405274 735884 ,55885 62521 63628 65163 66047 66847 67127 68349 70164 70938 
140554 420658 792173 822748 553050 868359 719815 204205 125688 129934 ,68319 71017 72753 72912 72962 73917 74101 74166 75323 75907 ,140554 420658 792173 822748 553050 868359 719815 204205 125688 129934 ,68319 71017 72753 72912 72962 73917 74101 74166 75323 75907 
661486 467931 232811 736586 621581 915316 282336 789357 353465 613616 ,119931 120735 129039 151731 151736 152786 159366 159607 160551 162158 ,661486 467931 232811 736586 621581 915316 282336 789357 353465 613616 ,119931 120735 129039 151731 151736 152786 159366 159607 160551 162158 
750376 150126 749492 746828 149589 166034 603950 727942 972522 996673 ,60165 63645 65335 65410 66877 67207 67861 68480 68780 68814 ,750376 150126 749492 149589 166034 603950 727942 972522 996673 48717 ,60165 63645 65335 66877 67207 67861 68480 68780 68814 70345 
224669 946586 763159 32622 326017 692714 33262 285408 264435 584542 ,85110 94600 95336 96187 98662 98904 100587 100820 101667 101841 ,224669 946586 763159 32622 326017 692714 33262 285408 264435 584542 ,85110 94600 95336 96187 98662 98904 100587 100820 101667 101841 
890007 703195 889959 521977 218250 963938 247761 178996 501350 298972 ,57947 62946 63196 63822 72503 74084 76185 76522 76841 78182 ,890007 703195 889959 218250 963938 247761 178996 501350 298972 403599 ,57947 62946 63196 72503 74084 76185 76522 76841 78182 78808 
80315 561243 318800 267950 985188 44980 803934 2492 968873 62798 ,84047 117514 117644 120342 124882 127151 127486 129727 133985 135080 ,80315 561243 318800 267950 985188 44980 803934 2492 968873 62798 ,84047 117514 117644 120342 124882 127151 127486 129727 133985 135080 
883989 635147 669430 372471 498450 171071 930041 64931 299109 111796 ,68105 68250 68826 69861 70727 71536 71698 71789 73125 73162 ,883989 635147 669430 372471 171071 930041 64931 299109 704575 365796 ,68105 68250 68826 69861 71536 71698 71789 73125 73487 74091 
699806 386729 292428 107007 863011 908225 563353 316278 284539 501085 ,81376 83908 85742 86428 87449 88017 88024 92610 94826 94855 ,699806 386729 292428 107007 863011 908225 563353 316278 284539 501085 ,81376 83908 85742 86428 87449 88017 88024 92610 94826 94855 
78261 566084 109006 551117 163012 366760 582041 793618 506118 115047 ,82006 83584 83837 85590 92224 92752 92968 94090 98162 101385 ,78261 566084 109006 551117 366760 793618 506118 115047 691701 126244 ,82006 83584 83837 85590 92752 94090 98162 101385 101587 101637 
308002 436552 284691 481090 950535 435393 582411 33290 595487 324731 ,74195 76753 79574 82238 83268 83385 83971 84343 84724 85074 ,308002 436552 284691 481090 950535 435393 582411 33290 324731 907041 ,74195 76753 79574 82238 83268 83385 83971 84343 85074 85575 
432985 692171 436309 432160 129269 253890 809019 838975 243330 511691 ,58695 61235 65023 65251 65592 66906 67350 67914 68176 68675 ,432985 692171 436309 432160 129269 253890 809019 838975 243330 511691 ,58695 61235 65023 65251 65592 66906 67350 67914 68176 68675 
450802 337230 698091 598087 677836 131736 156891 830084 464860 806500 ,44911 46410 47797 47950 48842 49127 49390 50236 50366 51012 ,450802 337230 698091 598087 677836 131736 156891 830084 464860 806500 ,44911 46410 47797 47950 48842 49127 49390 50236 50366 51012 
833597 729698 483238 770632 583852 291770 991565 945837 95375 387013 ,83772 91053 91057 91979 92367 94422 94545 94901 95640 95890 ,833597 729698 483238 770632 583852 291770 991565 945837 95375 387013 ,83772 91053 91057 91979 92367 94422 94545 94901 95640 95890 
173087 577473 666230 736357 783150 525916 512832 844426 941609 800953 ,77159 79558 80638 81166 81863 82863 83712 83856 84199 84264 ,173087 577473 666230 736357 783150 525916 512832 844426 941609 800953 ,77159 79558 80638 81166 81863 82863 83712 83856 84199 84264 
895588 185212 439273 274902 731806 484913 543119 928696 154729 975010 ,79536 81660 82035 82832 84999 85184 85945 85969 86814 87545 ,895588 185212 439273 274902 731806 484913 543119 928696 154729 189423 ,79536 81660 82035 82832 84999 85184 85945 85969 86814 87602 
479748 423813 52689 373391 698884 540216 907744 770024 899299 642524 ,43629 56319 67583 71495 73195 81403 81889 84242 86694 87846 ,479748 423813 52689 373391 698884 540216 907744 770024 899299 642524 ,43629 56319 67583 71495 73195 81403 81889 84242 86694 87846 
621828 137696 179823 360048 569425 284514 388884 935333 715997 148990 ,48916 58498 62465 65353 67670 67848 68543 70593 71020 73000 ,621828 137696 179823 360048 569425 284514 388884 935333 715997 148990 ,48916 58498 62465 65353 67670 67848 68543 70593 71020 73000 
745539 361239 961021 918648 413408 207386 136884 949719 214198 668610 ,58600 67013 76760 78567 80290 80737 81076 84227 91647 92448 ,745539 361239 961021 918648 413408 136884 949719 214198 668610 133236 ,58600 67013 76760 78567 80290 81076 84227 91647 92448 93777 
975035 975507 638229 942004 848893 45930 819416 554247 484214 403575 ,40748 42004 42561 43121 43768 45900 46882 46964 47800 48286 ,975035 975507 638229 942004 848893 45930 819416 554247 484214 403575 ,40748 42004 42561 43121 43768 45900 46882 46964 47800 48286 
888605 527764 92975 744295 209000 139073 912966 131491 535849 814048 ,87233 90611 93190 94513 95063 95847 98531 99424 100100 100526 ,888605 527764 92975 744295 209000 139073 912966 131491 535849 814048 ,87233 90611 93190 94513 95063 95847 98531 99424 100100 100526 
185231 806330 391254 69350 877034 730998 432284 682037 202127 798564 ,65110 65849 67822 67853 67890 68694 68952 69061 70080 70514 ,185231 806330 69350 730998 682037 202127 798564 435509 94499 110920 ,65110 65849 67853 68694 69061 70080 70514 70680 70721 70774 
348000 140181 946203 819404 328928 620645 270139 629469 197233 871567 ,92588 96489 104594 107772 108983 112190 114699 115079 116497 118015 ,348000 140181 946203 819404 328928 620645 270139 629469 197233 871567 ,92588 96489 104594 107772 108983 112190 114699 115079 116497 118015 
983296 12966 416662 98801 967110 439050 840781 199069 134627 966746 ,40199 45735 46454 47849 49130 50177 52068 52438 52991 53319 ,983296 12966 416662 98801 840781 199069 134627 966746 631976 207946 ,40199 45735 46454 47849 52068 52438 52991 53319 53356 53521 
695743 481219 306404 744102 351703 738502 480867 695048 740176 464788 ,51290 52865 54667 54903 55635 56197 56695 56750 59450 59500 ,695743 481219 306404 744102 351703 738502 480867 695048 740176 464788 ,51290 52865 54667 54903 55635 56197 56695 56750 59450 59500 
498444 572936 572991 958101 594319 731341 318546 895419 751237 785006 ,59513 61069 61953 62005 62499 64780 65789 66529 66885 67228 ,498444 572936 572991 958101 594319 731341 318546 895419 751237 785006 ,59513 61069 61953 62005 62499 64780 65789 66529 66885 67228 
210539 84323 181807 864884 74564 892302 339115 570906 516770 287177 ,50283 55684 56999 57173 60317 61603 62557 64241 64728 64872 ,84323 181807 864884 74564 892302 339115 570906 516770 287177 253821 ,55684 56999 57173 60317 61603 62557 64241 64728 64872 65506 
262661 318248 391586 309040 21229 813509 236350 851253 620681 285199 ,90823 96225 101733 101940 104239 106172 106392 107916 108241 109988 ,262661 318248 391586 309040 21229 813509 236350 851253 620681 285199 ,90823 96225 101733 101940 104239 106172 106392 107916 108241 109988 
408104 625355 757213 625350 728190 230591 909738 163078 142512 73042 ,88862 90190 97023 100289 104390 104919 105068 105411 105744 106293 ,408104 625355 757213 625350 728190 230591 909738 163078 142512 73042 ,88862 90190 97023 100289 104390 104919 105068 105411 105744 106293 
180780 453532 466123 958686 20755 519456 511548 229270 734658 965595 ,54022 75573 78543 80847 83161 83476 86460 86505 86940 88046 ,180780 453532 466123 958686 20755 519456 511548 229270 734658 965595 ,54022 75573 78543 80847 83161 83476 86460 86505 86940 88046 
929681 930001 354714 460787 471969 362163 955902 335295 980692 753076 ,66969 70079 70176 70719 72679 72977 74933 75072 75134 76104 ,929681 930001 354714 460787 471969 362163 955902 335295 980692 753076 ,66969 70079 70176 70719 72679 72977 74933 75072 75134 76104 
197829 276645 118467 465303 943521 416143 964131 376707 508665 964661 ,52763 52763 53662 54713 54805 57600 58238 58559 59400 60494 ,465303 943521 416143 96065 608101 681126 528142 643385 475535 455058 ,54713 54805 57600 68365 70878 71022 72055 73556 74512 74636 
886398 197856 183845 985632 381414 11367 915617 49984 996994 858157 ,45879 51423 51499 52614 53101 54987 57181 57444 57444 57764 ,886398 197856 183845 985632 381414 11367 915617 49984 996994 858157 ,45879 51423 51499 52614 53101 54987 57181 57444 57444 57764 
34477 887517 244571 792288 143165 970404 373800 29785 780650 941188 ,80846 85014 96376 96508 96717 99065 100011 101837 102802 102992 ,34477 887517 244571 792288 143165 970404 373800 29785 780650 941188 ,80846 85014 96376 96508 96717 99065 100011 101837 102802 102992 
90331 778956 126099 146168 316837 742114 968417 460057 145365 800582 ,70794 73349 73854 75410 76057 76706 76902 76955 78421 78656 ,90331 778956 126099 146168 316837 742114 968417 460057 800582 522347 ,70794 73349 73854 75410 76057 76706 76902 76955 78656 79765 
490582 440516 286516 353006 21588 115182 181535 181499 268007 862 ,71852 73218 79987 80573 82801 82892 82892 83468 84886 85210 ,490582 286516 353006 21588 181535 115182 181499 268007 862 237773 ,71852 79987 80573 82801 82892 82892 83468 84886 85210 85298 
541923 263012 541935 254247 92672 522147 609204 997634 402558 766840 ,50352 52795 53450 55403 57222 62366 64041 64738 64924 65126 ,541923 263012 541935 254247 92672 522147 609204 997634 402558 766840 ,50352 52795 53450 55403 57222 62366 64041 64738 64924 65126 
400966 401199 198559 629431 871842 432173 479608 615536 984691 965931 ,51587 53248 57327 60008 61257 62454 62622 62747 62914 63268 ,400966 401199 198559 629431 871842 432173 479608 615536 984691 965931 ,51587 53248 57327 60008 61257 62454 62622 62747 62914 63268 
459836 66543 198200 627990 67742 843244 572901 596941 620771 514701 ,88321 88372 88768 94511 94528 95257 95790 96041 96240 96342 ,459836 66543 198200 627990 67742 843244 572901 596941 620771 514701 ,88321 88372 88768 94511 94528 95257 95790 96041 96240 96342 
137582 266861 570523 541835 646234 744716 186832 543231 395105 679287 ,55000 60233 61384 61651 64115 65006 65727 66444 66832 67131 ,137582 266861 570523 541835 646234 744716 186832 543231 395105 679287 ,55000 60233 61384 61651 64115 65006 65727 66444 66832 67131 
867958 727022 903795 187851 895480 894898 80641 738159 963095 631282 ,49659 52231 54596 55077 58706 62239 62625 63026 63968 64301 ,867958 727022 903795 187851 895480 894898 80641 738159 963095 631282 ,49659 52231 54596 55077 58706 62239 62625 63026 63968 64301 
281244 267889 955708 448885 955694 535802 698282 514034 605926 639590 ,60093 63694 69326 69846 70075 74869 77031 78573 80227 81142 ,267889 448885 955694 535802 605926 92922 497802 311208 934184 651387 ,63694 69846 70075 74869 80227 85878 91797 92103 94868 94915 
692436 325799 371910 366551 326870 710191 692150 340134 904272 395822 ,60172 62835 63127 65887 70659 71773 74108 74347 74922 75397 ,692436 325799 371910 366551 326870 710191 692150 340134 904272 395822 ,60172 62835 63127 65887 70659 71773 74108 74347 74922 75397 
615735 224499 10068 559796 659488 224225 570190 923160 14302 837284 ,36058 36644 39909 40372 40607 40850 42143 43024 43956 44080 ,615735 224499 10068 559796 659488 224225 923160 14302 837284 13789 ,36058 36644 39909 40372 40607 40850 43024 43956 44080 44464 
58002 883120 474489 376759 849616 13086 265300 703274 867740 906156 ,39486 41298 43667 44550 44562 46086 46892 47069 47482 47627 ,58002 883120 474489 376759 849616 13086 265300 703274 867740 906156 ,39486 41298 43667 44550 44562 46086 46892 47069 47482 47627 
212872 608421 100792 10589 347180 617419 867996 554773 833597 680843 ,60709 84400 93458 97282 99154 100155 107488 109111 109775 110462 ,212872 608421 100792 10589 347180 617419 867996 554773 833597 680843 ,60709 84400 93458 97282 99154 100155 107488 109111 109775 110462 
455629 74598 73438 706393 681422 225483 63670 243306 798717 844596 ,46144 46283 48227 49307 50436 51708 53691 54188 54429 54945 ,455629 74598 706393 681422 225483 63670 243306 798717 844596 682703 ,46144 46283 49307 50436 51708 53691 54188 54429 54945 56106 
877820 878116 381458 684895 735116 838923 574288 913939 126730 17117 ,37786 38429 38643 39014 40213 41731 41771 41816 42196 42250 ,877820 878116 381458 684895 735116 838923 574288 913939 126730 17117 ,37786 38429 38643 39014 40213 41731 41771 41816 42196 42250 
376760 840902 85639 280563 127712 937187 258970 726457 106439 923740 ,51781 55699 57772 58138 59107 59634 60055 60079 60103 61095 ,840902 85639 280563 127712 937187 258970 106439 923740 106697 795111 ,55699 57772 58138 59107 59634 60055 60103 61095 61190 61851 
514702 742001 741612 529322 452534 533221 452334 262880 514193 14271 ,39129 43545 44535 47122 47969 48022 48286 49026 49165 49320 ,514702 742001 741612 529322 452534 533221 262880 514193 14271 15737 ,39129 43545 44535 47122 47969 48022 49026 49165 49320 49420 
250501 459435 187943 826727 879087 141692 956767 630997 956423 750056 ,68014 68260 72216 79022 79306 79840 80065 80389 80445 80881 ,250501 459435 187943 826727 879087 141692 956767 956423 750056 187422 ,68014 68260 72216 79022 79306 79840 80065 80445 80881 81332 
205322 684522 547713 738815 381931 510775 265130 449605 117385 194764 ,76820 81341 82067 83973 85013 85331 86592 86622 87592 87607 ,205322 547713 738815 381931 510775 265130 449605 117385 194764 572756 ,76820 82067 83973 85013 85331 86592 86622 87592 87607 88007 
397958 869743 627783 861718 543456 10433 899288 796826 972520 59455 ,44704 46470 52452 52692 57572 57597 57886 58066 58883 58980 ,397958 869743 627783 861718 543456 10433 899288 796826 972520 59455 ,44704 46470 52452 52692 57572 57597 57886 58066 58883 58980 
634442 887287 399034 707478 876201 393685 885797 198182 185872 253540 ,103839 106844 110096 110137 110743 112946 113276 114416 117601 119436 ,634442 887287 399034 707478 876201 393685 885797 198182 185872 253540 ,103839 106844 110096 110137 110743 112946 113276 114416 117601 119436 
223719 736819 872622 668095 666642 705582 919415 670241 213489 260638 ,51489 52566 54930 55711 56847 59681 59889 60638 61117 61276 ,223719 736819 872622 668095 666642 705582 919415 670241 213489 260638 ,51489 52566 54930 55711 56847 59681 59889 60638 61117 61276 
595867 16367 268523 915914 40372 346855 417404 569698 71801 886949 ,63778 74920 75826 76023 77909 83087 83866 86329 86962 87207 ,595867 16367 268523 915914 40372 346855 417404 569698 71801 886949 ,63778 74920 75826 76023 77909 83087 83866 86329 86962 87207 
953806 847173 825043 53052 143146 121033 75543 488678 884013 661413 ,39826 40917 42316 42392 42960 43316 43971 44136 44307 45277 ,953806 847173 825043 53052 143146 121033 75543 488678 884013 661413 ,39826 40917 42316 42392 42960 43316 43971 44136 44307 45277 
844286 745522 321948 822980 94181 96783 546223 808176 818874 102377 ,60561 66683 67126 67620 69040 70621 71229 73400 73653 74018 ,844286 745522 321948 822980 94181 96783 546223 808176 818874 102377 ,60561 66683 67126 67620 69040 70621 71229 73400 73653 74018 
963987 395831 679222 810802 728853 794102 188725 273146 560968 551153 ,60070 60748 62626 62979 63937 63955 64128 65274 65450 65791 ,963987 395831 679222 810802 728853 794102 188725 273146 560968 551153 ,60070 60748 62626 62979 63937 63955 64128 65274 65450 65791 
233215 74547 166546 632906 804732 66611 62557 907976 929231 233859 ,43782 44699 49104 49393 49395 49457 50428 50829 51524 51985 ,233215 74547 166546 632906 804732 66611 62557 907976 929231 233859 ,43782 44699 49104 49393 49395 49457 50428 50829 51524 51985 
205296 457670 740221 286363 704069 942265 166300 720837 514445 120008 ,66891 70743 77642 77801 77836 78159 78164 79774 80144 80300 ,205296 740221 286363 704069 942265 166300 720837 514445 120008 463689 ,66891 77642 77801 77836 78159 78164 79774 80144 80300 81240 
64109 227010 242157 898506 268484 519699 706912 771426 337069 230753 ,77828 87716 87791 89865 92340 94527 96753 97280 101638 102159 ,64109 227010 242157 898506 268484 519699 706912 771426 337069 230753 ,77828 87716 87791 89865 92340 94527 96753 97280 101638 102159 
83049 732077 696081 254360 699420 971001 859563 593894 85379 87672 ,64557 66974 68677 68993 70787 71075 71290 71684 72451 73505 ,83049 732077 696081 254360 699420 971001 859563 593894 85379 87672 ,64557 66974 68677 68993 70787 71075 71290 71684 72451 73505 
689361 273545 287567 941872 870301 679194 15558 956145 398903 128847 ,112987 116503 122030 122304 131073 131859 132108 132441 134594 135813 ,689361 273545 287567 941872 870301 679194 15558 956145 398903 128847 ,112987 116503 122030 122304 131073 131859 132108 132441 134594 135813 
739560 695755 174177 100575 457261 735388 752367 899129 181703 759933 ,51572 59516 60791 61289 61558 61700 61723 62134 63312 63552 ,739560 695755 174177 100575 457261 735388 752367 899129 181703 759933 ,51572 59516 60791 61289 61558 61700 61723 62134 63312 63552 
972038 440276 964149 778550 399467 604726 44761 632500 275339 503628 ,54447 60649 64304 64429 65670 65875 66217 68011 68240 68910 ,972038 440276 964149 778550 399467 604726 44761 632500 275339 503628 ,54447 60649 64304 64429 65670 65875 66217 68011 68240 68910 
577093 762074 823749 865410 565476 224462 483187 795317 226615 574160 ,70338 73288 75079 75423 75475 77672 78875 79949 80062 80605 ,577093 762074 823749 865410 565476 224462 483187 226615 574160 244804 ,70338 73288 75079 75423 75475 77672 78875 80062 80605 81775 
15135 15388 13415 12990 517639 426218 249235 283200 398777 680820 ,3949 11941 20391 43580 45449 46241 47613 48055 49347 49739 ,15135 15388 13415 12990 517639 249235 283200 398777 680820 425820 ,3949 11941 20391 43580 45449 47613 48055 49347 49739 50333 
753372 99697 108 556402 591332 35431 376554 861897 703885 198064 ,71940 85534 87987 89131 89373 90661 91318 92418 93190 93241 ,753372 99697 108 556402 591332 35431 376554 861897 703885 198064 ,71940 85534 87987 89131 89373 90661 91318 92418 93190 93241 
81731 113568 564327 160171 404275 257980 293103 316383 172144 872253 ,56071 62264 67074 68386 70503 71669 71689 72171 73067 74154 ,81731 113568 564327 160171 404275 257980 293103 316383 172144 872253 ,56071 62264 67074 68386 70503 71669 71689 72171 73067 74154 
355480 128312 76518 170354 220878 500595 723061 432643 12641 415744 ,82780 84965 88254 88762 88811 90473 92499 93798 93937 95150 ,355480 128312 76518 170354 220878 500595 723061 432643 12641 415744 ,82780 84965 88254 88762 88811 90473 92499 93798 93937 95150 
663446 758896 749444 900469 836240 595624 595328 391110 16382 605530 ,48156 53632 55414 57345 57374 57709 62407 62729 63086 63103 ,663446 758896 749444 900469 595624 391110 16382 3125 3356 713020 ,48156 53632 55414 57345 57709 62729 63086 63432 63726 64548 
595476 169650 931623 861070 201396 20651 848046 597082 895825 111673 ,59284 66096 70060 70588 72201 73097 73228 73340 73842 73907 ,595476 169650 861070 201396 20651 848046 597082 895825 111673 140406 ,59284 66096 70588 72201 73097 73228 73340 73842 73907 74019 
128864 741367 659723 278125 604524 849884 332914 840094 112915 731717 ,104003 112814 117479 118246 118973 119744 120487 121209 121241 121810 ,128864 741367 659723 278125 604524 849884 332914 840094 112915 731717 ,104003 112814 117479 118246 118973 119744 120487 121209 121241 121810 
171696 19190 13647 205398 986249 748252 261244 842683 15121 989088 ,73777 80889 89028 89776 90327 90371 91379 95592 96771 97411 ,171696 19190 13647 205398 986249 748252 261244 842683 15121 989088 ,73777 80889 89028 89776 90327 90371 91379 95592 96771 97411 
989268 919037 147396 781391 498714 963588 661710 913121 430107 971563 ,44404 56723 59128 60068 60523 61518 62003 63423 63582 63999 ,989268 919037 147396 781391 498714 963588 661710 913121 430107 971563 ,44404 56723 59128 60068 60523 61518 62003 63423 63582 63999 
532636 925543 129404 722635 684229 462726 125714 466856 208836 30446 ,42219 43826 46049 52430 52722 52918 53223 53779 54592 56251 ,532636 925543 129404 722635 684229 462726 125714 466856 208836 30446 ,42219 43826 46049 52430 52722 52918 53223 53779 54592 56251 
485612 700384 504190 157787 801273 270664 671094 561169 12505 122605 ,54220 56115 60519 60539 63190 64058 65134 65378 65399 65488 ,485612 700384 504190 157787 801273 270664 671094 561169 12505 122605 ,54220 56115 60519 60539 63190 64058 65134 65378 65399 65488 
13660 122277 313933 94066 488889 514196 550312 551683 269696 635558 ,21075 50397 51249 52535 52894 57074 57969 58291 58730 59021 ,122277 313933 94066 514196 550312 551683 269696 635558 596415 515 ,50397 51249 52535 57074 57969 58291 58730 59021 59247 59443 
266518 73811 615065 32136 889459 302092 10686 854575 821116 959150 ,89265 96942 97451 97894 99097 100042 100745 101047 101641 102709 ,266518 73811 615065 32136 889459 302092 10686 854575 821116 959150 ,89265 96942 97451 97894 99097 100042 100745 101047 101641 102709 
15900 15224 718886 554920 14932 718510 555028 667851 656422 13322 ,9272 18490 20793 21339 23806 24714 26651 26945 27786 27851 ,15900 554920 667851 513472 671383 720427 430036 842083 834728 719282 ,9272 21339 26945 30970 32990 33033 33698 33983 34920 35697 
278954 279513 262030 503895 230415 292134 292229 339114 305431 452228 ,20441 22794 25452 25763 26135 27082 29052 30137 30287 30920 ,278954 279513 262030 503895 230415 292134 292229 339114 305431 452228 ,20441 22794 25452 25763 26135 27082 29052 30137 30287 30920 
967827 620422 73600 94265 968483 975424 821438 245429 851634 930090 ,96464 101422 101511 105873 106123 110136 110655 113503 114784 114909 ,967827 620422 73600 94265 968483 975424 821438 245429 851634 930090 ,96464 101422 101511 105873 106123 110136 110655 113503 114784 114909 
16949 18182 313757 823936 901349 755401 37450 44889 343001 250823 ,19846 31964 33239 34265 34684 35585 36760 37413 37862 38228 ,16949 18182 313757 823936 901349 755401 37450 44889 343001 250823 ,19846 31964 33239 34265 34684 35585 36760 37413 37862 38228 
253206 82434 70116 983350 243825 331 304992 736573 30791 485195 ,73677 77805 78892 80501 80948 81173 84183 90277 90671 91104 ,253206 82434 70116 983350 243825 331 304992 736573 30791 485195 ,73677 77805 78892 80501 80948 81173 84183 90277 90671 91104 
844212 539737 209842 869713 725447 497472 391453 404132 628248 223928 ,31354 40870 41329 43052 43590 43927 44319 44378 45487 45738 ,844212 539737 209842 869713 725447 497472 391453 404132 628248 223928 ,31354 40870 41329 43052 43590 43927 44319 44378 45487 45738 
489130 486208 432050 237971 490523 200523 264942 60486 487696 820992 ,39376 40222 43134 45660 45966 46669 47413 48149 49187 49392 ,489130 486208 432050 237971 490523 200523 264942 60486 487696 299868 ,39376 40222 43134 45660 45966 46669 47413 48149 49187 50026 
21786 21289 548489 731358 519512 797949 765903 834700 634133 783520 ,46278 53580 55662 56239 56685 56968 57809 57817 58515 58553 ,21786 548489 731358 519512 797949 765903 834700 634133 783520 527149 ,46278 55662 56239 56685 56968 57809 57817 58515 58553 59321 
635099 174734 603457 662613 132396 155032 451945 71142 685228 755607 ,45730 51870 58159 60396 60408 60633 61282 61558 63390 63458 ,174734 603457 662613 132396 155032 451945 71142 685228 755607 24684 ,51870 58159 60396 60408 60633 61282 61558 63390 63458 63625 
548158 200203 560942 705453 14839 842160 905442 987053 207435 739784 ,48431 51090 51739 52454 52586 53638 55173 55887 56443 57764 ,548158 200203 560942 705453 14839 842160 905442 987053 207435 739784 ,48431 51090 51739 52454 52586 53638 55173 55887 56443 57764 
91707 205497 269775 890377 883181 16979 955483 941816 947807 669023 ,37912 41698 41698 42385 44566 45183 45496 45506 45712 46329 ,91707 205497 269775 890377 883181 16979 955483 941816 947807 669023 ,37912 41698 41698 42385 44566 45183 45496 45506 45712 46329 
684128 754255 525613 484774 273647 79600 510770 953961 724693 208445 ,58557 59322 60772 63649 63654 65260 66153 67082 68857 68881 ,684128 754255 525613 484774 273647 79600 510770 953961 724693 208445 ,58557 59322 60772 63649 63654 65260 66153 67082 68857 68881 
608192 603737 867835 878543 744492 124917 491460 656 89942 529767 ,43244 43323 46099 49831 51716 52464 52630 52953 53576 53699 ,608192 603737 867835 878543 124917 491460 656 89942 529767 96177 ,43244 43323 46099 49831 52464 52630 52953 53576 53699 54087 
204213 265692 481268 2676 836813 67360 598371 844814 111602 229153 ,51199 56566 58410 65070 68225 69169 69272 70397 71116 73404 ,204213 265692 481268 2676 836813 67360 598371 844814 111602 229153 ,51199 56566 58410 65070 68225 69169 69272 70397 71116 73404 
180808 242438 1294 501431 128033 628748 60825 618425 137758 453663 ,32811 41136 46582 47508 48578 50526 50619 50724 50886 51153 ,180808 242438 1294 501431 128033 628748 60825 618425 137758 453663 ,32811 41136 46582 47508 48578 50526 50619 50724 50886 51153 
342930 93363 954491 748117 682836 987075 62097 500636 916035 286371 ,51003 51268 54985 59507 60789 60815 61255 62693 63213 63320 ,342930 93363 954491 748117 682836 987075 62097 500636 916035 286371 ,51003 51268 54985 59507 60789 60815 61255 62693 63213 63320 
677913 727053 215607 481741 539526 361877 329817 887269 955296 919541 ,62097 63951 64004 65846 66480 68452 70669 72315 72607 72696 ,677913 727053 215607 481741 539526 361877 329817 887269 955296 919541 ,62097 63951 64004 65846 66480 68452 70669 72315 72607 72696 
352261 81230 322907 392306 859963 392324 322463 322588 526815 153676 ,44442 44591 49477 51406 53438 54030 54738 55224 56418 56860 ,352261 81230 322907 392306 859963 392324 322463 322588 526815 153676 ,44442 44591 49477 51406 53438 54030 54738 55224 56418 56860 
692615 941383 634271 860467 229453 13345 876876 722893 594033 274470 ,60839 62666 63244 63246 66927 68528 69049 72722 76832 77364 ,692615 941383 634271 860467 229453 13345 876876 722893 594033 274470 ,60839 62666 63244 63246 66927 68528 69049 72722 76832 77364 
992252 317189 815714 10388 170422 89836 770974 653414 93167 284230 ,74853 82225 84029 85795 88440 88975 90519 90795 92369 92588 ,992252 317189 815714 10388 170422 89836 770974 653414 93167 284230 ,74853 82225 84029 85795 88440 88975 90519 90795 92369 92588 
726490 237034 806665 309583 868956 795474 352666 19083 435824 521284 ,51709 52474 54011 54170 59100 60155 60327 61224 61363 61434 ,726490 237034 806665 309583 868956 795474 352666 19083 435824 521284 ,51709 52474 54011 54170 59100 60155 60327 61224 61363 61434 
462917 599185 723171 839780 173332 819127 579754 754205 3050 698697 ,45647 48710 49604 52360 52514 53164 53340 53528 56136 56406 ,462917 599185 723171 839780 173332 819127 579754 754205 3050 698697 ,45647 48710 49604 52360 52514 53164 53340 53528 56136 56406 
175485 725467 69008 705047 243401 696176 467904 573359 291880 540680 ,43540 45794 48772 49698 49993 50876 52059 52109 52989 53288 ,175485 725467 69008 705047 243401 696176 467904 573359 291880 540680 ,43540 45794 48772 49698 49993 50876 52059 52109 52989 53288 
98163 198529 911724 683789 880197 940918 772859 691981 856569 886136 ,50483 65370 66539 71579 72316 74038 75056 75182 76527 79450 ,98163 198529 911724 683789 880197 940918 772859 691981 856569 886136 ,50483 65370 66539 71579 72316 74038 75056 75182 76527 79450 
886365 129331 892868 724428 921400 970122 80633 848131 69943 210397 ,56217 58442 58594 59807 65426 65490 66737 66777 67851 68466 ,886365 129331 892868 724428 921400 970122 80633 848131 69943 210397 ,56217 58442 58594 59807 65426 65490 66737 66777 67851 68466 
251005 144872 48041 348413 931708 310402 842713 919272 391535 913920 ,43729 44998 47622 48192 48910 51546 51992 52585 53248 53280 ,251005 144872 48041 348413 931708 310402 842713 919272 391535 913920 ,43729 44998 47622 48192 48910 51546 51992 52585 53248 53280 
885516 490386 628085 563808 200306 195921 542413 843131 818125 249539 ,58390 60114 66519 66724 67372 69053 69447 71256 74605 76102 ,885516 490386 628085 563808 200306 195921 542413 843131 818125 249539 ,58390 60114 66519 66724 67372 69053 69447 71256 74605 76102 
193328 198704 655967 396931 869084 272988 306299 936478 809021 523968 ,69056 69511 70166 71597 72493 72728 73005 73592 73819 74206 ,193328 198704 655967 396931 869084 272988 306299 936478 809021 523968 ,69056 69511 70166 71597 72493 72728 73005 73592 73819 74206 
93285 372224 809508 336706 973019 87252 93905 336630 236398 371270 ,42314 45811 46383 46581 46770 47017 47106 47861 48026 48270 ,93285 372224 809508 336706 973019 87252 93905 336630 236398 803242 ,42314 45811 46383 46581 46770 47017 47106 47861 48026 48288 
16995 16576 929179 576496 419329 929907 517326 504571 470030 259489 ,26795 33398 54562 59783 63925 65541 66390 66700 67162 68679 ,16995 16576 929179 576496 419329 929907 517326 504571 470030 259489 ,26795 33398 54562 59783 63925 65541 66390 66700 67162 68679 
152414 57081 130138 865567 842271 867873 225845 870242 111091 829884 ,72876 78636 87093 107072 108995 110395 118450 119614 121473 131268 ,152414 57081 130138 865567 842271 867873 225845 870242 111091 829884 ,72876 78636 87093 107072 108995 110395 118450 119614 121473 131268 
459034 936719 696918 177646 412351 356152 26677 299195 311547 970831 ,77027 87417 93198 93214 95316 96516 96727 97223 98858 99437 ,459034 936719 696918 177646 412351 356152 26677 299195 311547 970831 ,77027 87417 93198 93214 95316 96516 96727 97223 98858 99437 
685292 381930 872204 44143 460625 27758 5248 942017 923456 481005 ,84655 85147 88600 92654 93103 93638 95224 95841 96088 96207 ,685292 381930 872204 44143 460625 27758 5248 942017 481005 713208 ,84655 85147 88600 92654 93103 93638 95224 95841 96207 96697 
358499 326024 777230 315336 324376 902443 879361 950556 212155 17247 ,57282 57485 58917 60886 61167 63451 66672 67023 69482 70189 ,358499 777230 324376 902443 879361 851020 459513 929827 314491 373391 ,57282 58917 61167 63451 66672 72634 73716 74229 74475 75083 
682089 491967 124854 352919 368052 469452 907178 351593 246636 237736 ,56972 58955 60349 63734 64448 65213 66959 67234 67337 68058 ,682089 491967 124854 352919 368052 469452 351593 246636 237736 470826 ,56972 58955 60349 63734 64448 65213 67234 67337 68058 68141 
793599 965323 160106 863796 906618 732456 563986 59309 906138 598798 ,58156 58348 60737 62045 63226 63344 63862 63922 64157 64158 ,793599 965323 160106 863796 906618 732456 563986 59309 906138 598798 ,58156 58348 60737 62045 63226 63344 63862 63922 64157 64158 
843822 890920 828035 554639 986071 968233 940635 969187 2025 842129 ,65398 66388 93746 100665 104484 104650 105260 109029 113071 114325 ,843822 890920 828035 554639 986071 968233 940635 969187 2025 842129 ,65398 66388 93746 100665 104484 104650 105260 109029 113071 114325 
877330 911787 921966 909821 87472 69156 907628 402904 106801 877486 ,42392 55544 56374 56993 59501 60677 63415 64067 64122 64321 ,877330 911787 921966 909821 87472 69156 907628 402904 877486 949017 ,42392 55544 56374 56993 59501 60677 63415 64067 64321 64569 
293591 316455 970760 900008 623484 682041 897269 499301 462382 308876 ,65961 67458 68381 69288 69555 69568 69832 70562 71035 71697 ,293591 316455 970760 900008 623484 682041 897269 499301 462382 308876 ,65961 67458 68381 69288 69555 69568 69832 70562 71035 71697 
974943 731862 124304 318638 879149 731642 200221 133683 506423 293249 ,61864 66553 70323 71414 72182 72643 73439 74284 74303 74340 ,974943 731862 124304 318638 731642 200221 133683 506423 293249 159209 ,61864 66553 70323 71414 72643 73439 74284 74303 74340 74424 
836559 918678 575731 129950 451114 35791 736902 491261 513494 407734 ,54792 54844 59221 60582 60947 61051 61281 61356 61388 61814 ,836559 918678 575731 129950 451114 35791 736902 513494 407734 764064 ,54792 54844 59221 60582 60947 61051 61281 61388 61814 62644 
988732 978594 884344 210418 992263 588430 665953 256052 666124 726471 ,39550 41173 42492 42577 42783 43327 43507 43529 44276 45093 ,988732 978594 884344 210418 992263 588430 665953 256052 666124 210328 ,39550 41173 42492 42577 42783 43327 43507 43529 44276 45496 
688391 16953 619423 138270 257810 71320 285719 929645 215778 60825 ,61201 62420 67839 70805 72267 73194 78172 79006 79571 80934 ,688391 16953 619423 138270 257810 71320 285719 929645 215778 60825 ,61201 62420 67839 70805 72267 73194 78172 79006 79571 80934 
595680 198394 585827 973848 854953 979738 273545 919141 929968 130138 ,49622 58012 61150 63673 64947 66307 66375 67366 67570 67767 ,595680 198394 585827 973848 854953 979738 273545 919141 929968 130138 ,49622 58012 61150 63673 64947 66307 66375 67366 67570 67767 
106725 61291 141073 415294 182528 529784 411060 418618 850732 85436 ,47313 55136 56841 58585 61200 61333 62467 62677 63110 63383 ,106725 61291 141073 415294 182528 529784 411060 418618 850732 85436 ,47313 55136 56841 58585 61200 61333 62467 62677 63110 63383 
889665 869137 534257 175423 210191 770861 755253 901143 511245 874862 ,77665 85902 93947 98074 105224 105560 106945 108541 114925 117984 ,889665 869137 534257 175423 210191 770861 755253 901143 511245 874862 ,77665 85902 93947 98074 105224 105560 106945 108541 114925 117984 
16792 748306 493965 16534 525530 363522 730558 261443 515788 500109 ,16267 28640 33452 34237 34542 35532 35644 35695 36997 37077 ,748306 16534 525530 730558 515788 500109 604877 151241 400625 230198 ,28640 34237 34542 35644 36997 37077 37431 37445 37481 37486 
308916 838481 897342 390420 285473 443264 608716 780970 850333 580057 ,37504 40888 42414 45107 45179 47580 50427 50670 50774 51235 ,308916 838481 897342 390420 443264 608716 780970 850333 580057 491516 ,37504 40888 42414 45107 47580 50427 50670 50774 51235 51891 
941525 630737 241090 726690 378028 683582 297263 22358 829063 574565 ,90191 94034 97208 109151 114503 117219 119467 120188 120475 120585 ,941525 630737 241090 726690 378028 683582 297263 22358 829063 574565 ,90191 94034 97208 109151 114503 117219 119467 120188 120475 120585 
21803 488707 68472 718040 742221 400613 655949 806850 797952 229868 ,85737 85802 89534 91134 100920 104415 108445 109900 112901 114964 ,21803 488707 68472 718040 742221 400613 655949 806850 797952 229868 ,85737 85802 89534 91134 100920 104415 108445 109900 112901 114964 
639155 72356 434519 545277 858345 668545 919414 470920 13658 898980 ,35452 40064 40689 41706 41914 44221 45626 46937 47136 47380 ,639155 72356 434519 545277 858345 668545 919414 470920 13658 898980 ,35452 40064 40689 41706 41914 44221 45626 46937 47136 47380 
162407 400931 936016 776302 63543 543824 680714 770872 681426 146672 ,63585 64123 64430 66552 68178 75160 78079 78709 79049 79064 ,162407 400931 936016 776302 63543 543824 680714 770872 681426 146672 ,63585 64123 64430 66552 68178 75160 78079 78709 79049 79064 
493039 664519 826111 268137 681615 293567 437390 498470 512438 962384 ,71475 73164 74625 77573 78297 80466 82203 82431 82602 82957 ,493039 664519 826111 268137 681615 293567 437390 512438 962384 438115 ,71475 73164 74625 77573 78297 80466 82203 82602 82957 83033 
180910 925586 757434 267614 757595 529373 844909 917628 871696 704346 ,60183 61247 61325 63368 64436 66364 67306 68103 68360 69917 ,925586 267614 757595 529373 917628 704346 80021 459452 587363 548741 ,61247 63368 64436 66364 68103 69917 70271 70662 70789 71248 
683740 617419 310327 347180 119378 324296 456042 827376 704250 833597 ,91358 92769 99355 99866 105504 106328 106641 106920 112747 117689 ,683740 617419 310327 347180 119378 324296 456042 827376 704250 833597 ,91358 92769 99355 99866 105504 106328 106641 106920 112747 117689 
196147 274963 686671 731263 984112 473437 936583 2473 471922 468614 ,57198 57198 70058 72261 74291 75604 76742 78386 78664 79341 ,196147 686671 731263 984112 2473 471922 468614 16854 749149 183837 ,57198 70058 72261 74291 78386 78664 79341 80171 80843 80926 
864010 840487 818661 584109 270847 210319 866818 590413 196471 866394 ,69845 70137 70299 70337 70359 71022 71189 71228 71259 73186 ,864010 840487 818661 584109 270847 210319 866818 590413 196471 866394 ,69845 70137 70299 70337 70359 71022 71189 71228 71259 73186 
60364 199368 903759 60813 224710 941675 395042 441956 858370 950999 ,42581 42940 44790 47514 47564 48021 49105 49423 49886 49910 ,60364 199368 903759 60813 224710 941675 395042 441956 858370 950999 ,42581 42940 44790 47514 47564 48021 49105 49423 49886 49910 
352126 193627 272443 386954 80652 462416 483667 742244 979804 730248 ,60910 66106 66106 66198 66704 66921 68168 68803 68978 68994 ,193627 272443 386954 80652 462416 483667 742244 979804 730248 20598 ,66106 66106 66198 66704 66921 68168 68803 68978 68994 69998 
543377 879748 71505 917563 861019 594283 425360 594645 482133 732309 ,57257 65013 65560 67288 67915 68569 68789 68812 69433 70210 ,543377 879748 71505 917563 861019 594283 425360 594645 482133 732309 ,57257 65013 65560 67288 67915 68569 68789 68812 69433 70210 
213546 223958 561229 564403 542485 395465 618593 895173 543701 938527 ,53177 55993 59225 60830 62555 63466 64869 64947 65432 66270 ,213546 223958 561229 564403 542485 395465 618593 895173 543701 938527 ,53177 55993 59225 60830 62555 63466 64869 64947 65432 66270 
725788 220764 185864 169104 274776 430663 504092 754205 184500 811357 ,59986 65034 65756 65782 66937 68239 68488 68504 68801 68995 ,725788 220764 185864 169104 274776 430663 504092 754205 184500 811357 ,59986 65034 65756 65782 66937 68239 68488 68504 68801 68995 
871337 108366 223493 416400 691551 11767 555337 738778 597660 806585 ,32158 53597 54973 55061 57045 57069 59085 59242 59589 59711 ,871337 223493 416400 691551 11767 555337 738778 597660 806585 563984 ,32158 54973 55061 57045 57069 59085 59242 59589 59711 59769 
60946 804789 879527 777566 369764 557617 716640 777753 821069 434989 ,54266 61970 62115 62202 62345 64990 66907 66997 67893 68146 ,60946 804789 879527 777566 369764 557617 716640 777753 434989 601112 ,54266 61970 62115 62202 62345 64990 66907 66997 68146 68157 
954676 89942 706638 771910 493515 989186 630542 836825 932694 16020 ,47847 48138 48737 49193 49583 50674 50687 51473 53238 53441 ,954676 89942 706638 493515 989186 630542 836825 932694 16020 665253 ,47847 48138 48737 49583 50674 50687 51473 53238 53441 53519 
459046 181023 198117 178503 865432 400646 189336 738815 977349 740320 ,83883 86378 87523 91371 91475 91763 92761 92996 95069 95119 ,459046 181023 198117 178503 865432 400646 189336 738815 977349 740320 ,83883 86378 87523 91371 91475 91763 92761 92996 95069 95119 
705453 496559 443601 82155 210572 634246 443372 739891 719587 933152 ,35418 44028 44235 45074 47373 47542 47998 48970 49686 50575 ,705453 496559 443601 82155 210572 634246 443372 739891 719587 933152 ,35418 44028 44235 45074 47373 47542 47998 48970 49686 50575 
253226 933684 690472 831470 473643 710780 15692 120239 309210 35562 ,69673 74087 76168 77454 79339 84269 86188 87180 87788 89664 ,253226 933684 690472 831470 473643 710780 15692 120239 309210 35562 ,69673 74087 76168 77454 79339 84269 86188 87180 87788 89664 
923810 708178 391650 893777 732456 541632 59345 780660 172925 807359 ,44020 46896 47226 48339 48847 51609 51728 51794 52266 52916 ,923810 708178 391650 893777 732456 541632 59345 780660 172925 807359 ,44020 46896 47226 48339 48847 51609 51728 51794 52266 52916 
45501 96333 238080 889114 877021 271938 385520 893047 288255 730499 ,50716 57213 57681 57764 57898 57986 59107 61210 61637 61857 ,45501 96333 238080 889114 877021 271938 385520 893047 288255 730499 ,50716 57213 57681 57764 57898 57986 59107 61210 61637 61857 
843822 379993 271423 108366 987344 374623 927623 412151 970849 794614 ,91644 98679 110110 115189 117547 121957 122293 123600 123974 127235 ,843822 379993 271423 108366 987344 374623 927623 412151 970849 794614 ,91644 98679 110110 115189 117547 121957 122293 123600 123974 127235 
579277 899345 294102 877655 968580 230212 564633 950747 957394 12761 ,49087 51086 53307 54111 54299 54856 55935 55973 56427 56437 ,579277 899345 294102 877655 968580 230212 564633 950747 957394 12761 ,49087 51086 53307 54111 54299 54856 55935 55973 56427 56437 
734979 265204 90567 525210 80802 303391 634917 379631 279740 410090 ,75475 75813 76472 78671 79417 79915 83623 84560 84629 84691 ,734979 265204 90567 525210 80802 303391 634917 379631 279740 410090 ,75475 75813 76472 78671 79417 79915 83623 84560 84629 84691 
72793 415976 748184 518554 895127 491373 750734 538711 854526 200630 ,42631 54485 54853 62845 63238 63580 65369 66144 66397 67353 ,72793 415976 748184 518554 895127 491373 750734 538711 854526 200630 ,42631 54485 54853 62845 63238 63580 65369 66144 66397 67353 
219166 112847 219149 630175 219372 19397 972948 186039 169051 706227 ,56528 57623 61791 62309 62381 64937 68065 68872 68998 70187 ,219166 112847 219149 630175 219372 972948 186039 169051 924969 169485 ,56528 57623 61791 62309 62381 68065 68872 68998 70596 70900 
786811 617927 431395 985678 473558 947439 285719 997677 887798 268245 ,85063 87245 93251 94304 96190 96564 98286 98413 98679 98718 ,786811 617927 431395 985678 473558 947439 285719 997677 887798 268245 ,85063 87245 93251 94304 96190 96564 98286 98413 98679 98718 
690379 908121 844788 844314 867139 13585 517928 690516 749071 539695 ,37032 39461 41960 44783 45729 48680 49980 51090 51551 52393 ,690379 908121 844788 844314 867139 13585 517928 749071 539695 577096 ,37032 39461 41960 44783 45729 48680 49980 51551 52393 52512 
239009 369926 187632 96656 473916 582968 927850 374437 285102 62538 ,63804 66523 80928 82050 84247 86555 86820 88719 91209 92884 ,239009 369926 187632 96656 473916 582968 927850 374437 285102 62538 ,63804 66523 80928 82050 84247 86555 86820 88719 91209 92884 
196077 822998 408323 66426 110166 122638 150164 670653 97420 277163 ,66860 69362 78156 80073 80184 80375 80386 80403 80766 80959 ,196077 822998 408323 66426 110166 122638 150164 670653 97420 277163 ,66860 69362 78156 80073 80184 80375 80386 80403 80766 80959 
510088 512645 493650 296525 341146 80941 353662 752431 702072 612394 ,49694 59372 62291 62458 63197 63765 64432 64580 64595 64909 ,510088 512645 493650 296525 341146 80941 353662 612394 331659 160832 ,49694 59372 62291 62458 63197 63765 64432 64909 65123 65126 
503482 484817 867917 842224 949068 211415 871335 728360 864847 75676 ,58105 62252 66885 67529 71459 71981 73852 73927 74122 74998 ,503482 484817 867917 842224 949068 211415 871335 728360 864847 75676 ,58105 62252 66885 67529 71459 71981 73852 73927 74122 74998 
719261 903173 724104 684145 292009 279466 544354 973014 321615 780287 ,33998 41014 41903 42849 43822 44187 44398 46055 46161 46420 ,719261 903173 724104 684145 292009 279466 544354 973014 321615 780287 ,33998 41014 41903 42849 43822 44187 44398 46055 46161 46420 
938897 628540 629515 989600 841563 781748 908348 201161 867635 913129 ,43727 43922 45724 48374 48408 50443 50514 51225 51471 52087 ,938897 628540 629515 989600 841563 781748 908348 201161 867635 913129 ,43727 43922 45724 48374 48408 50443 50514 51225 51471 52087 
208939 815179 874403 931623 783082 122279 318761 623616 134725 794066 ,85761 88727 90877 91596 93214 93975 95842 96422 98132 102475 ,208939 815179 874403 931623 783082 122279 318761 623616 134725 794066 ,85761 88727 90877 91596 93214 93975 95842 96422 98132 102475 
389776 979574 337424 202630 266908 183250 203139 267417 635689 91588 ,52809 53010 53561 54811 54811 55444 56482 56482 56952 57046 ,389776 979574 337424 202630 266908 183250 267417 203139 635689 91588 ,52809 53010 53561 54811 54811 55444 56482 56482 56952 57046 
430973 693264 199579 460644 914680 730899 888065 492880 136500 464122 ,103959 124306 124415 124993 126439 126937 128542 129875 130763 132787 ,430973 693264 199579 460644 914680 730899 888065 492880 136500 464122 ,103959 124306 124415 124993 126439 126937 128542 129875 130763 132787 
269650 158646 799104 94089 194844 460772 16414 97037 739095 157490 ,59273 63531 65699 65896 66873 67585 69618 70890 71042 71243 ,269650 158646 799104 94089 194844 460772 16414 97037 739095 157490 ,59273 63531 65699 65896 66873 67585 69618 70890 71042 71243 
929872 929647 136495 844819 59448 873666 434097 656209 62746 678999 ,56737 58342 59331 61997 62470 62693 62709 64019 65673 66545 ,929872 929647 136495 844819 59448 873666 434097 656209 62746 678999 ,56737 58342 59331 61997 62470 62693 62709 64019 65673 66545 
663562 811407 787137 395786 671260 705518 451186 632706 3528 264591 ,43421 50791 51506 52761 52874 54399 54948 56786 57033 57497 ,663562 787137 451186 632706 3528 264591 287514 100737 77368 944389 ,43421 51506 54948 56786 57033 57497 57545 57756 58906 59529 
352491 653924 278676 401041 210850 785202 750878 764693 258261 978846 ,71798 79555 92361 96228 96346 98324 99482 99803 100391 101810 ,352491 653924 278676 401041 210850 785202 750878 764693 258261 978846 ,71798 79555 92361 96228 96346 98324 99482 99803 100391 101810 
930048 668550 863598 834416 390285 321840 920055 90995 19689 810425 ,67971 73547 76284 78166 79226 80997 83494 83884 84680 84794 ,930048 668550 863598 834416 390285 321840 920055 90995 19689 810425 ,67971 73547 76284 78166 79226 80997 83494 83884 84680 84794 
361910 166609 524283 584099 116996 21275 723592 388080 765081 873434 ,80195 80457 80743 81051 82824 83244 83632 83855 85268 85441 ,361910 166609 524283 584099 116996 723592 388080 765081 873434 314681 ,80195 80457 80743 81051 82824 83632 83855 85268 85441 85879 
500670 797966 292809 208554 455900 701106 337682 66219 515861 988360 ,87037 101648 107086 107260 109086 109771 110559 112402 113780 114129 ,500670 797966 292809 208554 455900 701106 337682 66219 515861 988360 ,87037 101648 107086 107260 109086 109771 110559 112402 113780 114129 
874481 239134 687999 712821 244205 631282 109186 957219 634085 501752 ,58293 60933 61399 64191 65797 65889 66517 66862 68572 68961 ,874481 239134 687999 712821 244205 631282 109186 957219 634085 501752 ,58293 60933 61399 64191 65797 65889 66517 66862 68572 68961 
196521 944816 477686 160016 880646 606543 490116 821236 255656 812374 ,48412 51847 53537 56645 57240 57918 58151 59792 60934 61530 ,196521 944816 477686 160016 880646 606543 490116 821236 255656 812374 ,48412 51847 53537 56645 57240 57918 58151 59792 60934 61530 
448885 489074 654394 26776 982949 950031 246903 317930 18659 89280 ,71469 92727 93286 96334 98163 104826 111349 116261 116738 118551 ,448885 489074 654394 26776 982949 950031 246903 317930 18659 89280 ,71469 92727 93286 96334 98163 104826 111349 116261 116738 118551 
850147 846781 206640 230035 963500 867015 480716 875987 632159 535663 ,73913 77035 80631 81210 81633 81996 82923 84460 86563 86924 ,850147 846781 206640 230035 963500 867015 480716 875987 632159 535663 ,73913 77035 80631 81210 81633 81996 82923 84460 86563 86924 
968826 168760 704246 844032 171736 669708 881048 14053 16023 455955 ,57979 60177 60612 61191 61841 63323 66098 66605 67187 68034 ,168760 704246 844032 171736 669708 881048 14053 16023 455955 600554 ,60177 60612 61191 61841 63323 66098 66605 67187 68034 68256 
691547 391475 142415 173559 169207 71027 387433 756268 222367 112510 ,71076 75312 76433 78314 80430 80506 81295 81551 81789 82036 ,691547 391475 142415 173559 169207 71027 387433 756268 222367 112510 ,71076 75312 76433 78314 80430 80506 81295 81551 81789 82036 
228050 880232 968139 372833 974469 798642 917280 112402 877216 804256 ,41909 42930 44092 49243 49615 51612 51657 52075 52607 54154 ,228050 880232 968139 372833 974469 798642 917280 112402 877216 804256 ,41909 42930 44092 49243 49615 51612 51657 52075 52607 54154 
462426 224561 585832 62560 369150 226060 540513 589465 61471 275129 ,68962 81624 85210 86241 86437 87584 87851 89100 89399 89407 ,462426 224561 585832 62560 369150 226060 540513 589465 61471 275129 ,68962 81624 85210 86241 86437 87584 87851 89100 89399 89407 
750647 950004 902064 719489 316266 742278 671115 494831 279722 972207 ,82590 99753 100811 101537 113433 115843 116275 116901 117898 118078 ,750647 950004 902064 719489 316266 742278 671115 494831 279722 972207 ,82590 99753 100811 101537 113433 115843 116275 116901 117898 118078 
386905 351901 750839 939120 105479 272948 861936 119590 164375 875478 ,88076 91508 98633 99380 99702 101808 102383 103115 103808 104636 ,386905 351901 750839 939120 105479 861936 119590 164375 150438 76386 ,88076 91508 98633 99380 99702 102383 103115 103808 104908 105165 
209984 410147 198331 277147 326955 669313 835018 491899 882369 960904 ,53764 60117 62271 62271 63160 63509 63859 65276 65332 65718 ,209984 198331 326955 669313 835018 491899 882369 960904 391431 275426 ,53764 62271 63160 63509 63859 65276 65332 65718 65959 66099 
516086 679614 678202 425998 395067 182597 487798 913939 868713 473110 ,57842 69195 69827 71525 72065 74642 74732 75026 75217 76123 ,516086 679614 678202 425998 182597 487798 913939 868713 473110 773712 ,57842 69195 69827 71525 74642 74732 75026 75217 76123 76382 
206228 9227 605335 823812 767714 435757 561036 543129 204568 198449 ,94139 94463 94832 96409 99680 100729 101610 106159 106283 107549 ,206228 9227 605335 823812 767714 435757 561036 543129 204568 198449 ,94139 94463 94832 96409 99680 100729 101610 106159 106283 107549 
18792 458802 340257 17823 519511 919436 511947 196874 786668 971723 ,50116 53403 54838 56623 57601 57848 58213 58503 58718 58727 ,18792 458802 340257 519511 919436 511947 196874 786668 971723 464655 ,50116 53403 54838 57601 57848 58213 58503 58718 58727 59005 
20875 20795 20778 577815 16541 26468 833529 242420 176472 174675 ,26386 29601 34366 47386 48120 48839 50043 50337 50489 50995 ,20875 20795 20778 577815 16541 26468 833529 242420 176472 174675 ,26386 29601 34366 47386 48120 48839 50043 50337 50489 50995 
618198 929158 413580 853324 987295 349550 864947 270802 346141 853505 ,55885 58597 60409 60738 61442 62558 62919 63154 63787 65065 ,618198 929158 413580 853324 987295 349550 864947 270802 853505 69117 ,55885 58597 60409 60738 61442 62558 62919 63154 65065 65472 
21066 2363 925654 848988 604786 903676 302270 438187 449392 850130 ,33073 53327 59189 67114 71239 74832 75869 77835 78066 78627 ,21066 2363 925654 848988 604786 903676 302270 438187 449392 850130 ,33073 53327 59189 67114 71239 74832 75869 77835 78066 78627 
965017 68575 509580 321855 293028 111896 281660 389465 298788 532472 ,39643 42637 46671 47479 47672 47706 47957 48009 49216 49895 ,965017 68575 509580 321855 293028 111896 281660 389465 298788 532472 ,39643 42637 46671 47479 47672 47706 47957 48009 49216 49895 
379313 623333 456017 174845 416067 884550 186620 637953 179596 754160 ,80896 82932 83795 87984 89006 91364 93230 94156 95545 97039 ,379313 623333 456017 174845 416067 884550 186620 637953 179596 754160 ,80896 82932 83795 87984 89006 91364 93230 94156 95545 97039 
21191 368234 574572 924969 308521 518786 386146 112598 403953 459258 ,41224 66354 72933 73709 74797 75088 75322 75614 75894 76978 ,21191 368234 574572 924969 308521 518786 112598 403953 459258 326363 ,41224 66354 72933 73709 74797 75088 75614 75894 76978 78049 
92425 894405 800638 287762 267393 290543 243924 662579 474589 313502 ,68872 70649 77277 81160 81728 87920 88569 89013 91634 91776 ,92425 894405 800638 287762 267393 290543 243924 662579 474589 313502 ,68872 70649 77277 81160 81728 87920 88569 89013 91634 91776 
613785 936930 300338 824398 956348 296787 437899 943982 756568 337782 ,67664 71484 72984 74815 75014 76138 77003 77287 77403 78840 ,613785 936930 824398 956348 296787 437899 943982 756568 337782 68701 ,67664 71484 74815 75014 76138 77003 77287 77403 78840 79775 
59592 905442 227125 919421 870171 207587 69817 852387 904536 99226 ,32708 34677 35025 35309 36566 36749 36818 37321 37321 38065 ,59592 905442 227125 919421 870171 207587 69817 852387 904536 99226 ,32708 34677 35025 35309 36566 36749 36818 37321 37321 38065 
353286 894981 966901 526503 894977 932655 353727 20370 395075 753986 ,66111 67279 69300 70910 72470 74368 74676 76843 79206 79300 ,894981 966901 526503 894977 932655 353727 20370 395075 753986 492751 ,67279 69300 70910 72470 74368 74676 76843 79206 79300 79493 
80802 128941 804026 112203 969865 30466 458537 389531 515651 198392 ,68693 70876 73953 75209 76286 76795 77307 77734 77898 78310 ,80802 128941 804026 112203 969865 30466 458537 389531 515651 198392 ,68693 70876 73953 75209 76286 76795 77307 77734 77898 78310 
854227 854435 841820 842204 799800 840431 558278 842621 675264 495123 ,49078 52048 52554 52869 55713 58267 59481 64280 66166 67014 ,854227 854435 841820 842204 799800 840431 558278 842621 675264 495123 ,49078 52048 52554 52869 55713 58267 59481 64280 66166 67014 
630843 695588 541913 797239 130229 495141 988851 543558 65499 859585 ,45654 52335 53028 54085 54388 55205 55524 55537 55756 55782 ,630843 695588 541913 797239 130229 495141 988851 543558 65499 859585 ,45654 52335 53028 54085 54388 55205 55524 55537 55756 55782 
883798 822974 481483 323049 971397 13183 845851 225564 36586 843562 ,44401 48218 52999 57202 57211 57999 59006 59724 61121 62381 ,883798 822974 481483 323049 971397 13183 845851 225564 36586 843562 ,44401 48218 52999 57202 57211 57999 59006 59724 61121 62381 
600194 282250 272577 989969 668006 372808 748138 271673 437447 571195 ,54430 63641 64076 64201 65216 65985 67074 67432 67924 68304 ,272577 748138 271673 97350 242842 274108 79872 257659 416 298740 ,64076 67074 67432 68394 68926 69352 70036 70749 71046 71186 
437507 881686 135053 736158 853048 783205 132800 714557 943234 746460 ,60928 63375 64666 65092 65111 66118 67466 67796 72397 73933 ,437507 881686 135053 736158 853048 783205 132800 943234 746460 683174 ,60928 63375 64666 65092 65111 66118 67466 72397 73933 75551 
704742 706585 547579 599262 785168 282618 544007 708338 173490 703104 ,55958 61118 64529 65227 65389 65631 67746 68124 69580 69965 ,704742 706585 547579 599262 785168 282618 708338 173490 703104 926384 ,55958 61118 64529 65227 65389 65631 68124 69580 69965 71130 
21402 66521 524004 244646 20263 19826 799561 368250 366323 497847 ,50668 58348 59307 62520 62659 64861 65195 65219 65761 65907 ,21402 66521 524004 19826 799561 368250 366323 497847 97732 293183 ,50668 58348 59307 64861 65195 65219 65761 65907 66266 66708 
121121 166675 187407 390347 524310 467312 385015 474607 105124 530239 ,55645 56282 56342 59634 60569 60685 61819 62044 62167 62519 ,121121 166675 187407 390347 467312 474607 105124 530239 531295 662785 ,55645 56282 56342 59634 60685 62044 62167 62519 62909 62955 
449593 518480 25681 431456 687262 4833 21663 168494 628278 394160 ,56845 58668 58913 60875 64029 66803 67083 68108 68335 69468 ,449593 518480 25681 431456 687262 4833 21663 168494 628278 258074 ,56845 58668 58913 60875 64029 66803 67083 68108 68335 70519 
949476 396898 1655 318030 125185 806870 185957 172509 620471 127793 ,70366 74537 78783 82326 82505 83519 83538 83876 84305 84387 ,396898 318030 125185 806870 185957 620471 127793 1555 285358 169043 ,74537 82326 82505 83519 83538 84305 84387 84398 85001 85303 
173805 88343 396232 81851 898719 59382 588387 869064 330154 404407 ,129340 134513 135818 136911 137686 138177 138673 140307 140923 140929 ,173805 88343 396232 81851 898719 59382 588387 869064 330154 404407 ,129340 134513 135818 136911 137686 138177 138673 140307 140923 140929 
691935 340635 577080 14651 853938 154713 156733 458891 194321 143001 ,67054 75408 77292 81752 82058 82282 85566 85672 86590 86836 ,691935 340635 577080 14651 853938 156733 458891 194321 143001 14141 ,67054 75408 77292 81752 82058 85566 85672 86590 86836 88619 
334482 926426 810097 896507 678044 53323 251431 44513 82710 823440 ,37510 46585 47580 48205 51187 52585 54532 54719 55034 55051 ,334482 926426 810097 896507 678044 53323 251431 44513 82710 823440 ,37510 46585 47580 48205 51187 52585 54532 54719 55034 55051 
915582 937510 165738 846469 561525 900564 748806 290477 924836 916136 ,116735 124850 126424 131916 135731 136269 138793 139367 140454 140749 ,915582 937510 165738 846469 561525 900564 748806 290477 924836 916136 ,116735 124850 126424 131916 135731 136269 138793 139367 140454 140749 
561302 542218 732894 518337 840955 681458 33103 561446 162024 973540 ,61005 62797 63103 63318 63628 63654 64038 64141 64243 64361 ,561302 542218 732894 518337 840955 681458 33103 561446 162024 973540 ,61005 62797 63103 63318 63628 63654 64038 64141 64243 64361 
984835 813050 433298 985149 510620 694972 168505 168458 938550 273082 ,57555 64833 64964 66209 66275 68148 68569 68838 69740 71378 ,984835 813050 433298 985149 510620 694972 168505 168458 938550 273082 ,57555 64833 64964 66209 66275 68148 68569 68838 69740 71378 
77742 127287 309925 784789 63929 89047 495801 369321 685120 472143 ,35013 36517 42298 43057 43243 44159 44793 44800 45352 46028 ,77742 127287 309925 784789 63929 89047 495801 369321 685120 472143 ,35013 36517 42298 43057 43243 44159 44793 44800 45352 46028 
157735 638079 815404 815448 815352 95883 814713 815333 815305 525796 ,13177 13896 14157 14722 14815 14941 15146 16001 16333 16595 ,157735 638079 815404 815448 815352 95883 814713 815333 815305 525796 ,13177 13896 14157 14722 14815 14941 15146 16001 16333 16595 
754764 51429 30149 151269 615563 30280 79494 389072 426861 662705 ,12745 14694 14880 15183 16294 18279 18929 19038 19469 19486 ,151269 615563 51345 662709 957578 94341 54398 80191 350503 30218 ,15183 16294 19544 20334 21854 22113 22469 22636 23020 23187 
54680 615135 365267 30718 920599 157716 528483 30089 190534 321583 ,21748 22714 23679 23739 23940 24009 24042 24156 24175 24540 ,54680 615135 365267 30718 920599 157716 528483 30089 190534 321583 ,21748 22714 23679 23739 23940 24009 24042 24156 24175 24540 
58827 431346 327926 498654 349738 566409 516386 825684 419736 505013 ,40501 43895 46117 47962 48703 48734 49223 51149 52490 53443 ,58827 431346 327926 498654 349738 566409 516386 825684 419736 505013 ,40501 43895 46117 47962 48703 48734 49223 51149 52490 53443 
529929 629224 105526 71494 704103 395082 260023 694554 706910 227164 ,44812 53930 57002 57338 59666 59772 60375 61722 62383 62399 ,529929 629224 105526 71494 704103 395082 260023 694554 227164 456970 ,44812 53930 57002 57338 59666 59772 60375 61722 62399 62933 
122155 682527 180729 51359 547380 524286 351254 79402 765028 789986 ,51073 64894 65564 66419 66627 68445 69364 71687 75165 75751 ,122155 682527 180729 51359 547380 524286 351254 79402 765028 789986 ,51073 64894 65564 66419 66627 68445 69364 71687 75165 75751 
354128 261503 780243 70380 111921 663208 360359 703163 306384 821941 ,22700 26039 33170 34139 34593 35091 35352 35444 35846 36185 ,354128 261503 780243 70380 111921 663208 360359 703163 306384 821941 ,22700 26039 33170 34139 34593 35091 35352 35444 35846 36185 
292829 936260 800203 292165 496713 473509 374984 286920 48635 788766 ,52789 55361 58818 60405 62942 64430 65379 65862 66777 69652 ,292829 936260 800203 292165 496713 473509 286920 48635 788766 960734 ,52789 55361 58818 60405 62942 64430 65862 66777 69652 70314 
430518 402428 572916 748169 379569 816122 754710 323182 183349 291664 ,47586 49932 54837 56316 59382 64250 64311 64730 65754 65874 ,402428 323182 183349 614883 585940 603775 390598 335877 738361 774718 ,49932 64730 65754 68309 68816 68901 70047 70651 71535 72701 
621271 709138 780250 534597 723075 451357 632660 869800 716525 569311 ,38013 47256 52915 53086 55176 55220 55378 56046 56194 56418 ,621271 709138 780250 534597 723075 632660 869800 716525 569311 110891 ,38013 47256 52915 53086 55176 55378 56046 56194 56418 56667 
265807 420897 488416 420973 45696 142533 238464 123476 454260 876608 ,48317 63495 63495 65211 66538 68413 69192 73147 76004 77396 ,265807 488416 420897 420973 45696 142533 238464 123476 454260 876608 ,48317 63495 63495 65211 66538 68413 69192 73147 76004 77396 
486197 58197 697190 980637 881874 943027 135017 640792 455667 225392 ,55675 61019 63128 63391 64589 64813 65386 65605 68650 70038 ,486197 58197 697190 980637 881874 943027 135017 640792 455667 225392 ,55675 61019 63128 63391 64589 64813 65386 65605 68650 70038 
872576 535133 499946 179630 472085 668954 422435 969253 880274 955085 ,54721 57355 59351 60015 61171 61593 61892 65165 65983 67244 ,872576 535133 499946 179630 472085 668954 422435 969253 880274 955085 ,54721 57355 59351 60015 61171 61593 61892 65165 65983 67244 
297045 156520 614525 461510 205103 699721 883254 124056 80983 728967 ,33979 38576 43677 44275 45972 46118 46312 52392 54935 55154 ,156520 614525 461510 205103 699721 883254 124056 80983 728967 614516 ,38576 43677 44275 45972 46118 46312 52392 54935 55154 56348 
30030 495801 337303 99114 295809 83997 283710 948704 521967 799688 ,64382 64436 77719 84538 88586 90808 90950 95496 98307 98605 ,30030 495801 337303 99114 295809 83997 283710 948704 521967 799688 ,64382 64436 77719 84538 88586 90808 90950 95496 98307 98605 
297183 750968 248153 902732 578429 827250 328026 831159 158271 841197 ,43252 45424 47583 48939 50594 51362 52046 53349 53580 54382 ,297183 248153 902732 578429 827250 328026 831159 158271 341158 229203 ,43252 47583 48939 50594 51362 52046 53349 53580 54620 55101 
833210 759500 191230 567228 568040 135760 216921 766088 610344 373722 ,17943 18764 20240 20274 22254 22347 22366 24723 25350 26339 ,833210 759500 191230 567228 568040 135760 216921 766088 373722 568915 ,17943 18764 20240 20274 22254 22347 22366 24723 26339 27063 
969187 533132 881454 653138 621674 241791 459283 330757 842455 861381 ,63745 70838 73091 76438 77524 78405 79113 80550 81810 82943 ,969187 533132 881454 653138 621674 241791 459283 330757 842455 861381 ,63745 70838 73091 76438 77524 78405 79113 80550 81810 82943 
191004 568828 830326 373736 999166 27395 569542 375237 613966 824414 ,10705 11194 13710 14866 15279 15311 17495 17940 17970 18220 ,191004 568828 830326 373736 999166 27395 569542 375237 613966 824414 ,10705 11194 13710 14866 15279 15311 17495 17940 17970 18220 
650615 766812 894693 919177 300810 899441 277882 755921 261586 673594 ,46900 57389 58983 59532 60006 60044 61249 62057 62112 62450 ,650615 766812 919177 300810 899441 277882 755921 261586 673594 41741 ,46900 57389 59532 60006 60044 61249 62057 62112 62450 63094 
978892 730100 226200 907814 566877 552522 444963 951824 645906 44737 ,46580 53743 54370 55046 63224 64536 65431 66010 67563 67726 ,730100 226200 907814 566877 552522 444963 951824 645906 44737 256991 ,53743 54370 55046 63224 64536 65431 66010 67563 67726 68064 
178415 45447 975704 76386 725823 864441 172728 66008 219690 15427 ,78762 90425 90945 93204 102057 103112 105245 106162 106461 107085 ,178415 45447 975704 76386 725823 864441 172728 66008 219690 15427 ,78762 90425 90945 93204 102057 103112 105245 106162 106461 107085 
425287 310595 175047 445151 356342 514745 430782 362982 227546 690122 ,53236 57791 58319 58437 58997 59526 60172 62944 63990 65153 ,425287 310595 175047 445151 356342 514745 430782 362982 227546 690122 ,53236 57791 58319 58437 58997 59526 60172 62944 63990 65153 
983527 761781 983619 786413 781440 714964 717896 655673 41467 996498 ,30616 37402 43420 45157 46241 46361 46748 47232 48720 48856 ,983527 761781 983619 786413 781440 714964 717896 655673 41467 996498 ,30616 37402 43420 45157 46241 46361 46748 47232 48720 48856 
154692 108374 331827 349024 368044 456978 778998 284541 728734 380133 ,70323 73707 75355 75756 79532 81592 83799 84619 85704 85986 ,154692 108374 331827 349024 368044 456978 284541 728734 380133 34250 ,70323 73707 75355 75756 79532 81592 84619 85704 85986 86581 
17993 297905 682433 400729 216527 44172 23594 11924 733893 160545 ,50212 58922 60028 69756 70449 71168 71832 73141 78221 82975 ,17993 297905 682433 400729 216527 44172 23594 11924 733893 160545 ,50212 58922 60028 69756 70449 71168 71832 73141 78221 82975 
533625 978954 198921 940753 269215 716466 515574 596943 861293 193645 ,58606 63495 71382 72218 72477 75034 75591 75774 75904 79385 ,533625 978954 198921 940753 269215 716466 515574 596943 861293 193645 ,58606 63495 71382 72218 72477 75034 75591 75774 75904 79385 
727837 967414 260056 588951 836748 707120 687255 284993 705635 563332 ,123338 128557 148100 154247 156364 157486 157669 158018 158321 159532 ,727837 967414 260056 588951 836748 707120 687255 284993 705635 563332 ,123338 128557 148100 154247 156364 157486 157669 158018 158321 159532 
30325 994017 964710 814657 996018 299245 723426 815392 544571 723495 ,29451 32489 32691 33041 33580 33988 34865 35267 35297 35516 ,30325 994017 964710 814657 996018 299245 723426 815392 544571 723495 ,29451 32489 32691 33041 33580 33988 34865 35267 35297 35516 
826422 983336 184913 729131 751083 115735 143718 527816 676413 756381 ,84667 86099 89134 93259 93491 94273 100061 100197 100511 100782 ,826422 983336 184913 729131 751083 115735 143718 527816 676413 756381 ,84667 86099 89134 93259 93491 94273 100061 100197 100511 100782 
471622 632433 518921 338606 792972 516952 790074 898908 703492 472808 ,30576 33526 33703 33890 34469 35661 35791 36865 37915 38083 ,471622 632433 518921 338606 792972 516952 790074 898908 703492 472808 ,30576 33526 33703 33890 34469 35661 35791 36865 37915 38083 
207913 7675 652719 656843 216329 46579 638627 641044 655055 657030 ,13691 15085 18671 19171 19651 20548 20903 20980 21187 21901 ,207913 656843 216329 46579 654494 417477 89419 654460 658053 656546 ,13691 19171 19651 20548 23316 24452 25366 25628 25719 25853 
946016 758149 994429 990788 493710 375043 266473 874215 102818 6935 ,102432 109196 115999 120213 121351 121394 122235 124910 124932 125682 ,946016 758149 994429 990788 493710 375043 266473 874215 102818 6935 ,102432 109196 115999 120213 121351 121394 122235 124910 124932 125682 
343898 566199 777230 732406 654995 579725 699594 79250 450049 779063 ,60119 65627 70230 70533 73455 73528 74140 75326 76132 76865 ,343898 566199 777230 732406 654995 579725 699594 79250 450049 779063 ,60119 65627 70230 70533 73455 73528 74140 75326 76132 76865 
365610 743607 795863 292658 803797 541701 870722 306586 777451 953201 ,30516 39857 45911 46190 47383 47621 47903 50164 52869 53853 ,365610 743607 795863 292658 803797 541701 870722 306586 777451 953201 ,30516 39857 45911 46190 47383 47621 47903 50164 52869 53853 
434307 432077 952863 541682 125167 505377 749782 175746 228796 563236 ,68250 74056 76684 78013 78126 78518 80085 80561 80759 81623 ,434307 432077 952863 541682 125167 505377 749782 175746 228796 563236 ,68250 74056 76684 78013 78126 78518 80085 80561 80759 81623 
43021 655064 905634 960049 476876 477005 885218 476566 656873 781641 ,9436 11889 12329 12387 12536 12855 13230 13377 13799 13838 ,655064 24171 823505 6288 5774 770940 52435 721109 562668 667383 ,11889 14197 14310 15147 15579 15604 15733 15781 15807 15837 
544040 881142 483243 841510 37098 260010 174430 972519 130889 464527 ,68173 86114 87465 97848 98673 99741 99759 99852 100626 102094 ,544040 881142 483243 841510 37098 260010 174430 972519 130889 464527 ,68173 86114 87465 97848 98673 99741 99759 99852 100626 102094 
162728 509956 803986 184712 477541 386709 139277 206535 270813 429099 ,52311 54750 54960 55189 56757 56945 57338 58254 58254 59245 ,184712 386709 464840 185835 152140 662965 533417 264141 500838 464898 ,55189 56945 61976 62735 63111 63377 63734 66470 66558 66650 
876360 452225 68981 948777 459327 95158 547848 566889 738953 724735 ,60195 64104 68096 68516 69993 70741 71279 71467 71846 72594 ,876360 452225 68981 948777 459327 95158 547848 566889 738953 724735 ,60195 64104 68096 68516 69993 70741 71279 71467 71846 72594 
268685 804785 405990 600425 499912 329448 259049 383679 177809 35469 ,79657 93876 95243 97130 100871 101069 102321 104424 105287 105973 ,268685 804785 405990 600425 499912 329448 259049 383679 177809 35469 ,79657 93876 95243 97130 100871 101069 102321 104424 105287 105973 
198252 277068 204620 19791 145345 353411 360983 877213 396416 435133 ,67277 67277 83011 86460 88261 88947 93900 97287 98322 98466 ,277068 198252 204620 19791 145345 360983 877213 396416 435133 561492 ,67277 67277 83011 86460 88261 93900 97287 98322 98466 98758 
408035 937360 626068 602894 786018 736586 176782 528522 992126 431723 ,77271 95654 95964 97290 97735 99067 99703 102978 104605 111264 ,408035 937360 626068 602894 786018 736586 176782 528522 992126 431723 ,77271 95654 95964 97290 97735 99067 99703 102978 104605 111264 
530431 539485 808799 330574 630548 779403 691814 623785 471923 238027 ,74628 94373 97608 108201 109657 111075 112343 112518 118264 120362 ,530431 539485 808799 330574 630548 779403 691814 623785 471923 238027 ,74628 94373 97608 108201 109657 111075 112343 112518 118264 120362 
405654 125561 380476 612333 964863 614060 117757 405254 346715 783371 ,67152 67394 78419 80466 83746 85968 86547 87967 89285 91388 ,125561 380476 612333 964863 614060 117757 405254 346715 783371 724587 ,67394 78419 80466 83746 85968 86547 87967 89285 91388 91730 
650641 905494 656659 464984 874493 738947 343865 66598 567691 458341 ,59348 64686 68387 68837 68980 69903 70566 70714 70955 71101 ,650641 905494 656659 464984 874493 738947 343865 66598 567691 458341 ,59348 64686 68387 68837 68980 69903 70566 70714 70955 71101 
684485 662723 684302 237140 178705 88969 524734 274263 703650 845498 ,58958 68886 69057 71888 72490 73192 76500 76851 77016 78417 ,684485 662723 684302 237140 178705 88969 524734 274263 845498 658202 ,58958 68886 69057 71888 72490 73192 76500 76851 78417 78816 
764312 575110 662520 689927 51533 130472 605129 607115 306635 96925 ,31720 35332 36743 38276 38506 38542 39029 40636 42079 42397 ,764312 575110 662520 689927 51533 130472 605129 607115 306635 96925 ,31720 35332 36743 38276 38506 38542 39029 40636 42079 42397 
626523 43637 134544 959822 803213 159943 410730 738021 960396 100167 ,66785 80006 82825 84927 87305 88946 89262 89533 89755 90325 ,626523 43637 134544 959822 803213 159943 410730 738021 960396 100167 ,66785 80006 82825 84927 87305 88946 89262 89533 89755 90325 
467072 467151 845152 956747 700013 248830 311846 821946 484503 511604 ,40674 41169 43962 44417 44744 44936 45217 45427 45577 45652 ,467072 467151 845152 956747 700013 248830 311846 821946 484503 511604 ,40674 41169 43962 44417 44744 44936 45217 45427 45577 45652 
933682 934679 332410 874004 706571 399524 167466 708073 19097 169746 ,75117 78284 85842 90628 90764 95095 96168 98006 98953 99033 ,933682 934679 332410 706571 399524 708073 19097 169746 620985 787295 ,75117 78284 85842 90764 95095 98006 98953 99033 99428 99895 
19014 531358 603056 523355 178127 202882 784882 384111 262027 517190 ,64344 97083 97907 101126 101997 102994 104079 109309 109570 112881 ,19014 531358 603056 523355 178127 202882 784882 384111 262027 517190 ,64344 97083 97907 101126 101997 102994 104079 109309 109570 112881 
39505 38405 610590 478488 605507 54954 902887 512544 667539 477158 ,11784 12552 13286 14155 14885 15445 15448 15987 17640 18219 ,39505 38405 610590 478488 605507 54954 902887 512544 667539 477158 ,11784 12552 13286 14155 14885 15445 15448 15987 17640 18219 
904587 297619 405604 508506 629876 547965 754254 662144 686024 421100 ,50578 55061 55105 58313 61551 62817 63307 63326 63610 64411 ,904587 297619 405604 508506 629876 547965 754254 662144 686024 421100 ,50578 55061 55105 58313 61551 62817 63307 63326 63610 64411 
399795 252289 723539 781489 661217 531192 896183 63748 253507 892096 ,43880 49308 49945 51519 54336 54641 54903 54942 56052 56489 ,399795 252289 723539 781489 661217 531192 896183 63748 253507 892096 ,43880 49308 49945 51519 54336 54641 54903 54942 56052 56489 
851429 891263 766784 487024 631950 517 629080 182956 102081 58451 ,97404 107744 109246 117761 130149 142288 143633 150818 159416 162294 ,851429 891263 766784 487024 631950 517 629080 182956 102081 58451 ,97404 107744 109246 117761 130149 142288 143633 150818 159416 162294 
207068 541743 644503 541586 421614 912355 767911 925424 411945 417482 ,45584 52200 52811 53312 54579 54801 57931 58218 58403 58477 ,207068 541743 644503 541586 421614 912355 767911 925424 411945 417482 ,45584 52200 52811 53312 54579 54801 57931 58218 58403 58477 
194096 101242 534623 782969 569758 657949 560400 947611 453539 637365 ,53491 56323 56538 56869 58081 58483 59204 59453 60909 60949 ,194096 101242 534623 782969 569758 657949 560400 947611 453539 637365 ,53491 56323 56538 56869 58081 58483 59204 59453 60909 60949 
684316 859311 431455 201759 662725 229371 139380 44759 59393 977336 ,56291 59879 61128 61368 61418 61422 63114 63212 63540 66001 ,684316 859311 431455 201759 662725 229371 139380 44759 59393 977336 ,56291 59879 61128 61368 61418 61422 63114 63212 63540 66001 
49323 187632 531690 357654 62538 541444 193654 886957 209211 864468 ,109461 111999 131288 133052 136013 149596 153121 164725 168576 168913 ,49323 187632 531690 357654 62538 541444 193654 886957 209211 864468 ,109461 111999 131288 133052 136013 149596 153121 164725 168576 168913 
993996 718329 402524 202349 225221 798083 867133 652258 702862 647793 ,66122 83222 94243 102650 114375 115728 116519 117895 124216 124839 ,993996 718329 402524 202349 225221 798083 867133 652258 702862 647793 ,66122 83222 94243 102650 114375 115728 116519 117895 124216 124839 
142821 614468 461651 526243 182818 32857 965755 828402 394160 693221 ,120098 123030 123495 125193 126292 127552 130003 130135 130456 130561 ,142821 614468 461651 526243 182818 32857 965755 828402 394160 595876 ,120098 123030 123495 125193 126292 127552 130003 130135 130456 134710 
375622 846719 820077 675888 974434 829131 766254 220322 613178 666683 ,44092 48453 49106 49145 49826 51899 52628 52913 53099 53420 ,375622 846719 820077 675888 974434 829131 766254 220322 613178 666683 ,44092 48453 49106 49145 49826 51899 52628 52913 53099 53420 
429723 692115 261697 261935 451382 298568 18400 105378 242142 419592 ,40830 40991 41254 42378 43564 44362 45536 47699 47710 48368 ,429723 692115 261697 261935 451382 298568 18400 105378 242142 419592 ,40830 40991 41254 42378 43564 44362 45536 47699 47710 48368 
96773 11972 342656 457643 950755 230195 281508 290237 81944 289726 ,46431 61053 64671 75719 76703 79233 79443 79615 80375 80421 ,96773 11972 342656 457643 950755 230195 281508 290237 81944 289726 ,46431 61053 64671 75719 76703 79233 79443 79615 80375 80421 
603954 192390 39787 99263 754681 99216 970484 447147 937900 446488 ,12784 14354 14819 15005 15800 17035 18447 18750 18854 18859 ,603954 192390 39787 99263 754681 99216 970484 447147 937900 446488 ,12784 14354 14819 15005 15800 17035 18447 18750 18854 18859 
223865 19182 418550 661189 186961 607798 843275 693476 897993 731865 ,74029 74802 75240 75310 75754 76064 76143 76331 77169 78004 ,223865 19182 418550 661189 186961 607798 843275 693476 897993 731865 ,74029 74802 75240 75310 75754 76064 76143 76331 77169 78004 
712591 34918 615742 483893 81333 304121 945064 306281 43510 806870 ,85954 94730 98974 99509 99648 99973 100023 100106 100224 101865 ,712591 34918 615742 483893 81333 304121 945064 306281 43510 806870 ,85954 94730 98974 99509 99648 99973 100023 100106 100224 101865 
152786 34888 228104 775725 548397 243484 907306 9366 380242 128798 ,44279 46310 49630 49770 51998 52488 54114 56881 57368 59811 ,34888 228104 9366 75669 255959 687999 362692 346543 281820 369606 ,46310 49630 56881 59842 61075 63977 65146 67123 68402 68794 
890871 406754 771593 927713 133000 771406 491180 388985 699901 153883 ,65489 67454 69130 71114 71490 71899 72451 73080 73095 73190 ,890871 406754 771593 927713 133000 771406 491180 388985 699901 153883 ,65489 67454 69130 71114 71490 71899 72451 73080 73095 73190 
38947 423150 768410 217748 446584 215997 446262 820566 190047 654463 ,5231 5254 5513 5620 5978 5980 6159 6412 6441 6509 ,38947 423150 768410 217748 446584 215997 446262 820566 190047 654463 ,5231 5254 5513 5620 5978 5980 6159 6412 6441 6509 
668360 541813 670278 856285 89083 894983 541793 880061 691408 883736 ,30331 32028 34987 38632 39208 40990 41274 41641 42433 42444 ,668360 541813 670278 856285 89083 894983 541793 880061 691408 883736 ,30331 32028 34987 38632 39208 40990 41274 41641 42433 42444 
858193 963316 841610 227464 190602 822718 823102 645050 231791 705453 ,63861 65078 77637 82712 89638 89868 90857 90911 91248 92186 ,858193 963316 841610 227464 190602 822718 823102 645050 231791 705453 ,63861 65078 77637 82712 89638 89868 90857 90911 91248 92186 
281725 122963 151235 123627 528401 662622 293311 291891 292956 151293 ,31886 32175 32231 32357 34563 35776 37368 37657 37712 37744 ,281725 122963 151235 123627 528401 662622 293311 291891 292956 151293 ,31886 32175 32231 32357 34563 35776 37368 37657 37712 37744 
400756 825917 884550 90219 924221 574273 282739 792332 525064 925383 ,76119 80061 85476 85714 87295 89221 92611 94156 94692 94718 ,400756 825917 884550 90219 924221 574273 282739 792332 525064 925383 ,76119 80061 85476 85714 87295 89221 92611 94156 94692 94718 
127184 639578 44786 573690 128634 168016 869208 802613 522852 12667 ,45134 48156 49398 53653 55157 55780 56214 56678 57945 59308 ,639578 44786 573690 128634 168016 869208 802613 522852 12667 661996 ,48156 49398 53653 55157 55780 56214 56678 57945 59308 59854 
740468 363422 490209 602544 504998 305965 658412 109408 151232 30007 ,37800 38894 44046 44067 45388 45829 46098 46344 46578 46970 ,740468 363422 490209 602544 504998 305965 658412 109408 151232 30007 ,37800 38894 44046 44067 45388 45829 46098 46344 46578 46970 
308993 559187 87369 797437 105133 435383 89780 621066 694921 425017 ,58178 65684 75795 75959 76889 79667 80124 80301 80459 80562 ,308993 559187 87369 797437 105133 435383 89780 621066 694921 425017 ,58178 65684 75795 75959 76889 79667 80124 80301 80459 80562 
962142 72011 436202 698147 404419 824871 264448 295173 561409 15438 ,61799 81264 81456 82200 84531 87003 90250 91855 94724 96461 ,962142 72011 436202 698147 404419 824871 264448 295173 561409 15438 ,61799 81264 81456 82200 84531 87003 90250 91855 94724 96461 
401171 614904 26624 658182 551613 30201 30011 4645 514363 440990 ,53901 63392 64718 68862 70737 71722 71736 72612 73382 77278 ,401171 614904 26624 658182 551613 30201 30011 4645 514363 440990 ,53901 63392 64718 68862 70737 71722 71736 72612 73382 77278 
353320 367254 525409 259921 607069 307275 742747 505371 306549 496163 ,30664 34377 37004 37697 38533 38872 39069 39149 39304 39485 ,353320 367254 525409 259921 607069 307275 742747 505371 306549 496163 ,30664 34377 37004 37697 38533 38872 39069 39149 39304 39485 
792348 809716 146325 7849 929942 862796 364319 567822 262003 564292 ,29928 31082 34197 41702 41748 42433 42465 42525 42953 43998 ,809716 146325 7849 929942 862796 364319 567822 262003 564292 252239 ,31082 34197 41702 41748 42433 42465 42525 42953 43998 44013 
225661 281498 452792 735930 92631 581635 603636 509403 465354 490387 ,54925 55020 55459 56111 58620 59846 61090 61654 61988 62503 ,225661 281498 452792 735930 92631 581635 603636 509403 465354 490387 ,54925 55020 55459 56111 58620 59846 61090 61654 61988 62503 
628035 887601 973196 176660 757628 816727 134198 220268 159765 184738 ,79521 94210 98133 99409 99604 104023 104486 105575 106248 108091 ,628035 887601 973196 176660 757628 134198 220268 159765 184738 221948 ,79521 94210 98133 99409 99604 104486 105575 106248 108091 108375 
526306 823744 603367 234434 993694 482568 601416 503206 635848 509282 ,38475 40338 43332 45428 46654 47070 47443 47688 48299 49073 ,526306 823744 603367 234434 993694 482568 601416 503206 635848 509282 ,38475 40338 43332 45428 46654 47070 47443 47688 48299 49073 
71653 633456 832258 752205 678943 535677 489265 521825 932246 87086 ,41474 54624 60306 61260 61611 64142 64159 64890 65739 65745 ,71653 633456 832258 678943 535677 932246 87086 559269 391785 297883 ,41474 54624 60306 61611 64142 65739 65745 65858 65890 66360 
522531 522318 915497 192006 335693 244363 280082 799745 134349 257068 ,51400 60463 64991 65939 67396 68657 68703 69131 69654 69766 ,522531 522318 335693 244363 280082 799745 134349 257068 813789 179297 ,51400 60463 67396 68657 68703 69131 69654 69766 71744 73805 
997991 420148 518607 186313 698478 471902 95166 735796 477738 550713 ,73021 75047 75523 77674 85378 85807 88209 88930 89551 92616 ,997991 420148 518607 186313 698478 471902 95166 735796 477738 550713 ,73021 75047 75523 77674 85378 85807 88209 88930 89551 92616 
655922 677741 715379 363565 48366 958701 698668 227255 489141 292482 ,41884 42657 43800 44051 45024 46367 46996 47433 47727 48764 ,655922 677741 715379 363565 48366 958701 698668 227255 489141 292482 ,41884 42657 43800 44051 45024 46367 46996 47433 47727 48764 
678335 118203 566791 467437 558977 679411 581124 23852 156890 413775 ,54668 58994 60308 60775 61800 61996 63601 64075 65078 65631 ,678335 118203 566791 467437 558977 679411 581124 23852 156890 413775 ,54668 58994 60308 60775 61800 61996 63601 64075 65078 65631 
307872 32170 68368 699300 698222 423795 68576 525338 559569 743097 ,28667 30870 32621 32803 33378 33785 34326 34352 34420 34974 ,307872 32170 68368 699300 698222 423795 68576 525338 559569 743097 ,28667 30870 32621 32803 33378 33785 34326 34352 34420 34974 
175483 91946 25316 615388 167611 964707 4730 155032 108248 635099 ,55718 60087 61713 63320 65337 65815 66646 66728 67282 68247 ,175483 91946 25316 615388 167611 964707 4730 155032 108248 635099 ,55718 60087 61713 63320 65337 65815 66646 66728 67282 68247 
813387 586194 584408 281789 347392 502667 920342 1321 233022 14656 ,44065 52213 52858 56486 57713 58537 61183 61881 62025 62039 ,813387 586194 584408 281789 347392 502667 920342 1321 233022 14656 ,44065 52213 52858 56486 57713 58537 61183 61881 62025 62039 
487278 778539 64012 125421 383121 176679 133304 570606 505167 972885 ,43373 54169 54417 55975 58436 59534 59980 62149 62397 63196 ,487278 778539 64012 125421 383121 176679 133304 570606 505167 972885 ,43373 54169 54417 55975 58436 59534 59980 62149 62397 63196 
752265 967205 72715 624190 61301 884438 284841 483033 66808 362305 ,68142 74712 77998 78488 85579 87679 88425 88770 90574 91580 ,752265 967205 72715 624190 61301 884438 284841 483033 66808 362305 ,68142 74712 77998 78488 85579 87679 88425 88770 90574 91580 
107229 45299 637427 125635 71900 560580 904108 755084 359239 296945 ,36631 40511 43708 49579 50673 51683 52073 52802 53040 53341 ,107229 45299 637427 125635 71900 560580 904108 755084 359239 296945 ,36631 40511 43708 49579 50673 51683 52073 52802 53040 53341 
967512 579261 36796 256006 151958 105847 238869 173231 462917 92640 ,59156 59724 64107 65135 65872 67743 67983 69662 69891 71851 ,967512 579261 36796 256006 151958 105847 238869 173231 462917 92640 ,59156 59724 64107 65135 65872 67743 67983 69662 69891 71851 
694380 684844 553482 995410 542108 370781 995458 369 614438 138508 ,40381 42018 42644 44034 44774 45967 51180 51284 51922 52541 ,694380 684844 553482 995410 542108 370781 995458 369 614438 138508 ,40381 42018 42644 44034 44774 45967 51180 51284 51922 52541 
369789 563421 253228 264266 12829 840779 823068 172073 475388 267822 ,57007 61666 62873 64226 66010 66854 67769 69377 69430 69915 ,563421 253228 264266 12829 840779 823068 172073 475388 267822 359788 ,61666 62873 64226 66010 66854 67769 69377 69430 69915 70441 
574401 499557 955665 31696 783022 699457 955664 393779 31469 184175 ,64856 70826 72275 72593 74947 76146 77512 78535 80683 81235 ,574401 499557 955665 31696 783022 699457 955664 393779 31469 184175 ,64856 70826 72275 72593 74947 76146 77512 78535 80683 81235 
987212 707752 121689 522971 391599 416564 313151 864215 426240 703593 ,79295 83789 87004 89171 90211 90247 91614 93194 93444 93912 ,987212 707752 121689 522971 391599 416564 313151 864215 426240 703593 ,79295 83789 87004 89171 90211 90247 91614 93194 93444 93912 
390168 436716 524667 523256 121179 915978 699595 143619 595556 460170 ,57365 64322 65023 66331 67314 67649 68300 68308 69524 70035 ,390168 436716 524667 523256 915978 699595 595556 460170 305870 122169 ,57365 64322 65023 66331 67649 68300 69524 70035 70578 71452 
907929 236146 83494 77686 84000 718475 450192 718234 910668 479205 ,41100 42560 46385 47902 49295 49320 49736 49934 50500 50539 ,907929 236146 83494 77686 84000 718475 450192 718234 910668 479205 ,41100 42560 46385 47902 49295 49320 49736 49934 50500 50539 
723615 481237 408762 91061 588906 396235 76396 277930 361059 171624 ,66309 70098 71049 72109 73499 74498 74594 74706 75376 75494 ,723615 481237 408762 91061 588906 396235 76396 277930 361059 171624 ,66309 70098 71049 72109 73499 74498 74594 74706 75376 75494 
666405 175870 16118 400914 710571 20623 172757 469329 174727 32925 ,82939 85708 88946 89154 91669 91693 93082 96046 98854 99382 ,666405 175870 16118 400914 710571 20623 172757 469329 174727 32925 ,82939 85708 88946 89154 91669 91693 93082 96046 98854 99382 
811081 612461 871806 611846 328297 255268 219981 619773 436744 191680 ,61862 61990 65051 65577 66148 68017 68569 69347 69353 70406 ,811081 612461 871806 611846 328297 255268 619773 436744 191680 609800 ,61862 61990 65051 65577 66148 68017 69347 69353 70406 70752 
872613 756509 167530 98234 724102 466750 69423 791627 625045 332690 ,84472 88216 88219 89189 90963 93640 93945 94558 95045 95837 ,872613 756509 167530 98234 724102 466750 69423 791627 625045 332690 ,84472 88216 88219 89189 90963 93640 93945 94558 95045 95837 
838568 697472 250238 56598 213629 369068 130786 506081 55110 260499 ,77363 88353 91288 91487 93722 98168 98357 100990 101538 101649 ,838568 697472 250238 56598 213629 369068 130786 506081 55110 260499 ,77363 88353 91288 91487 93722 98168 98357 100990 101538 101649 
31254 31848 616247 583038 138263 400170 904563 645519 103839 588812 ,45359 49864 54797 56784 59065 59251 61235 61753 63685 65482 ,31254 31848 616247 583038 138263 400170 904563 645519 103839 588812 ,45359 49864 54797 56784 59065 59251 61235 61753 63685 65482 
402876 202038 266316 255871 259385 10719 12999 110311 848507 403080 ,59251 59287 59287 62865 63204 63503 67880 68068 68345 68868 ,402876 202038 255871 259385 10719 12999 110311 848507 403080 616694 ,59251 59287 62865 63204 63503 67880 68068 68345 68868 68942 
267282 668535 354156 22313 568186 750939 251847 401820 737879 696626 ,85849 93694 93996 94990 97051 97181 97659 97684 97696 98825 ,267282 668535 354156 22313 568186 750939 251847 401820 737879 696626 ,85849 93694 93996 94990 97051 97181 97659 97684 97696 98825 
502187 304992 142169 830084 354520 359358 703708 956257 56020 721094 ,78712 81569 84118 86749 87609 90010 97383 99124 101372 102505 ,502187 304992 142169 830084 354520 359358 703708 956257 56020 721094 ,78712 81569 84118 86749 87609 90010 97383 99124 101372 102505 
760198 310694 525848 396137 463724 431235 413869 271211 233012 729744 ,76276 78861 89774 90857 90971 92700 94258 94314 96164 96483 ,760198 310694 525848 396137 463724 431235 413869 271211 233012 729744 ,76276 78861 89774 90857 90971 92700 94258 94314 96164 96483 
796110 233505 72797 622855 795740 189904 393055 74521 227528 796245 ,55687 61047 61895 62846 64509 65379 65704 65939 66004 66698 ,796110 233505 72797 622855 795740 189904 74521 403863 666583 15973 ,55687 61047 61895 62846 64509 65379 65939 67035 67163 68225 
600886 823512 157611 422588 295141 809945 964980 430988 949538 160417 ,37301 50882 52379 52978 53705 53869 53966 54072 54346 54555 ,600886 823512 157611 422588 295141 809945 964980 430988 949538 160417 ,37301 50882 52379 52978 53705 53869 53966 54072 54346 54555 
119068 657903 802893 775122 167641 871165 661366 326720 469391 33792 ,50159 57058 58298 59253 60725 61181 61250 61925 61941 63276 ,119068 657903 802893 775122 167641 871165 661366 326720 469391 33792 ,50159 57058 58298 59253 60725 61181 61250 61925 61941 63276 
314980 148962 187831 966609 715135 552229 493651 819025 179157 7403 ,79816 81191 81211 90135 90366 91110 91690 92287 92573 93079 ,314980 148962 187831 966609 715135 552229 493651 819025 179157 7403 ,79816 81191 81211 90135 90366 91110 91690 92287 92573 93079 
480692 606123 177592 712979 654723 269843 429054 878945 789296 617775 ,51818 56285 66557 68826 69993 70388 71020 71646 72229 72730 ,480692 606123 177592 712979 654723 269843 429054 878945 789296 617775 ,51818 56285 66557 68826 69993 70388 71020 71646 72229 72730 
830812 978493 533966 612027 180304 437560 526972 437119 822247 628177 ,70722 73218 74796 76947 79951 81690 84270 84714 85270 85690 ,830812 978493 533966 612027 180304 437560 526972 437119 822247 628177 ,70722 73218 74796 76947 79951 81690 84270 84714 85270 85690 
422547 526670 16456 20765 616621 280731 79415 91946 825974 452032 ,35372 36997 37628 39212 39240 40724 41999 42014 42032 43312 ,422547 526670 16456 20765 616621 280731 79415 91946 825974 452032 ,35372 36997 37628 39212 39240 40724 41999 42014 42032 43312 
883984 720801 358064 520781 473305 288194 269397 582 714954 17073 ,142168 154285 167182 167298 175086 179670 185911 192695 201760 202962 ,883984 720801 358064 520781 473305 288194 269397 582 714954 17073 ,142168 154285 167182 167298 175086 179670 185911 192695 201760 202962 
253715 398479 204106 390167 492868 932741 236533 234683 53972 925106 ,47878 48656 49628 50784 51165 51958 52142 52836 53828 54374 ,253715 398479 204106 390167 492868 932741 236533 234683 53972 925106 ,47878 48656 49628 50784 51165 51958 52142 52836 53828 54374 
80553 22435 326534 693766 129725 463916 480550 584064 77045 64812 ,58608 64327 64898 64932 66199 66372 67263 68230 68291 70459 ,22435 326534 463916 480550 584064 77045 64812 249009 235034 577083 ,64327 64898 66372 67263 68230 68291 70459 70800 71469 72284 
773463 715006 263557 123853 534309 651962 531827 151105 61657 241852 ,25890 29196 33218 33614 34215 35363 36597 37097 37537 38028 ,773463 715006 263557 123853 534309 651962 531827 151105 61657 241852 ,25890 29196 33218 33614 34215 35363 36597 37097 37537 38028 
148928 164309 117128 698998 208854 572905 376003 340763 498496 972940 ,59964 62200 67592 67667 68813 68909 71174 73289 73532 73815 ,148928 164309 117128 698998 208854 572905 376003 340763 498496 972940 ,59964 62200 67592 67667 68813 68909 71174 73289 73532 73815 
955447 359014 765878 355341 430036 42457 605597 989941 871808 388566 ,54435 70154 73780 74352 76546 77287 80049 80488 80761 80860 ,955447 359014 765878 355341 430036 42457 605597 989941 871808 388566 ,54435 70154 73780 74352 76546 77287 80049 80488 80761 80860 
515339 465838 804087 170267 379855 36796 809607 911753 282049 742820 ,57506 60387 61216 62657 63458 64199 64347 64406 64610 65828 ,515339 170267 379855 36796 809607 911753 282049 188809 549167 393318 ,57506 62657 63458 64199 64347 64406 64610 65978 65990 66144 
170217 233146 61933 190633 538689 420484 203664 396405 434322 678034 ,56578 60186 63744 64653 65072 67864 67896 68963 69414 71050 ,170217 233146 61933 190633 538689 420484 203664 396405 434322 678034 ,56578 60186 63744 64653 65072 67864 67896 68963 69414 71050 
669883 821116 892582 968096 64825 636164 81786 18684 603313 343433 ,44306 47082 53533 53729 56630 56928 57952 64498 64640 66107 ,669883 892582 968096 64825 636164 81786 18684 603313 343433 887529 ,44306 53533 53729 56630 56928 57952 64498 64640 66107 66696 
37134 233033 37364 254450 543844 881197 882102 878136 254443 253783 ,27816 36960 39930 41281 41529 41610 44192 46772 47270 48116 ,37134 233033 37364 254450 543844 881197 882102 878136 254443 253783 ,27816 36960 39930 41281 41529 41610 44192 46772 47270 48116 
821736 814770 473623 191211 649519 322993 444918 281551 429749 493663 ,53777 58455 59398 60689 62469 64644 67831 68646 70140 71412 ,821736 814770 473623 191211 649519 322993 444918 281551 429749 493663 ,53777 58455 59398 60689 62469 64644 67831 68646 70140 71412 
653372 242732 672358 653081 646741 26028 672801 292147 59278 833606 ,42091 42325 45487 50689 50800 52403 53761 53977 54747 56372 ,653372 242732 672358 653081 646741 26028 672801 292147 59278 833606 ,42091 42325 45487 50689 50800 52403 53761 53977 54747 56372 
412148 533901 278858 325734 940486 280015 913707 278951 730072 238056 ,45101 48390 50126 50257 51751 53709 55139 58096 58236 59463 ,412148 533901 278858 325734 940486 280015 913707 278951 730072 238056 ,45101 48390 50126 50257 51751 53709 55139 58096 58236 59463 
596834 443193 55001 477262 769075 769803 720251 813253 591500 805581 ,55981 58094 63881 64174 65067 65163 65210 67833 68411 68550 ,596834 443193 55001 477262 769075 769803 720251 813253 591500 805581 ,55981 58094 63881 64174 65067 65163 65210 67833 68411 68550 
528899 528880 400843 932246 325591 535560 100105 535794 379386 947014 ,48618 51757 59169 60171 60532 60894 60903 61614 61649 61904 ,932246 100105 535794 379386 361324 535540 731850 99911 806283 324847 ,60171 60903 61614 61649 63674 63916 65314 65772 67106 67745 
905568 446607 446092 446030 952185 958096 670830 681824 102316 594377 ,27532 28122 28567 39395 44338 45890 46083 46657 47447 47687 ,905568 446607 446092 446030 952185 958096 670830 681824 102316 594377 ,27532 28122 28567 39395 44338 45890 46083 46657 47447 47687 
287515 433557 697323 806375 714439 497044 583912 144602 430346 323497 ,42188 42348 43800 44291 46181 47246 47394 48118 48299 48624 ,287515 433557 697323 806375 714439 583912 144602 430346 323497 416447 ,42188 42348 43800 44291 46181 47394 48118 48299 48624 50379 
686581 363708 995002 458692 562767 366806 685838 597323 935883 840511 ,63633 68932 69767 70767 72099 73862 76579 76988 78192 78471 ,686581 562767 366806 685838 597323 935883 840511 154795 193769 596168 ,63633 72099 73862 76579 76988 78192 78471 79009 79684 79835 
499476 855380 632234 450460 498426 365261 474462 632558 635084 497763 ,29966 31639 32160 32479 32531 33117 33946 34958 35225 35358 ,499476 855380 450460 498426 365261 474462 632558 635084 497763 6435 ,29966 31639 32479 32531 33117 33946 34958 35225 35358 36070 
350498 80857 379729 336671 179496 169689 776800 352141 272485 726491 ,49446 50590 50790 52385 55339 57006 58253 58817 58835 59428 ,80857 379729 336671 179496 169689 776800 352141 272485 726491 159498 ,50590 50790 52385 55339 57006 58253 58817 58835 59428 59676 
612423 500693 214695 110634 841183 200017 111525 317574 95709 516386 ,39395 47614 48849 50973 51523 52633 53193 53393 53507 53542 ,612423 500693 214695 110634 841183 200017 111525 317574 95709 516386 ,39395 47614 48849 50973 51523 52633 53193 53393 53507 53542 
289995 122950 578688 556996 51467 891967 990672 265642 866866 99016 ,49011 50387 52365 53785 54037 54264 54269 54472 54845 54850 ,289995 122950 578688 556996 51467 891967 990672 265642 866866 99016 ,49011 50387 52365 53785 54037 54264 54269 54472 54845 54850 
143932 191828 522905 124868 16652 705941 146491 34988 587744 191739 ,58948 59415 61127 62870 63536 64291 64918 66024 66095 66200 ,143932 191828 522905 124868 16652 705941 146491 34988 587744 191739 ,58948 59415 61127 62870 63536 64291 64918 66024 66095 66200 
705067 618661 365198 619855 551188 943345 561071 864180 274019 738861 ,59997 65689 70793 72063 76684 76934 79440 80828 81585 82430 ,618661 619855 864180 274019 738861 243394 68970 751401 846590 266627 ,65689 72063 80828 81585 82430 83236 84005 87689 88333 88463 
373674 266967 243739 251349 811736 597883 164079 153181 863081 988556 ,58334 58764 60805 68339 69063 72540 72936 73024 73048 73510 ,373674 266967 251349 164079 153181 988556 758977 205287 917316 940789 ,58334 58764 68339 72936 73024 73510 73663 73724 74324 75605 
913293 439278 437496 436086 912692 176696 859217 793068 712052 637051 ,61321 63884 64157 64540 65326 69807 71676 72524 73669 75149 ,913293 439278 437496 436086 912692 176696 859217 793068 712052 637051 ,61321 63884 64157 64540 65326 69807 71676 72524 73669 75149 
402031 597216 477973 537944 681211 398133 413206 476548 954298 55028 ,40501 46154 47601 48323 49299 49466 50847 51395 51868 51911 ,402031 597216 410544 211478 11227 562089 42486 381586 779522 746732 ,40501 46154 56721 57033 57287 57292 57767 57914 57927 59107 
36938 849366 785399 885056 13248 970475 757250 1463 844378 449816 ,61505 75174 80325 84461 84543 87397 88092 90638 91217 91411 ,36938 849366 785399 885056 970475 757250 1463 844378 449816 791231 ,61505 75174 80325 84461 87397 88092 90638 91217 91411 91453 
805678 104627 193479 95186 516378 847894 243026 463434 5751 978323 ,65673 69083 69948 73430 74922 75647 76771 78032 78524 78861 ,805678 104627 193479 95186 516378 847894 243026 463434 5751 978323 ,65673 69083 69948 73430 74922 75647 76771 78032 78524 78861 
597116 842806 335734 817915 541935 103600 531690 866199 611 854911 ,110243 119411 119924 121912 126657 126904 127464 127600 127761 129220 ,597116 842806 335734 817915 541935 103600 531690 866199 611 854911 ,110243 119411 119924 121912 126657 126904 127464 127600 127761 129220 
742339 839705 75556 104320 260056 173797 403075 118289 487795 420484 ,77208 81785 87325 93803 94369 95009 98781 98937 99577 100523 ,742339 839705 75556 104320 260056 173797 403075 118289 487795 420484 ,77208 81785 87325 93803 94369 95009 98781 98937 99577 100523 
2698 435196 513613 691798 524868 686334 874785 769286 791286 139210 ,60479 65153 65161 69780 70041 70364 71110 71513 72213 72371 ,2698 435196 513613 691798 524868 686334 874785 769286 791286 139210 ,60479 65153 65161 69780 70041 70364 71110 71513 72213 72371 
278550 275454 430045 570081 864775 405884 867933 196805 58542 343295 ,41470 42880 48701 48745 49554 50266 50810 51218 51683 52428 ,278550 275454 430045 570081 864775 405884 867933 196805 58542 343295 ,41470 42880 48701 48745 49554 50266 50810 51218 51683 52428 
913085 295146 886455 281498 237332 538911 144271 349107 856457 470858 ,42787 43980 44118 44957 45677 47218 47766 48300 48792 49461 ,913085 886455 281498 237332 538911 856457 470858 544799 765992 13595 ,42787 44118 44957 45677 47218 48792 49461 49955 50021 50490 
210397 564119 670278 824960 934716 868851 906501 681984 215673 879919 ,46942 56609 56787 58773 59188 59241 59701 60663 60749 60886 ,210397 564119 670278 824960 934716 868851 906501 681984 215673 879919 ,46942 56609 56787 58773 59188 59241 59701 60663 60749 60886 
395830 377399 485681 554412 162704 680055 143690 124123 400988 486198 ,50444 52206 52453 53990 54014 54678 57775 58040 58847 59121 ,395830 377399 485681 554412 162704 680055 143690 124123 400988 486198 ,50444 52206 52453 53990 54014 54678 57775 58040 58847 59121 
853283 853564 259987 129223 338716 579950 66869 298010 668657 327749 ,49077 58036 60950 67127 71424 71932 73701 73702 75084 76206 ,853283 853564 259987 338716 579950 66869 298010 668657 327749 916923 ,49077 58036 60950 71424 71932 73701 73702 75084 76206 77298 
428124 896205 29631 713673 247076 770378 897558 122716 942542 176513 ,30132 30319 30609 31314 31559 33471 33715 33867 35106 35290 ,428124 896205 29631 713673 247076 770378 897558 122716 942542 176513 ,30132 30319 30609 31314 31559 33471 33715 33867 35106 35290 
750032 175423 720289 653763 893610 223764 417068 542207 217478 513758 ,71647 74437 77537 77898 77906 79799 80701 80811 81461 83151 ,750032 175423 720289 653763 893610 223764 417068 542207 217478 513758 ,71647 74437 77537 77898 77906 79799 80701 80811 81461 83151 
38622 820581 167906 379907 751455 837974 37591 383254 782026 934185 ,24722 31688 32889 35879 36872 37005 39046 39818 40807 41014 ,38622 820581 167906 379907 751455 837974 37591 383254 782026 934185 ,24722 31688 32889 35879 36872 37005 39046 39818 40807 41014 
654015 537070 804436 762262 965099 913929 445908 445606 424149 804459 ,13478 14833 15902 17359 17602 17913 17950 18220 18226 18250 ,654015 537070 804436 762262 965099 913929 445908 445606 424149 804459 ,13478 14833 15902 17359 17602 17913 17950 18220 18226 18250 
43636 993620 823616 681581 37813 543203 546656 37825 571921 442688 ,11593 12798 14001 14218 14385 14709 15065 15539 15676 15823 ,673154 993643 546658 711243 692425 810691 615732 207206 685726 673368 ,19989 20162 20895 22872 23266 23408 24270 25369 25566 25750 
835494 83738 823573 768039 540240 540481 602042 993643 676378 701666 ,11547 18599 21048 21609 22508 22677 23243 24212 24410 25298 ,835494 83738 823573 768039 540240 540481 602042 993643 676378 701666 ,11547 18599 21048 21609 22508 22677 23243 24212 24410 25298 
38752 640565 615306 445778 215827 541743 45073 445918 667627 37676 ,24073 26212 32056 33347 34699 36546 37132 37367 37614 38858 ,38752 640565 615306 445778 215827 541743 45073 445918 667627 37676 ,24073 26212 32056 33347 34699 36546 37132 37367 37614 38858 
446196 681957 446383 445936 655985 552512 559515 758710 422022 46590 ,12985 15123 15871 16370 16704 17804 19593 19611 21002 21226 ,446196 681957 446383 445936 655985 552512 559515 758710 422022 46590 ,12985 15123 15871 16370 16704 17804 19593 19611 21002 21226 
540531 848186 782053 102951 558923 824038 48318 814699 800573 543862 ,46924 47838 48044 49946 51176 52860 53587 55423 55522 55569 ,540531 848186 782053 102951 558923 824038 48318 800573 543862 858802 ,46924 47838 48044 49946 51176 52860 53587 55522 55569 56465 
37991 37930 216547 767853 38758 767896 896104 820609 767834 767920 ,5290 5296 6956 7751 8615 9028 9203 9341 10858 11095 ,37991 37930 216547 767853 38758 767896 896104 820609 767834 767920 ,5290 5296 6956 7751 8615 9028 9203 9341 10858 11095 
478615 918270 39460 38566 38363 478663 39357 857146 892145 255806 ,7311 8331 8860 9619 9741 9882 10601 11202 11789 12256 ,478615 918270 39460 38566 38363 478663 39357 857146 892145 255806 ,7311 8331 8860 9619 9741 9882 10601 11202 11789 12256 
606022 538546 386528 981851 56636 982068 378852 39438 207223 64059 ,13821 20225 21637 21679 22853 24477 24682 28943 29410 30301 ,538546 798741 702011 736073 765336 378668 729026 682792 617267 416774 ,20225 34776 34960 35121 36359 36450 37075 37640 39011 39233 
39440 892146 480163 7634 476423 477123 477514 39378 478254 476253 ,3419 4574 4964 5952 6208 6328 6843 6975 7010 7221 ,54953 51045 874415 667023 190830 768321 128389 115239 446813 448087 ,8141 8971 9845 10518 11330 12923 13381 13761 13876 14823 
38448 108534 737843 39498 512543 259888 574886 917820 38447 38457 ,19439 22238 22738 24631 24761 27533 27759 27776 28877 29406 ,38448 108534 737843 39498 512543 259888 574886 917820 38447 38457 ,19439 22238 22738 24631 24761 27533 27759 27776 28877 29406 
38446 39429 512415 39450 512858 38519 39357 880419 38509 541689 ,6711 7689 8201 8568 8907 11927 12144 12796 12872 13747 ,38446 39429 512415 39450 512858 38519 39357 880419 38509 541689 ,6711 7689 8201 8568 8907 11927 12144 12796 12872 13747 
890354 893190 448954 890112 890692 568816 893031 449098 890255 757949 ,15979 17459 18947 21783 22053 22533 22695 23065 23145 23557 ,757949 643191 380349 998740 870371 10689 900039 539564 6910 838479 ,23557 26236 26265 38827 42009 43239 44898 46297 47564 47622 
870594 814857 881000 654419 913051 656525 417556 960168 674450 428761 ,38078 46909 48403 51274 51609 53809 54599 54978 57448 57809 ,870594 814857 881000 654419 913051 656525 417556 960168 674450 428761 ,38078 46909 48403 51274 51609 53809 54599 54978 57448 57809 
421082 538606 816491 54488 139969 862366 655608 654963 464275 48930 ,10309 13346 13891 14564 14702 15114 15132 15724 17298 17655 ,421082 538606 816491 54488 139969 862366 655608 654963 464275 48930 ,10309 13346 13891 14564 14702 15114 15132 15724 17298 17655 
24340 430026 637146 570056 474853 278684 819178 426613 502410 109171 ,21578 23786 24566 25314 25909 25986 26267 26728 27208 27727 ,24340 430026 637146 570056 474853 278684 819178 426613 502410 109171 ,21578 23786 24566 25314 25909 25986 26267 26728 27208 27727 
190218 583809 275740 697972 996721 74973 869159 484636 527764 254968 ,41097 42850 43537 43782 45732 47330 47793 48719 49204 51553 ,190218 583809 275740 996721 74973 869159 484636 527764 254968 589861 ,41097 42850 43537 45732 47330 47793 48719 49204 51553 52544 
638904 8905 127846 116025 914565 8792 827444 143969 614232 405094 ,32427 34621 40904 45479 46312 46796 48842 51189 51909 52883 ,638904 8905 127846 405094 172549 310573 567621 568737 628828 951890 ,32427 34621 40904 52883 53167 55124 57634 59100 63054 64688 
123473 570088 541299 55553 439518 910843 718988 306186 799670 213681 ,48150 57868 58158 60300 65690 65786 66029 66399 68960 71433 ,123473 570088 541299 55553 439518 910843 718988 306186 799670 213681 ,48150 57868 58158 60300 65690 65786 66029 66399 68960 71433 
809425 740738 555636 903112 55541 613746 768607 867282 7090 767570 ,32125 32804 42319 42854 42980 43372 43420 43573 44653 45167 ,809425 740738 555636 903112 55541 613746 768607 867282 7090 767570 ,32125 32804 42319 42854 42980 43372 43420 43573 44653 45167 
27621 50081 51074 39241 687808 768205 460060 302014 968618 557044 ,51204 54780 60740 69247 71413 71852 73020 74480 80961 81583 ,27621 50081 51074 39241 687808 768205 460060 302014 968618 557044 ,51204 54780 60740 69247 71413 71852 73020 74480 80961 81583 
103816 970369 207635 947917 853933 14770 410083 609327 957519 854018 ,41022 43357 44956 45326 45824 46393 46613 47942 48536 48723 ,103816 970369 207635 947917 853933 14770 410083 609327 957519 854018 ,41022 43357 44956 45326 45824 46393 46613 47942 48536 48723 
220290 837892 897795 326438 489352 480316 932051 256669 642678 455933 ,43042 61179 62567 63816 67362 71868 72364 73465 74134 74839 ,220290 837892 897795 326438 489352 932051 256669 642678 455933 402099 ,43042 61179 62567 63816 67362 72364 73465 74134 74839 75495 
536153 834330 429476 833889 98719 422786 423094 974169 423795 925955 ,32666 35267 38381 39335 40745 41098 41297 42034 43110 43319 ,536153 834330 429476 833889 98719 422786 423094 974169 423795 925955 ,32666 35267 38381 39335 40745 41098 41297 42034 43110 43319 
754281 105787 313798 603405 754012 524904 5406 719143 723252 365608 ,36272 38423 38562 38709 39522 41237 41384 42025 43414 43819 ,754281 105787 313798 603405 754012 524904 5406 719143 723252 365608 ,36272 38423 38562 38709 39522 41237 41384 42025 43414 43819 
506402 929146 3228 581123 945592 332914 206319 471488 734740 377904 ,91453 103824 109657 110017 113610 115314 116638 123412 123614 124179 ,506402 929146 3228 581123 945592 332914 206319 471488 734740 377904 ,91453 103824 109657 110017 113610 115314 116638 123412 123614 124179 
269216 401224 553005 51140 496275 235239 966722 989591 499181 290578 ,96575 96897 98843 100034 100751 100855 101075 102423 103348 103805 ,269216 401224 553005 51140 496275 235239 966722 989591 499181 290578 ,96575 96897 98843 100034 100751 100855 101075 102423 103348 103805 
829569 730470 398122 77522 52011 574777 601708 681012 225908 342499 ,66743 76591 77279 79386 82871 86272 86495 86600 87337 87751 ,398122 833702 21367 863176 209487 817720 20898 634905 622074 469589 ,77279 87904 89081 91141 91253 91782 93043 94438 94560 95679 
718282 568912 983376 397941 398122 662039 660650 222255 967542 401712 ,46781 47812 51118 51217 51349 51376 51721 52437 53638 54222 ,718282 568912 983376 397941 398122 662039 660650 222255 967542 401712 ,46781 47812 51118 51217 51349 51376 51721 52437 53638 54222 
191139 442397 716476 536307 424151 568005 102635 959847 39076 642304 ,11424 16185 24727 26048 26236 26373 27084 27143 27346 27636 ,191139 442397 716476 536307 424151 568005 102635 959847 39076 642304 ,11424 16185 24727 26048 26236 26373 27084 27143 27346 27636 
447170 655811 475853 837254 655649 445941 446316 445715 446143 445788 ,6987 7182 7184 7385 7536 7917 8085 8876 9266 9299 ,447170 655811 475853 837254 655649 445941 446316 445715 446143 445788 ,6987 7182 7184 7385 7536 7917 8085 8876 9266 9299 
120525 373466 464428 847329 423806 211529 733275 566281 609287 50585 ,30174 32514 33127 35704 38701 39790 40598 40687 42638 42909 ,120525 373466 464428 847329 423806 211529 733275 566281 609287 50585 ,30174 32514 33127 35704 38701 39790 40598 40687 42638 42909 
960157 970484 443053 710302 754647 823952 751474 952625 900975 415693 ,8472 8702 9938 10188 10330 10330 10343 10345 10750 10881 ,960157 970484 443053 710302 823952 754647 751474 952625 900975 415693 ,8472 8702 9938 10188 10330 10330 10343 10345 10750 10881 
472383 470883 103367 530423 79884 530762 55240 475350 80143 470886 ,44771 46031 47204 47969 49328 49841 50529 51097 51239 52434 ,472383 103367 530423 79884 530762 475350 80143 470886 472915 170609 ,44771 47204 47969 49328 49841 51097 51239 52434 52592 52652 
51394 213065 56972 305289 472415 759855 665484 639822 687856 656347 ,28899 30349 30665 33935 35010 35498 35733 36717 37377 37519 ,51394 213065 56972 305289 472415 759855 665484 639822 687856 656347 ,28899 30349 30665 33935 35010 35498 35733 36717 37377 37519 
475350 724573 583998 378695 666419 639756 518657 599237 336911 389095 ,51266 58190 58600 58720 60183 60645 61595 61850 62525 63487 ,475350 724573 583998 378695 666419 639756 518657 599237 336911 389095 ,51266 58190 58600 58720 60183 60645 61595 61850 62525 63487 
428666 642304 428590 912596 616262 656321 638626 892966 217411 906033 ,9804 10273 10501 12542 13874 15281 15685 15936 16886 17123 ,428666 642304 428590 912596 616262 656321 638626 892966 217411 906033 ,9804 10273 10501 12542 13874 15281 15685 15936 16886 17123 
848706 854740 709431 94758 890903 374844 561942 626113 624441 248438 ,41006 43375 45868 47632 47912 48082 48318 50307 51726 52034 ,848706 854740 709431 94758 890903 374844 561942 626113 248438 709914 ,41006 43375 45868 47632 47912 48082 48318 50307 52034 52066 
374360 375756 191362 448151 424420 39199 43501 558900 7934 424612 ,16429 17984 19693 20327 20375 20477 20482 20857 21055 21093 ,375756 191362 448151 424420 39199 558900 7934 424612 38204 349008 ,17984 19693 20327 20375 20477 20857 21055 21093 21385 21574 
684465 389531 397205 458333 293667 525397 870981 516561 700622 530593 ,37006 46985 50726 53880 55682 56835 57342 57388 57848 58081 ,684465 389531 397205 458333 293667 525397 870981 516561 700622 530593 ,37006 46985 50726 53880 55682 56835 57342 57388 57848 58081 
825540 721156 667006 641629 640329 638656 702400 615154 445902 674287 ,19391 20775 21897 23288 23493 24617 24645 29638 29980 30853 ,825540 721156 667006 641629 638656 702400 615154 445902 674287 915275 ,19391 20775 21897 23288 24617 24645 29638 29980 30853 31066 
188840 661522 910952 450278 423269 994471 328982 980043 237031 423001 ,25334 29404 31429 33321 33345 34173 34479 34486 36133 36862 ,188840 661522 910952 450278 994471 328982 980043 237031 423001 560353 ,25334 29404 31429 33321 34173 34479 34486 36133 36862 37605 
701763 930073 765422 278110 953195 11319 19912 320467 869074 553844 ,78993 84854 86975 89807 93368 95243 95745 99266 102500 104414 ,701763 930073 765422 278110 953195 11319 19912 320467 869074 553844 ,78993 84854 86975 89807 93368 95243 95745 99266 102500 104414 
138063 415683 80997 710421 417096 407467 648579 408948 891435 417366 ,74068 75823 75922 81082 81612 82114 82706 87207 87470 87777 ,415683 407467 408948 469794 366018 389163 417200 229569 27242 849405 ,75823 82114 87207 89348 90426 90774 91219 93828 95633 96222 
467437 840467 322174 364033 833205 232687 547961 839411 354520 754755 ,37020 44790 47977 48064 48990 49842 51022 51061 51435 51564 ,467437 840467 322174 364033 833205 232687 547961 839411 354520 754755 ,37020 44790 47977 48064 48990 49842 51022 51061 51435 51564 
992052 640096 543207 557753 627953 442610 775119 940638 911747 386346 ,38154 48368 49660 51091 55776 58130 60436 60936 61852 62436 ,992052 640096 543207 557753 627953 442610 775119 940638 911747 386346 ,38154 48368 49660 51091 55776 58130 60436 60936 61852 62436 
404794 796374 833210 217606 374479 757987 572043 892668 854741 761935 ,49323 55625 59097 60619 65597 65923 68790 70118 70233 70298 ,404794 796374 833210 217606 374479 757987 572043 892668 854741 761935 ,49323 55625 59097 60619 65597 65923 68790 70118 70233 70298 
584161 719266 365552 472377 262029 232473 567735 433970 269661 101249 ,28439 29479 30011 30548 30862 31406 31843 32220 32286 33836 ,584161 719266 365552 472377 262029 232473 567735 433970 269661 101249 ,28439 29479 30011 30548 30862 31406 31843 32220 32286 33836 
247809 771625 895789 959064 104231 632630 642168 877935 808943 446425 ,50949 53082 54187 55016 55551 55768 55784 55835 55940 56219 ,247809 771625 895789 959064 104231 632630 642168 877935 808943 446425 ,50949 53082 54187 55016 55551 55768 55784 55835 55940 56219 
134111 656719 144386 105549 442671 799354 101525 890970 716129 641386 ,24409 28439 32882 33660 35244 36413 37369 37717 38293 38627 ,656719 442671 890970 383461 638659 37752 903686 519450 517076 824187 ,28439 35244 37717 38737 39856 40168 40254 40832 41864 42099 
710904 638785 639153 403315 664196 506664 12074 709588 498363 590810 ,50103 60981 61123 78907 81756 85620 87121 89526 89712 89862 ,710904 638785 639153 403315 664196 506664 12074 709588 498363 590810 ,50103 60981 61123 78907 81756 85620 87121 89526 89712 89862 
556173 229865 421064 930317 682526 915111 632814 821639 707259 930183 ,54311 55576 55650 58717 60008 60446 61544 61906 62376 62448 ,556173 229865 421064 682526 915111 632814 821639 707259 930183 908334 ,54311 55576 55650 60008 60446 61544 61906 62376 62448 65662 
710279 639153 604447 714304 607630 759729 137626 787891 16798 714261 ,64021 65098 65332 71507 72508 72818 74174 75030 78559 79402 ,710279 639153 604447 714304 607630 759729 137626 787891 16798 714261 ,64021 65098 65332 71507 72508 72818 74174 75030 78559 79402 
837339 374471 659748 64533 638017 375713 966243 283688 587565 573520 ,53282 53902 56613 58203 58377 58513 61696 61710 61797 61896 ,837339 374471 659748 64533 966243 283688 587565 573520 957670 640170 ,53282 53902 56613 58203 61696 61710 61797 61896 63013 64367 
518777 518938 854178 855082 512013 511893 614417 519111 363585 85597 ,39943 43687 46360 46734 50311 50478 50879 51026 51931 52498 ,518777 518938 854178 855082 512013 511893 614417 519111 85597 417205 ,39943 43687 46360 46734 50311 50478 50879 51026 52498 52528 
996121 865664 767894 189309 565876 640947 687307 763810 102666 951150 ,41613 42572 52817 54533 55257 57977 58018 58584 58855 59645 ,996121 865664 767894 189309 565876 640947 687307 763810 102666 951150 ,41613 42572 52817 54533 55257 57977 58018 58584 58855 59645 
768130 446171 998122 446253 552506 667219 764138 890535 638260 765680 ,15795 19177 20751 24195 24836 25139 25196 27029 28117 28545 ,768130 446171 998122 446253 552506 667219 764138 890535 638260 765680 ,15795 19177 20751 24195 24836 25139 25196 27029 28117 28545 
406634 552424 317673 85612 106048 4224 525102 406462 293260 283795 ,34347 36929 38632 38795 38802 38987 39037 39241 39273 39321 ,406634 552424 317673 85612 106048 4224 525102 406462 293260 283795 ,34347 36929 38632 38795 38802 38987 39037 39241 39273 39321 
89062 686794 200780 589062 364169 454153 383301 684638 73026 360983 ,64145 64405 68023 70390 71050 71332 71748 72024 72508 72720 ,89062 200780 589062 364169 454153 383301 684638 73026 360983 303032 ,64145 68023 70390 71050 71332 71748 72024 72508 72720 74029 
746492 961533 771328 746813 25598 95813 491865 9841 814181 519493 ,18703 20634 21030 21206 22577 22884 23005 23083 23413 24611 ,746492 961533 771328 746813 25598 95813 491865 9841 814181 519493 ,18703 20634 21030 21206 22577 22884 23005 23083 23413 24611 
700424 327389 345098 106745 419963 808362 660417 538487 59443 671882 ,83892 84141 89293 90679 92762 93387 96163 99624 101496 102669 ,700424 327389 345098 106745 419963 808362 660417 538487 59443 671882 ,83892 84141 89293 90679 92762 93387 96163 99624 101496 102669 
655458 640969 833440 867793 846682 657402 880277 215783 833225 573856 ,30053 34304 38046 45422 46254 46988 50398 50845 51094 51666 ,655458 640969 833440 867793 846682 657402 880277 215783 833225 573856 ,30053 34304 38046 45422 46254 46988 50398 50845 51094 51666 
811321 38835 904876 610344 636574 343857 361070 79504 890416 668363 ,29232 70261 96159 98784 115626 125151 133310 136607 143351 143807 ,811321 38835 904876 610344 636574 343857 361070 79504 890416 668363 ,29232 70261 96159 98784 115626 125151 133310 136607 143351 143807 
268918 399980 941780 604660 226060 100189 670075 272198 595143 166596 ,75331 77160 81549 82010 82743 83254 84313 85653 85669 86614 ,268918 399980 941780 604660 226060 100189 670075 272198 595143 166596 ,75331 77160 81549 82010 82743 83254 84313 85653 85669 86614 
645030 644087 667493 218104 667568 217875 645020 94884 559290 666432 ,11622 13097 13395 13899 14140 15234 16074 16321 17482 17504 ,645030 644087 667493 667568 217875 645020 94884 559290 666432 448321 ,11622 13097 13395 14140 15234 16074 16321 17482 17504 18361 
848774 810686 994983 973650 563091 560940 819296 882978 58870 893539 ,37202 40297 41572 44355 44411 44489 44845 44917 46572 48542 ,848774 810686 994983 973650 563091 560940 819296 882978 58870 893539 ,37202 40297 41572 44355 44411 44489 44845 44917 46572 48542 
302951 300744 360715 354118 794851 571112 197348 502684 134132 387647 ,77044 78972 82613 84224 89168 91976 93988 94508 97201 99580 ,302951 300744 360715 354118 794851 571112 197348 502684 134132 387647 ,77044 78972 82613 84224 89168 91976 93988 94508 97201 99580 
901328 563086 47927 440560 56335 562739 588408 852849 901804 378772 ,30912 33405 33553 33825 36192 36933 38408 39369 39865 40565 ,901328 563086 47927 562739 588408 852849 901804 378772 477100 695807 ,30912 33405 33553 36933 38408 39369 39865 40565 40950 43749 
227844 97383 146448 677951 220716 485058 828993 629103 851070 783248 ,65568 66362 67868 68227 69556 71172 71311 73567 73742 75473 ,227844 97383 146448 677951 220716 485058 828993 629103 851070 783248 ,65568 66362 67868 68227 69556 71172 71311 73567 73742 75473 
40166 43398 218750 43025 43114 40215 437911 42931 910480 442988 ,54219 62030 63693 66311 68223 68552 70535 71062 71714 73109 ,40166 43398 218750 43025 43114 40215 437911 42931 910480 442988 ,54219 62030 63693 66311 68223 68552 70535 71062 71714 73109 
640877 100534 660024 894773 881772 647695 641696 825430 417250 791229 ,78562 81571 88004 109859 111166 114042 114824 117100 119163 119183 ,640877 100534 660024 894773 881772 647695 641696 825430 417250 791229 ,78562 81571 88004 109859 111166 114042 114824 117100 119163 119183 
480261 256378 843684 241794 812069 552549 976310 269707 44419 28608 ,68121 69771 70722 73612 75744 78234 78408 79299 81427 82364 ,480261 256378 843684 241794 812069 552549 976310 269707 44419 28608 ,68121 69771 70722 73612 75744 78234 78408 79299 81427 82364 
456934 364270 569758 647967 772038 43945 914660 199887 21312 545238 ,26020 38610 40012 41710 42216 49396 52546 53461 53806 53819 ,456934 364270 569758 647967 772038 43945 914660 199887 21312 545238 ,26020 38610 40012 41710 42216 49396 52546 53461 53806 53819 
113754 822302 423656 712358 717984 663130 423773 792449 778856 191332 ,20135 22355 22970 23857 24073 24403 25636 25637 25685 26461 ,113754 423773 191332 778978 870093 373455 249556 497077 569820 684167 ,20135 25636 26461 27805 28116 28530 29011 33371 33462 34549 
318704 50299 121515 281017 433786 279159 352719 615392 39635 93934 ,48897 49782 56458 57171 57229 63345 64033 64185 64277 64965 ,318704 50299 121515 281017 433786 279159 352719 615392 39635 93934 ,48897 49782 56458 57171 57229 63345 64033 64185 64277 64965 
837920 657726 285327 901083 853607 470377 794496 298484 521348 853048 ,49877 56904 62752 63200 63754 68674 74153 76229 76458 79784 ,837920 657726 285327 901083 853607 470377 794496 298484 521348 853048 ,49877 56904 62752 63200 63754 68674 74153 76229 76458 79784 
826867 102983 2131 307532 152019 560052 449616 148062 429357 881388 ,40707 42458 43405 43473 44433 44495 44733 44843 45834 47019 ,826867 102983 2131 307532 152019 560052 449616 148062 429357 881388 ,40707 42458 43405 43473 44433 44495 44733 44843 45834 47019 
837920 808978 678371 442458 291796 414410 40236 835990 900713 952981 ,43194 65984 88048 102869 113830 117851 122368 143054 144131 149015 ,837920 808978 678371 442458 291796 414410 40236 835990 900713 952981 ,43194 65984 88048 102869 113830 117851 122368 143054 144131 149015 
960697 292135 854021 249261 500564 101241 23685 719315 365960 383582 ,16556 18376 22662 27218 28172 33879 34428 34702 36243 38547 ,960697 292135 854021 249261 500564 101241 23685 719315 365960 383582 ,16556 18376 22662 27218 28172 33879 34428 34702 36243 38547 
349738 216729 336675 388125 197447 906303 366275 450185 121896 547071 ,46159 47607 49018 49441 49686 50457 50643 51849 51883 51901 ,349738 216729 336675 388125 197447 906303 366275 450185 121896 547071 ,46159 47607 49018 49441 49686 50457 50643 51849 51883 51901 
560238 861601 684894 618773 255649 875153 670697 514673 944017 879838 ,45661 47245 61632 62079 63053 64639 64963 66009 66946 69068 ,560238 861601 684894 618773 255649 875153 670697 514673 944017 879838 ,45661 47245 61632 62079 63053 64639 64963 66009 66946 69068 
190252 152035 485647 631678 554608 683200 593941 832646 379662 62250 ,57813 60765 60793 62500 63942 64095 66720 67945 68009 68480 ,190252 152035 485647 631678 554608 683200 593941 832646 379662 62250 ,57813 60765 60793 62500 63942 64095 66720 67945 68009 68480 
422974 516512 139969 655631 901565 577958 905660 667048 490079 862099 ,27025 32813 35331 35827 40297 42038 42076 43157 44617 52669 ,422974 516512 139969 655631 901565 577958 905660 667048 490079 862099 ,27025 32813 35331 35827 40297 42038 42076 43157 44617 52669 
456017 292203 293350 188769 99207 519294 209339 351036 43258 753964 ,51590 56868 59896 62260 63629 64497 65308 68090 68190 71356 ,456017 292203 293350 188769 99207 519294 209339 351036 43258 753964 ,51590 56868 59896 62260 63629 64497 65308 68090 68190 71356 
636826 40916 607141 816703 216739 415699 699053 609848 998913 794690 ,35434 38989 39158 39673 42315 43640 47949 48936 49280 49382 ,40916 607141 816703 216739 415699 699053 609848 998913 794690 896803 ,38989 39158 39673 42315 43640 47949 48936 49280 49382 49453 
473662 362080 450071 700707 453883 718569 896305 411640 383656 694270 ,49360 65224 68036 68280 72535 72964 73299 75668 76902 78117 ,473662 362080 450071 700707 453883 718569 896305 411640 383656 694270 ,49360 65224 68036 68280 72535 72964 73299 75668 76902 78117 
504247 502615 122470 324366 293652 514852 609053 280939 791873 298633 ,49453 49536 49853 50152 50651 50840 51034 51179 51534 51768 ,504247 502615 122470 324366 293652 514852 609053 280939 791873 298633 ,49453 49536 49853 50152 50651 50840 51034 51179 51534 51768 
953326 210561 188219 982861 337828 443655 776964 586619 422542 609567 ,30900 35048 37675 39283 41007 43000 43264 43783 43975 45539 ,953326 210561 188219 982861 337828 443655 776964 586619 422542 609567 ,30900 35048 37675 39283 41007 43000 43264 43783 43975 45539 
92443 151339 296076 523848 497456 530205 893442 942551 509326 780259 ,36354 42756 48546 52775 53413 53455 53973 54933 55449 55909 ,92443 151339 296076 523848 497456 530205 893442 942551 780259 237138 ,36354 42756 48546 52775 53413 53455 53973 54933 55909 55984 
596069 841848 657227 173179 273971 456680 515465 269379 839343 440470 ,73001 73845 74360 75105 75711 76598 77679 78361 78471 79118 ,596069 841848 657227 173179 273971 456680 515465 269379 839343 440470 ,73001 73845 74360 75105 75711 76598 77679 78361 78471 79118 
45203 45753 60223 753231 691133 419475 585804 305810 45133 518057 ,28209 43798 51512 60543 62054 63569 64042 66807 66870 67528 ,45203 45753 60223 753231 691133 419475 585804 305810 45133 518057 ,28209 43798 51512 60543 62054 63569 64042 66807 66870 67528 
720560 220455 95166 669940 716515 466822 672486 182385 367097 566296 ,40507 41735 42601 42868 45110 47297 47354 48543 48822 49090 ,720560 220455 95166 669940 716515 466822 672486 182385 367097 566296 ,40507 41735 42601 42868 45110 47297 47354 48543 48822 49090 
830587 55538 396899 713986 291880 587248 997991 30567 528459 96358 ,45928 51432 52497 52509 54210 55066 55156 58186 58449 58839 ,830587 55538 396899 713986 291880 587248 997991 30567 528459 96358 ,45928 51432 52497 52509 54210 55066 55156 58186 58449 58839 
339904 396218 10686 162115 509580 178817 770382 985360 292494 154991 ,55168 61086 64823 68207 68988 69454 69704 70335 71078 71688 ,339904 396218 10686 162115 509580 178817 770382 985360 292494 154991 ,55168 61086 64823 68207 68988 69454 69704 70335 71078 71688 
453157 248734 112961 872445 696088 53898 142204 769969 88258 869545 ,43651 45660 47029 47786 50201 51876 52159 52590 52630 54145 ,453157 248734 112961 872445 696088 53898 142204 769969 88258 869545 ,43651 45660 47029 47786 50201 51876 52159 52590 52630 54145 
925156 941812 932843 948461 520365 109150 783196 550668 598187 930989 ,53204 57695 63462 64130 65076 65709 65804 66546 66707 66716 ,925156 941812 932843 948461 520365 109150 783196 550668 598187 930989 ,53204 57695 63462 64130 65076 65709 65804 66546 66707 66716 
454928 844254 364498 893368 772235 24864 351759 657080 336955 917651 ,90725 97527 98933 99433 100026 102415 106672 106937 107429 107548 ,454928 844254 364498 893368 772235 24864 351759 657080 336955 917651 ,90725 97527 98933 99433 100026 102415 106672 106937 107429 107548 
627915 307071 426663 664152 296646 397752 472415 636138 10388 461666 ,103932 104952 107458 108289 113809 116430 117865 118505 121609 122395 ,627915 307071 426663 664152 296646 397752 472415 636138 10388 461666 ,103932 104952 107458 108289 113809 116430 117865 118505 121609 122395 
345576 68141 972285 301440 903327 348078 917650 157114 236377 345369 ,49075 50356 50894 53184 54302 54743 55027 55305 55359 55388 ,68141 903327 321821 638841 91926 514236 477130 734998 514978 401549 ,50356 54302 55467 56656 57775 58616 59807 60553 60750 61054 
601258 68538 384651 151199 151157 426618 68770 521858 637129 55537 ,13155 15917 16348 16554 16856 17032 17075 17142 17150 17459 ,601258 68538 384651 151199 151157 426618 68770 521858 637129 55537 ,13155 15917 16348 16554 16856 17032 17075 17142 17150 17459 
45203 529728 24382 730761 788179 160284 60223 306146 404778 636990 ,37525 45866 46664 48380 52158 53217 53488 53705 56466 58377 ,45203 529728 24382 730761 788179 160284 60223 306146 404778 636990 ,37525 45866 46664 48380 52158 53217 53488 53705 56466 58377 
292601 402445 123626 719164 464809 742228 803982 668187 389887 242256 ,47655 54238 54905 55334 55572 55722 56960 57609 57768 58843 ,292601 402445 123626 719164 464809 742228 803982 668187 389887 242256 ,47655 54238 54905 55334 55572 55722 56960 57609 57768 58843 
378638 437506 39691 293134 92065 105643 125069 773078 851313 363661 ,54628 58699 58809 59421 59570 61377 63618 66849 69627 71854 ,378638 437506 39691 293134 92065 105643 125069 773078 851313 363661 ,54628 58699 58809 59421 59570 61377 63618 66849 69627 71854 
900912 578533 330705 797256 310771 741605 505744 761272 39944 813791 ,55351 65602 66737 71059 71983 73923 78784 79170 79736 82422 ,900912 578533 330705 797256 310771 741605 505744 761272 39944 813791 ,55351 65602 66737 71059 71983 73923 78784 79170 79736 82422 
612926 201001 456345 704867 317457 77459 865926 72858 284613 425639 ,61160 92155 100960 101761 101895 102098 104343 105508 106179 107933 ,612926 201001 456345 704867 317457 865926 72858 284613 425639 479310 ,61160 92155 100960 101761 101895 104343 105508 106179 107933 108173 
927714 305975 663012 828891 905764 247825 312049 301049 128847 225845 ,93069 96254 103379 103537 106601 115233 116805 118775 125269 131370 ,927714 305975 663012 828891 905764 247825 312049 301049 128847 225845 ,93069 96254 103379 103537 106601 115233 116805 118775 125269 131370 
239381 435974 591242 394319 401315 438987 179665 843791 652194 65886 ,113404 121776 123178 124629 135091 138624 141732 142755 153490 153834 ,239381 435974 591242 394319 401315 438987 179665 843791 652194 65886 ,113404 121776 123178 124629 135091 138624 141732 142755 153490 153834 
784190 731769 694746 700091 888410 628151 273269 952863 192808 904207 ,81985 82759 90709 93946 96271 96726 97368 97595 97812 103909 ,784190 731769 694746 700091 888410 628151 273269 952863 192808 904207 ,81985 82759 90709 93946 96271 96726 97368 97595 97812 103909 
843086 495959 657910 19529 754709 548355 628869 168712 882201 197686 ,79642 86890 87609 89206 91854 92764 93342 93455 93626 94331 ,843086 495959 657910 19529 754709 548355 628869 168712 882201 197686 ,79642 86890 87609 89206 91854 92764 93342 93455 93626 94331 
937109 744243 364715 311581 516501 234270 744256 798735 169558 110557 ,65461 68786 74209 75242 76554 78621 79859 80394 81254 81477 ,937109 744243 364715 311581 516501 234270 744256 798735 169558 110557 ,65461 68786 74209 75242 76554 78621 79859 80394 81254 81477 
52390 291378 323773 142412 308216 664509 455625 459205 578212 54378 ,23223 27086 27897 28208 30516 31146 31432 32658 33057 33151 ,52390 291378 323773 142412 308216 455625 459205 578212 54378 281382 ,23223 27086 27897 28208 30516 31432 32658 33057 33151 33927 
423170 445737 821378 42367 446734 905633 446048 657666 447235 101624 ,5552 6533 6577 7050 7169 7202 7266 7279 7321 7349 ,447235 446165 667678 446957 448129 824311 654334 639806 655577 654666 ,7321 7442 8059 8808 9036 9103 9424 9472 9698 9772 
776443 344222 934001 947665 280256 1301 571426 94112 310664 873628 ,51795 53431 55630 55670 57858 59311 60890 61237 61315 62064 ,776443 344222 934001 947665 280256 1301 571426 310664 873628 943092 ,51795 53431 55630 55670 57858 59311 60890 61315 62064 62677 
664824 809503 434780 323532 620570 527465 665002 237940 97076 285731 ,56566 58512 59075 59686 59787 62485 63376 63863 64168 64549 ,664824 809503 434780 323532 620570 527465 665002 237940 97076 285731 ,56566 58512 59075 59686 59787 62485 63376 63863 64168 64549 
924058 627882 575270 124734 500671 943019 477733 75187 655454 901065 ,69705 75358 79586 83900 84262 86000 88516 88762 89434 90120 ,924058 627882 575270 124734 500671 943019 477733 75187 655454 901065 ,69705 75358 79586 83900 84262 86000 88516 88762 89434 90120 
933412 105133 900748 279159 739954 520471 722265 576493 381260 60562 ,97024 102585 109335 116151 117785 120380 122786 127559 132674 133125 ,933412 105133 900748 279159 739954 520471 722265 576493 381260 60562 ,97024 102585 109335 116151 117785 120380 122786 127559 132674 133125 
885969 686517 876754 353731 228832 689246 194004 862451 151980 626956 ,52939 60775 62074 63176 64524 67555 67865 67945 68823 69883 ,885969 686517 876754 353731 228832 689246 194004 862451 151980 626956 ,52939 60775 62074 63176 64524 67555 67865 67945 68823 69883 
388826 370742 980795 663720 132160 837508 27264 944670 838818 935528 ,54114 70556 72317 72685 72922 73645 74523 75513 75710 77134 ,388826 980795 663720 132160 837508 27264 944670 838818 717044 710801 ,54114 72317 72685 72922 73645 74523 75513 75710 77162 77378 
187391 273731 210238 349123 190456 975169 153586 107660 383268 348202 ,89815 110433 120953 123937 125237 126278 129490 129871 135583 136949 ,187391 273731 210238 349123 190456 975169 153586 107660 383268 348202 ,89815 110433 120953 123937 125237 126278 129490 129871 135583 136949 
266659 382637 114758 397145 171327 236 212613 817431 384555 193598 ,67283 68747 69622 69861 72516 73664 75619 75640 76064 76851 ,266659 382637 114758 397145 171327 236 212613 817431 193598 272414 ,67283 68747 69622 69861 72516 73664 75619 75640 76851 76851 
722398 974476 573739 717820 895433 717633 323873 323372 356067 458425 ,29538 33569 35472 35653 36219 37906 38333 38451 39071 39525 ,722398 974476 573739 895433 717633 323873 323372 356067 443580 718184 ,29538 33569 35472 36219 37906 38333 38451 39071 39677 39761 
302113 247600 887185 150233 322732 248689 377893 247210 580279 399021 ,41067 45351 45635 46911 47527 48478 48490 48865 48903 50109 ,302113 247600 887185 150233 322732 248689 377893 247210 580279 399021 ,41067 45351 45635 46911 47527 48478 48490 48865 48903 50109 
988759 148272 746610 636093 209198 577338 794034 193362 435205 263597 ,61743 69337 71191 75723 78220 78359 80024 80456 82225 82578 ,988759 148272 746610 636093 209198 577338 794034 193362 435205 263597 ,61743 69337 71191 75723 78220 78359 80024 80456 82225 82578 
578461 581535 39149 939654 562119 557323 455198 230311 451624 559404 ,80237 80663 92460 102876 106517 106823 106952 107280 107559 107758 ,578461 581535 39149 939654 562119 557323 455198 230311 451624 559404 ,80237 80663 92460 102876 106517 106823 106952 107280 107559 107758 
207888 339463 281043 826997 129191 151364 109170 42934 281459 412528 ,15351 17301 17976 18048 18126 18156 18233 18445 18925 19379 ,207888 281043 826997 129191 151364 109170 42934 281459 412528 53586 ,15351 17976 18048 18126 18156 18233 18445 18925 19379 19535 
769595 437419 399066 168601 617659 183266 839262 449474 968439 466905 ,58037 59500 59972 60713 61316 63681 64831 64832 65200 65658 ,769595 437419 399066 168601 617659 183266 839262 449474 968439 466905 ,58037 59500 59972 60713 61316 63681 64831 64832 65200 65658 
777821 500076 820886 299321 249073 363875 251402 841031 362731 727103 ,66943 70999 75811 78451 78462 79430 80061 81141 82127 82148 ,777821 500076 820886 299321 249073 363875 251402 841031 362731 727103 ,66943 70999 75811 78451 78462 79430 80061 81141 82127 82148 
496757 142046 502202 604366 605492 607607 363936 608178 50595 563187 ,22511 24150 24596 24714 24868 25942 26723 27700 27877 27930 ,496757 142046 502202 605492 607607 363936 608178 50595 563187 351897 ,22511 24150 24596 24868 25942 26723 27700 27877 27930 28405 
413411 391294 817917 493976 345890 34370 395233 3241 63817 966202 ,91794 93292 94255 94470 96894 97925 100179 100583 101309 101344 ,413411 391294 817917 493976 345890 34370 395233 3241 63817 966202 ,91794 93292 94255 94470 96894 97925 100179 100583 101309 101344 
200681 264959 159821 158876 481230 258306 507150 974963 501688 162945 ,49006 49006 51106 51408 53492 53881 55643 56485 56647 56976 ,200681 264959 159821 158876 481230 258306 507150 974963 501688 162945 ,49006 49006 51106 51408 53492 53881 55643 56485 56647 56976 
473517 428608 698693 251155 30547 771199 691110 341131 245907 91331 ,47585 52047 59201 61477 62709 63028 63233 63238 63425 63629 ,473517 428608 698693 251155 30547 691110 341131 245907 91331 666520 ,47585 52047 59201 61477 62709 63233 63238 63425 63629 64529 
213512 609430 40879 786228 528974 83480 470918 894580 201138 854483 ,41608 60868 66475 68018 68265 70565 72315 74291 74815 76506 ,213512 609430 40879 786228 528974 83480 470918 894580 201138 854483 ,41608 60868 66475 68018 68265 70565 72315 74291 74815 76506 
233060 548152 518635 797966 385092 355682 282901 780464 96896 492908 ,91670 94980 95437 97846 103003 103420 104493 104549 105048 106196 ,233060 548152 518635 797966 385092 355682 282901 780464 96896 492908 ,91670 94980 95437 97846 103003 103420 104493 104549 105048 106196 
957837 566299 995483 994471 674287 286214 616881 323282 658938 892963 ,71152 74174 89395 93795 106061 106226 115724 116410 118433 120547 ,957837 566299 995483 994471 674287 286214 616881 323282 658938 892963 ,71152 74174 89395 93795 106061 106226 115724 116410 118433 120547 
122704 782363 8849 564645 8479 226978 896623 932976 124927 564613 ,33645 34995 35826 37299 39146 39483 39524 39641 41194 41338 ,124927 739384 309753 681835 97635 413849 14770 739649 838803 843044 ,41194 43242 44595 45069 48422 49295 49299 49826 50190 50221 
235388 854206 567417 795431 758872 872454 980501 685087 576421 913970 ,56477 68137 75323 79836 81413 86343 86685 86798 87643 90865 ,235388 854206 567417 795431 758872 872454 980501 685087 576421 913970 ,56477 68137 75323 79836 81413 86343 86685 86798 87643 90865 
764381 492133 494534 387606 617537 372687 125855 415718 501001 768274 ,40218 41598 44591 47151 48109 54488 54498 55624 57716 58938 ,764381 492133 494534 387606 617537 372687 125855 415718 501001 768274 ,40218 41598 44591 47151 48109 54488 54498 55624 57716 58938 
900937 897080 517476 738882 634416 521083 747244 494145 628903 42231 ,47693 49760 49767 50131 50223 50634 50763 51711 51722 52891 ,900937 897080 517476 738882 634416 521083 747244 494145 628903 42231 ,47693 49760 49767 50131 50223 50634 50763 51711 51722 52891 
330731 195855 274671 921206 123059 921494 749721 14837 874402 195243 ,49516 50667 50667 50880 51036 51202 51984 52233 53360 53643 ,195855 14837 195243 423641 835235 202127 873348 3996 907458 957286 ,50667 52233 53643 56636 57661 59478 59753 60952 61075 61108 
429325 700657 96666 137910 540807 52452 814844 849957 56446 50966 ,26426 27890 32941 33899 34711 35541 36418 37717 38635 40015 ,52452 96168 814861 450365 562017 602284 607950 683077 253451 109473 ,35541 41903 51306 60968 61145 61247 64928 65565 66027 66102 
259915 984302 342887 374331 66781 636615 289733 94758 143773 159462 ,51443 52211 57259 58402 60614 64494 64576 64792 66577 67097 ,259915 984302 342887 374331 66781 636615 289733 94758 143773 159462 ,51443 52211 57259 58402 60614 64494 64576 64792 66577 67097 
868266 636492 864860 301663 44591 855073 844326 480227 883364 839151 ,52546 53224 53649 55329 55433 56633 57411 58715 61728 61735 ,868266 864860 301663 133524 394898 13100 863795 123544 933027 707959 ,52546 53649 55329 64628 64921 66558 67933 69861 70152 70299 
687335 379071 477154 143363 110763 570955 51971 558492 190640 672636 ,22868 29590 30593 31630 31956 32668 33865 34558 35747 36107 ,687335 379071 477154 143363 110763 570955 51971 558492 190640 672636 ,22868 29590 30593 31630 31956 32668 33865 34558 35747 36107 
116436 443471 278702 821892 780285 213876 723640 572638 350553 854797 ,40386 57156 71241 74178 74331 74480 76003 80244 84618 85256 ,116436 443471 278702 821892 780285 213876 723640 572638 350553 854797 ,40386 57156 71241 74178 74331 74480 76003 80244 84618 85256 
102202 23865 967002 215723 911817 845529 465402 565506 930312 422785 ,45142 48096 49088 56460 56690 59747 60640 61020 61151 61778 ,102202 23865 967002 215723 911817 845529 465402 565506 930312 422785 ,45142 48096 49088 56460 56690 59747 60640 61020 61151 61778 
351678 822341 745897 606759 709699 448408 601121 45762 768753 53801 ,25961 35399 36109 36655 36775 36829 37100 37695 37695 39274 ,351678 822341 745897 606759 709699 448408 601121 45762 768753 53801 ,25961 35399 36109 36655 36775 36829 37100 37695 37695 39274 
869803 488623 213165 653703 52809 85199 448322 911919 953995 554870 ,56414 69124 72975 75174 76336 76716 83254 93891 94635 102888 ,869803 488623 213165 653703 52809 85199 448322 911919 953995 554870 ,56414 69124 72975 75174 76336 76716 83254 93891 94635 102888 
739335 744870 346543 510466 548397 134243 737848 257903 997994 417818 ,61948 62971 65801 68797 71860 73950 75735 76175 76200 77096 ,739335 744870 346543 510466 548397 134243 737848 257903 997994 417818 ,61948 62971 65801 68797 71860 73950 75735 76175 76200 77096 
392079 183571 492781 208740 54880 71194 482426 819950 820049 773694 ,26767 33526 34313 36186 36842 37282 37576 37701 37869 38196 ,392079 183571 492781 208740 54880 71194 482426 819950 820049 773694 ,26767 33526 34313 36186 36842 37282 37576 37701 37869 38196 
528533 730188 515141 40560 5373 152270 435843 494946 554734 504435 ,38493 39122 40373 40402 41960 42069 43214 43234 43702 43833 ,528533 730188 515141 40560 152270 435843 494946 554734 504435 711186 ,38493 39122 40373 40402 42069 43214 43234 43702 43833 43914 
146260 118251 584495 98058 277243 679999 882272 65294 368440 773609 ,88994 98776 99867 101652 104009 104698 106281 107313 109768 110186 ,146260 118251 584495 98058 277243 679999 882272 65294 368440 773609 ,88994 98776 99867 101652 104009 104698 106281 107313 109768 110186 
949918 629711 948494 723030 463348 462119 493741 228643 948004 679811 ,75768 75802 76229 76706 76890 77074 77267 77326 78771 78781 ,949918 629711 948494 723030 462119 493741 228643 948004 679811 723255 ,75768 75802 76229 76706 77074 77267 77326 78771 78781 81294 
667438 667212 886388 656667 953106 768089 445919 568005 211828 953217 ,11206 15694 17498 17645 17941 19979 20370 21045 22881 24538 ,667438 667212 886388 656667 953106 768089 445919 568005 211828 953217 ,11206 15694 17498 17645 17941 19979 20370 21045 22881 24538 
463833 919561 278056 801568 392887 853796 399427 268227 157350 998040 ,69593 81214 82528 82876 83146 83394 83567 86039 88139 89891 ,463833 919561 278056 801568 392887 399427 268227 157350 998040 369542 ,69593 81214 82528 82876 83146 83567 86039 88139 89891 90111 
915415 399302 637953 30030 959928 719251 68416 80761 294652 240538 ,28571 34231 36737 38020 41089 44353 46581 56175 57404 57948 ,915415 399302 637953 30030 959928 719251 68416 80761 294652 240538 ,28571 34231 36737 38020 41089 44353 46581 56175 57404 57948 
503179 121599 283827 232620 282474 602417 777462 254119 494771 279777 ,24071 28932 29816 30733 32481 32925 33413 34515 34986 35332 ,283827 232620 282474 602417 777462 254119 279777 293652 447134 464818 ,29816 30733 32481 32925 33413 34515 35332 35975 36104 36273 
505259 989054 127175 433182 670781 16066 481482 976439 198153 202716 ,68533 71289 75877 83823 85081 85212 89985 92045 92971 93649 ,505259 989054 127175 433182 670781 16066 481482 976439 198153 202716 ,68533 71289 75877 83823 85081 85212 89985 92045 92971 93649 
288780 971247 236662 381997 381979 252135 752835 909553 444570 635251 ,64073 78847 85240 85669 88681 92307 93537 93679 94867 95069 ,971247 236662 381997 381979 909553 444570 571743 20612 638255 616716 ,78847 85240 85669 88681 93679 94867 98022 98739 99910 99957 
691906 723030 723255 723069 18799 504698 942333 661979 726467 250082 ,65077 65278 65562 68505 68742 70382 70505 71377 72027 72343 ,691906 723030 723255 18799 504698 942333 661979 726467 250082 948494 ,65077 65278 65562 68742 70382 70505 71377 72027 72343 72371 
850061 407692 850165 477432 139788 440848 400367 540670 800088 118151 ,30729 33903 34445 35323 39519 43653 44273 44665 45088 45809 ,477432 440848 800088 118151 308232 532720 89872 213672 735926 830914 ,35323 43653 45088 45809 50989 53751 54819 56732 57872 59425 
709066 11827 340559 883590 243026 462426 358199 401730 425492 214099 ,81009 90851 93733 95515 98395 99958 103805 106597 107380 107382 ,709066 11827 340559 883590 243026 462426 358199 401730 425492 214099 ,81009 90851 93733 95515 98395 99958 103805 106597 107380 107382 
845802 852387 983749 542297 947568 846544 199367 858172 931877 886480 ,35564 35976 38614 39894 40088 40494 40543 40631 40713 41450 ,845802 852387 983749 542297 947568 846544 199367 858172 886480 908441 ,35564 35976 38614 39894 40088 40494 40543 40631 41450 41614 
327308 467332 705232 636216 498935 327635 435544 356831 716692 688529 ,74682 74986 75231 76025 76329 77118 78403 78932 81016 82063 ,327308 467332 705232 636216 498935 327635 435544 356831 688529 609655 ,74682 74986 75231 76025 76329 77118 78403 78932 82063 82915 
862365 862635 821259 848740 848816 646279 24722 24915 833323 821333 ,15892 16955 18108 18229 18542 20604 20814 22712 22916 23097 ,862365 862635 821259 848740 848816 646279 24722 24915 833323 821333 ,15892 16955 18108 18229 18542 20604 20814 22712 22916 23097 
732452 807384 312208 842903 563093 932289 156485 921821 310675 187556 ,38936 39688 39839 40146 43345 43620 43912 43966 44619 44662 ,732452 807384 312208 842903 563093 932289 156485 921821 310675 187556 ,38936 39688 39839 40146 43345 43620 43912 43966 44619 44662 
467504 238671 931784 684465 987465 720814 983153 978595 872317 426600 ,53088 57555 59015 61082 61285 61951 62009 62434 64923 65189 ,931784 720814 426600 61885 98787 758943 337446 62088 337092 415504 ,59015 61951 65189 69263 69874 70179 70505 71102 71828 72005 
515790 519230 794640 917695 42355 123802 719949 39635 302666 37355 ,72635 77679 79821 80834 81085 82558 85410 87301 87473 91254 ,515790 519230 794640 917695 42355 123802 719949 39635 302666 37355 ,72635 77679 79821 80834 81085 82558 85410 87301 87473 91254 
391122 335198 553680 932839 696332 598205 412980 971484 763767 62869 ,93892 94480 103058 103392 108412 108823 112078 112190 112624 112653 ,391122 553680 932839 696332 598205 412980 971484 763767 62869 946538 ,93892 103058 103392 108412 108823 112078 112190 112624 112653 115009 
748442 229434 364475 293730 282654 176653 248869 348603 954837 533566 ,62924 68306 72583 77817 81607 92350 92402 92598 92831 93999 ,748442 229434 364475 293730 282654 176653 248869 348603 954837 533566 ,62924 68306 72583 77817 81607 92350 92402 92598 92831 93999 
275281 214599 932719 49073 4024 386977 169887 548551 184475 578984 ,110024 110535 112906 116213 117303 117743 119219 119469 119996 121712 ,275281 214599 932719 49073 4024 548551 66653 890924 740986 561183 ,110024 110535 112906 116213 117303 119469 122976 125467 125565 126216 
35578 586433 401171 177385 108591 586053 289833 795487 434400 508833 ,65562 68015 73282 73435 74078 74967 75691 76819 77040 77310 ,35578 586433 401171 108591 586053 289833 434400 508833 987274 561883 ,65562 68015 73282 74078 74967 75691 77040 77310 77466 78488 
648943 985649 675487 688665 608308 941630 393994 137428 117622 926190 ,134759 138503 139409 146749 151434 151701 153170 153278 157358 157926 ,648943 985649 675487 688665 608308 941630 393994 137428 117622 926190 ,134759 138503 139409 146749 151434 151701 153170 153278 157358 157926 
363372 487394 566259 104851 60260 496657 68312 450653 187771 337243 ,17690 18780 19353 20029 20254 21355 22261 22391 23385 23634 ,363372 487394 566259 104851 60260 496657 68312 450653 187771 337243 ,17690 18780 19353 20029 20254 21355 22261 22391 23385 23634 
845586 746316 913294 608409 435275 281215 547807 600072 845626 461544 ,54311 69100 69843 70781 71759 72297 72639 72884 73291 76572 ,845586 746316 608409 435275 281215 547807 600072 845626 461544 779362 ,54311 69100 70781 71759 72297 72639 72884 73291 76572 78197 
55630 54346 997904 858849 705487 56411 45816 814752 56628 664653 ,59661 59994 60051 63555 63584 64789 65753 67050 67488 70127 ,55630 54346 997904 858849 705487 56411 45816 814752 56628 664653 ,59661 59994 60051 63555 63584 64789 65753 67050 67488 70127 
997952 894114 97616 514511 57766 883781 467733 233973 469981 282013 ,28358 34048 37404 39531 42088 42883 43424 43719 43840 44244 ,997952 894114 97616 514511 57766 883781 467733 233973 469981 282013 ,28358 34048 37404 39531 42088 42883 43424 43719 43840 44244 
53312 54723 743834 677518 639189 867075 666217 631019 88433 740668 ,42434 58568 81812 93657 95921 96810 100240 102445 107221 109390 ,53312 54723 743834 677518 639189 867075 666217 631019 88433 740668 ,42434 58568 81812 93657 95921 96810 100240 102445 107221 109390 
634574 454276 81561 45771 59730 204950 269228 924155 785019 365592 ,38527 38797 38805 38915 40216 42443 42443 43361 44313 44469 ,634574 454276 81561 45771 59730 269228 204950 924155 785019 365592 ,38527 38797 38805 38915 40216 42443 42443 43361 44313 44469 
248521 754822 412161 255381 57557 897196 386927 770095 537349 637595 ,40627 40858 44340 47697 49165 49337 51061 51354 52701 53035 ,248521 754822 412161 255381 57557 897196 386927 770095 537349 637595 ,40627 40858 44340 47697 49165 49337 51061 51354 52701 53035 
570906 306917 721905 631491 922263 209253 772495 601317 410444 67380 ,73344 79347 80349 83048 93122 93410 94135 94579 100062 100753 ,570906 306917 721905 631491 922263 209253 772495 601317 410444 67380 ,73344 79347 80349 83048 93122 93410 94135 94579 100062 100753 
138038 340918 178595 262414 167890 251092 471345 726958 796551 242720 ,76325 82191 84811 85491 85503 88686 89145 93001 93837 94156 ,138038 340918 178595 262414 167890 251092 471345 726958 796551 242720 ,76325 82191 84811 85491 85503 88686 89145 93001 93837 94156 
51072 51881 506825 303505 639919 258625 207461 936366 56539 475675 ,13298 55733 57704 60335 60535 60843 62897 64185 64621 65074 ,51072 51881 506825 303505 639919 258625 207461 936366 56539 51789 ,13298 55733 57704 60335 60535 60843 62897 64185 64621 65158 
339959 736098 86079 91055 563815 338753 94169 947405 488824 871039 ,35667 43501 56433 56949 58046 58106 58723 59040 59313 59360 ,339959 736098 86079 91055 563815 338753 94169 947405 488824 871039 ,35667 43501 56433 56949 58046 58106 58723 59040 59313 59360 
51094 640310 230634 232096 769776 306286 429280 231160 351258 516049 ,2874 26519 31033 31352 32182 32293 32536 33055 33720 33947 ,51094 640310 230634 232096 769776 306286 429280 231160 351258 516049 ,2874 26519 31033 31352 32182 32293 32536 33055 33720 33947 
375244 450132 207992 12113 11706 119352 74365 29097 47159 785489 ,24788 55462 60003 71766 73557 74319 78789 82369 84876 88369 ,375244 450132 207992 12113 11706 119352 74365 29097 47159 469309 ,24788 55462 60003 71766 73557 74319 78789 82369 84876 88663 
55130 911983 55447 715661 641840 284115 447723 560076 391634 590075 ,70060 71222 76525 78139 78731 78901 80699 81927 82814 83205 ,55130 911983 55447 715661 641840 284115 447723 560076 391634 590075 ,70060 71222 76525 78139 78731 78901 80699 81927 82814 83205 
899027 16605 780051 719587 539689 677799 739170 762013 392658 680079 ,24964 36049 47451 49239 49907 50557 50661 51254 51700 52840 ,899027 16605 780051 719587 539689 677799 739170 762013 392658 680079 ,24964 36049 47451 49239 49907 50557 50661 51254 51700 52840 
809045 186341 472543 642651 920566 471889 472679 640335 880103 58098 ,24275 25676 26615 26839 26884 27309 27347 27953 28101 28209 ,809045 186341 472543 642651 920566 471889 472679 640335 880103 58098 ,24275 25676 26615 26839 26884 27309 27347 27953 28101 28209 
593992 244014 843035 619656 209728 809597 966162 857092 670868 524382 ,61404 68096 69036 75149 75237 75326 75857 76004 76503 77136 ,593992 244014 843035 619656 209728 809597 966162 857092 670868 524382 ,61404 68096 69036 75149 75237 75326 75857 76004 76503 77136 
501085 86101 572227 868040 909130 749122 380679 458758 422450 909455 ,41864 49646 49687 50709 51359 52492 53710 54498 57241 57292 ,501085 86101 572227 868040 909130 749122 380679 458758 422450 909455 ,41864 49646 49687 50709 51359 52492 53710 54498 57241 57292 
889259 39369 253715 877661 947096 997170 809741 678708 227719 12723 ,24191 25223 25998 26430 29316 32228 32685 32687 32955 33122 ,889259 39369 253715 877661 947096 997170 809741 678708 227719 12723 ,24191 25223 25998 26430 29316 32228 32685 32687 32955 33122 
986949 862033 60421 932867 863714 196303 667715 736281 316563 668787 ,75421 76994 77328 78009 78162 79656 80644 80980 82342 82776 ,986949 862033 60421 932867 863714 196303 667715 736281 316563 668787 ,75421 76994 77328 78009 78162 79656 80644 80980 82342 82776 
680437 255640 419616 998708 546617 255397 637649 684720 893298 896507 ,19631 21731 22108 23185 26562 27761 31661 32826 32948 33112 ,680437 255640 419616 998708 546617 255397 637649 684720 893298 896507 ,19631 21731 22108 23185 26562 27761 31661 32826 32948 33112 
636826 406319 120232 423269 960049 415989 638046 159472 496862 787989 ,30780 33819 34442 34912 35854 35927 36828 36843 37084 37380 ,406319 120232 960049 415989 638046 159472 496862 787989 191289 689552 ,33819 34442 35854 35927 36828 36843 37084 37380 37802 38108 
917398 154450 482130 633363 722225 754099 847264 73261 710470 503047 ,45312 46915 48791 52694 52783 53905 54300 55642 56165 56284 ,917398 154450 482130 633363 722225 754099 847264 73261 710470 503047 ,45312 46915 48791 52694 52783 53905 54300 55642 56165 56284 
824267 207618 207587 931852 921210 903896 867698 955116 851695 846229 ,31144 33145 37032 39080 40485 43047 43752 44183 46537 46999 ,824267 207618 207587 931852 921210 903896 867698 955116 851695 846229 ,31144 33145 37032 39080 40485 43047 43752 44183 46537 46999 
689259 140903 606057 620718 41994 545669 545991 816800 906395 461756 ,35166 35240 35371 36167 36288 39013 39528 40073 40368 41193 ,689259 140903 606057 620718 41994 545669 545991 906395 461756 590624 ,35166 35240 35371 36167 36288 39013 39528 40368 41193 42553 
413546 463501 637057 226517 41065 91806 891586 126464 523246 489671 ,69288 74379 76482 76912 79369 79587 80255 81583 83117 83284 ,413546 463501 637057 226517 41065 91806 891586 126464 523246 489671 ,69288 74379 76482 76912 79369 79587 80255 81583 83117 83284 
487832 636836 123295 68394 487391 526063 487378 525504 111922 487379 ,9636 10078 10589 10629 10983 10995 11678 11726 11917 11930 ,487832 636836 123295 68394 487391 526063 487378 525504 111922 487379 ,9636 10078 10589 10629 10983 10995 11678 11726 11917 11930 
111921 526374 815288 68324 450653 34121 637421 516671 29990 296398 ,11488 16901 19048 21494 22309 22529 22846 23019 23994 24359 ,111921 526374 815288 68324 450653 34121 637421 516671 29990 296398 ,11488 16901 19048 21494 22309 22529 22846 23019 23994 24359 
669892 151669 753924 70807 705007 94208 734235 420958 143615 408330 ,38372 38558 45508 45678 47287 47780 47841 47885 48078 48106 ,669892 151669 753924 70807 705007 94208 734235 420958 143615 408330 ,38372 38558 45508 45678 47287 47780 47841 47885 48078 48106 
520726 42882 613446 772021 108248 336822 89638 637671 516839 91640 ,46130 47357 48028 48600 49315 50044 50941 51368 51524 51665 ,520726 42882 613446 772021 108248 336822 89638 637671 516839 91640 ,46130 47357 48028 48600 49315 50044 50941 51368 51524 51665 
579754 808457 669134 122040 462917 228136 525225 567787 457466 962393 ,46249 48965 53901 54523 54844 55431 55732 56083 56462 56500 ,579754 808457 669134 122040 462917 228136 525225 567787 962393 95135 ,46249 48965 53901 54523 54844 55431 55732 56083 56500 57037 
370814 692115 64439 525065 31473 711515 126339 352969 78478 998597 ,38343 39370 40225 42948 45058 45229 45783 45849 46198 46254 ,370814 64439 31473 711515 126339 352969 78478 998597 992474 105754 ,38343 40225 45058 45229 45783 45849 46198 46254 46325 46364 
306172 370774 942736 78543 110061 807007 806818 548420 316450 305846 ,42820 43807 44085 46233 46846 46870 47563 47690 48076 48238 ,806818 548420 316450 943382 434195 460191 86184 617739 787736 16823 ,47563 47690 48076 48757 49371 49399 50573 51357 53986 54069 
678437 68764 11256 745955 931416 869507 880274 352355 224221 888828 ,38252 38573 43239 45787 47149 47609 47681 47985 48845 50166 ,678437 68764 11256 745955 931416 869507 880274 352355 224221 888828 ,38252 38573 43239 45787 47149 47609 47681 47985 48845 50166 
473208 522661 720970 506790 731416 20329 91748 153036 465701 281631 ,49305 58084 60469 60926 61356 63502 65231 66053 66254 67136 ,473208 522661 720970 506790 731416 20329 91748 153036 465701 281631 ,49305 58084 60469 60926 61356 63502 65231 66053 66254 67136 
282043 228378 850416 806850 492534 734517 518699 238616 429409 94441 ,50459 51595 51796 53684 53758 54112 55887 58347 58491 59276 ,282043 228378 850416 806850 492534 734517 518699 238616 429409 94441 ,50459 51595 51796 53684 53758 54112 55887 58347 58491 59276 
379731 498474 108817 497530 361143 90802 92395 475474 353076 471410 ,44833 47805 52911 53588 53933 59126 59158 61849 62410 62609 ,379731 498474 108817 497530 361143 90802 92395 475474 353076 471410 ,44833 47805 52911 53588 53933 59126 59158 61849 62410 62609 
363479 974807 196317 608914 337400 111202 748723 305186 898498 155512 ,58046 58339 58412 58916 61506 62857 63950 64907 65836 66889 ,363479 974807 196317 608914 337400 111202 748723 305186 898498 155512 ,58046 58339 58412 58916 61506 62857 63950 64907 65836 66889 
406015 843696 899252 842903 869999 223891 223985 604346 199778 278594 ,23912 24833 24956 25124 25332 25613 25801 26227 26527 26527 ,406015 843696 899252 842903 869999 223891 223985 604346 278594 199778 ,23912 24833 24956 25124 25332 25613 25801 26227 26527 26527 
222713 502746 854209 869483 157708 448429 390465 842393 947355 480511 ,37371 44848 46527 47356 47478 47725 47919 48551 49531 50696 ,222713 502746 854209 869483 157708 448429 390465 842393 947355 480511 ,37371 44848 46527 47356 47478 47725 47919 48551 49531 50696 
380084 717973 931822 731029 656501 912105 725967 842402 224454 843998 ,61310 62285 67613 69054 72373 73140 74030 74889 75198 75369 ,380084 717973 931822 731029 656501 912105 725967 842402 224454 843998 ,61310 62285 67613 69054 72373 73140 74030 74889 75198 75369 
447814 141408 485592 363832 755127 745741 526355 256208 516439 526271 ,61050 65350 66407 72119 74406 74605 75202 76606 78580 79571 ,447814 141408 485592 363832 755127 745741 526355 256208 516439 526271 ,61050 65350 66407 72119 74406 74605 75202 76606 78580 79571 
48539 941255 724511 558363 82783 546586 254426 910750 151444 947420 ,42004 55199 57736 58149 58664 58857 59544 60305 60520 60945 ,48539 941255 558363 82783 546586 254426 910750 947420 152014 722229 ,42004 55199 58149 58664 58857 59544 60305 60945 60949 61428 
261442 469891 261427 232781 186787 662670 363575 369636 544952 123869 ,30989 31742 33110 33412 34602 36588 37182 37212 37394 37852 ,261442 469891 261427 232781 186787 662670 363575 369636 544952 123869 ,30989 31742 33110 33412 34602 36588 37182 37212 37394 37852 
634117 68470 530110 79492 230421 338186 68567 66742 60537 663928 ,37178 39610 40546 40759 41943 42239 42322 42543 42549 44265 ,634117 68470 79492 230421 338186 68567 66742 663928 108189 369303 ,37178 39610 40759 41943 42239 42322 42543 44265 44749 45540 
68848 157296 175945 511604 693986 835567 861233 21843 573195 826415 ,60461 65230 66177 68482 68773 73070 73304 73504 73760 75169 ,68848 157296 175945 511604 693986 835567 21843 573195 826415 94924 ,60461 65230 66177 68482 68773 73070 73504 73760 75169 75633 
601362 502218 698905 601798 231434 478684 806497 389905 501518 306246 ,46762 46897 48475 50571 52659 53315 54769 54781 54812 54903 ,601362 502218 698905 601798 231434 478684 806497 501518 306246 303452 ,46762 46897 48475 50571 52659 53315 54769 54812 54903 55453 
943319 431552 282216 195228 316821 852351 796621 205526 702532 69683 ,67079 68765 71245 73917 76414 77235 77708 77739 77803 79163 ,943319 431552 282216 195228 316821 852351 796621 205526 702532 69683 ,67079 68765 71245 73917 76414 77235 77708 77739 77803 79163 
422657 424084 693848 524619 249829 748849 840054 708759 211158 599897 ,63412 66914 69249 69684 71469 75930 77664 80114 80443 80656 ,424084 693848 524619 249829 748849 840054 708759 211158 599897 274693 ,66914 69249 69684 71469 75930 77664 80114 80443 80656 80845 
390343 435638 715463 223600 947023 838624 391126 618425 61034 101215 ,50724 53599 54458 55699 57069 59702 59861 60219 61322 61464 ,390343 435638 715463 223600 947023 838624 391126 618425 61034 101215 ,50724 53599 54458 55699 57069 59702 59861 60219 61322 61464 
525042 703531 700611 833781 397007 694694 986948 723083 355197 420987 ,61435 65838 68699 71171 71462 72342 75084 76108 76333 76579 ,525042 703531 700611 833781 397007 694694 986948 723083 355197 420987 ,61435 65838 68699 71171 71462 72342 75084 76108 76333 76579 
754254 521657 192936 669368 968347 855572 421080 861467 98185 460858 ,70895 73996 74991 79264 80051 80906 82213 83637 83924 84048 ,754254 521657 192936 669368 968347 855572 421080 861467 98185 460858 ,70895 73996 74991 79264 80051 80906 82213 83637 83924 84048 
147764 679451 807720 734619 919255 713081 873501 14966 622138 274307 ,54643 56306 57508 58039 58096 58920 60062 62441 62587 63847 ,147764 679451 807720 734619 919255 713081 873501 14966 622138 274307 ,54643 56306 57508 58039 58096 58920 60062 62441 62587 63847 
208570 100280 521858 351277 17105 548651 504435 84616 636896 430652 ,32924 33145 35926 37103 37767 39862 39995 41351 41720 41735 ,208570 100280 521858 351277 17105 548651 504435 84616 636896 430652 ,32924 33145 35926 37103 37767 39862 39995 41351 41720 41735 
462955 529072 105224 105244 517046 223978 736264 456017 324820 269884 ,44344 51005 53055 57768 59248 60488 62467 62945 63418 63830 ,462955 529072 105224 105244 517046 223978 736264 456017 324820 269884 ,44344 51005 53055 57768 59248 60488 62467 62945 63418 63830 
393923 942785 618044 201685 204360 268638 390639 908003 72498 573457 ,60600 64529 67986 68706 69340 69340 72915 73103 73688 74261 ,942785 618044 201685 268638 204360 390639 908003 573457 987184 437981 ,64529 67986 68706 69340 69340 72915 73103 74261 75591 75998 
69401 60251 990137 292677 291880 990322 735464 496672 309508 80007 ,14198 31291 38936 38943 45640 45916 51699 51808 51882 52783 ,69401 60251 990137 292677 291880 990322 735464 496672 309508 80007 ,14198 31291 38936 38943 45640 45916 51699 51808 51882 52783 
715533 844271 927925 118988 520761 946344 118771 337799 338316 182160 ,38898 41472 42490 43443 43949 44088 45148 45360 45576 46679 ,715533 844271 927925 118988 520761 946344 118771 337799 338316 435201 ,38898 41472 42490 43443 43949 44088 45148 45360 45576 46752 
494580 772272 471897 32318 749876 295621 814899 526961 823639 551312 ,37145 43307 44792 45585 46028 46298 46391 47150 47473 48211 ,494580 471897 32318 295621 814899 526961 823639 551312 370613 235429 ,37145 44792 45585 46298 46391 47150 47473 48211 48436 48450 
83680 479509 797800 504462 943054 696751 85456 685622 610487 385747 ,42806 47183 48743 51225 54741 55730 56016 58044 59030 60221 ,83680 479509 797800 943054 696751 85456 685622 610487 385747 149584 ,42806 47183 48743 54741 55730 56016 58044 59030 60221 61781 
857602 541983 377866 578433 843627 917702 684238 398493 931973 970661 ,65795 67023 68989 70034 70894 72287 72684 73887 74162 75183 ,857602 541983 377866 578433 843627 917702 684238 398493 931973 970661 ,65795 67023 68989 70034 70894 72287 72684 73887 74162 75183 
599749 609864 637159 555969 96085 346851 428544 834144 36091 568152 ,47467 47736 49804 49943 51497 56957 56992 58900 60404 61209 ,599749 609864 637159 555969 96085 346851 428544 834144 36091 568152 ,47467 47736 49804 49943 51497 56957 56992 58900 60404 61209 
709947 324334 26196 799711 716754 321598 350438 305988 325002 518524 ,25987 34279 36166 36515 37195 37705 37865 38429 38602 38734 ,709947 26196 799711 716754 321598 350438 305988 325002 518524 94695 ,25987 36166 36515 37195 37705 37865 38429 38602 38734 39182 
902242 229282 204360 675482 804389 256255 256004 406908 163258 663312 ,61371 76529 81424 93828 95308 96236 98034 106394 107315 108159 ,902242 229282 204360 675482 804389 256255 256004 406908 163258 663312 ,61371 76529 81424 93828 95308 96236 98034 106394 107315 108159 
833499 800855 944356 839583 106484 901844 718738 483053 695107 709831 ,68998 77855 83817 83826 85531 86452 88723 88974 91169 91615 ,833499 800855 944356 839583 106484 901844 718738 483053 695107 709831 ,68998 77855 83817 83826 85531 86452 88723 88974 91169 91615 
464971 498303 502562 336859 939272 158162 522416 312818 259265 714019 ,59430 61109 62241 63595 66077 66356 73158 74111 74238 74723 ,464971 498303 502562 158162 522416 312818 259265 714019 428634 295957 ,59430 61109 62241 66356 73158 74111 74238 74723 74986 75097 
271055 723802 278908 288496 456953 498689 108448 528379 381998 309594 ,53160 62890 70558 71804 73105 73137 73491 74083 77791 77977 ,271055 723802 278908 288496 456953 498689 108448 528379 381998 309594 ,53160 62890 70558 71804 73105 73137 73491 74083 77791 77977 
152215 82241 903803 93890 91596 276000 36340 349739 81187 196527 ,78940 83092 90006 91618 91994 92763 94417 95236 96722 98211 ,152215 82241 903803 93890 91596 276000 36340 349739 81187 196527 ,78940 83092 90006 91618 91994 92763 94417 95236 96722 98211 
551017 464843 195618 714827 25929 64177 284899 194811 966521 452539 ,57621 65640 65712 66212 67209 67288 68236 68372 72231 73644 ,551017 464843 195618 714827 25929 64177 284899 194811 966521 164735 ,57621 65640 65712 66212 67209 67288 68236 68372 72231 74023 
594438 322965 968432 877828 597879 396684 235734 324562 38116 404296 ,37582 40230 40253 40639 41421 42274 43010 45026 45146 45356 ,594438 322965 968432 877828 597879 396684 235734 324562 38116 404296 ,37582 40230 40253 40639 41421 42274 43010 45026 45146 45356 
88670 722721 331495 606264 101310 875361 562873 940883 936409 658184 ,68168 71553 72231 72542 72688 74602 74885 78074 79383 79876 ,88670 722721 331495 606264 101310 875361 562873 940883 658184 517259 ,68168 71553 72231 72542 72688 74602 74885 78074 79876 81551 
70482 76158 788246 997396 815131 612218 905166 365485 494071 869212 ,28231 33400 41748 42718 43313 48371 48745 49148 50129 50771 ,70482 76158 788246 997396 815131 612218 905166 365485 494071 869212 ,28231 33400 41748 42718 43313 48371 48745 49148 50129 50771 
18688 750954 293622 997129 369006 70825 279084 965388 16809 514052 ,56765 56858 57220 59681 65795 66231 68901 69239 70315 70447 ,18688 750954 293622 997129 369006 70825 279084 965388 16809 514052 ,56765 56858 57220 59681 65795 66231 68901 69239 70315 70447 
421241 944473 601483 533405 60651 719750 497135 255666 34660 487962 ,69203 69754 75233 79911 79939 82092 83240 83420 84583 85033 ,421241 944473 601483 533405 60651 719750 497135 255666 34660 487962 ,69203 69754 75233 79911 79939 82092 83240 83420 84583 85033 
61759 192907 889 924847 125177 251329 540974 521681 977558 945079 ,40882 48763 49301 51544 51835 52406 52681 52747 53104 53498 ,61759 192907 889 924847 125177 251329 540974 521681 945079 123227 ,40882 48763 49301 51544 51835 52406 52681 52747 53498 53870 
605612 71433 279447 279932 416035 365913 705521 295815 320062 906313 ,20889 28125 37838 37932 38100 38566 39368 40043 40360 41139 ,605612 71433 279447 279932 416035 365913 705521 295815 320062 906313 ,20889 28125 37838 37932 38100 38566 39368 40043 40360 41139 
132769 935676 874571 17073 858797 742085 786527 855881 660194 595702 ,72076 92663 95982 96118 96232 101633 103511 106367 110926 111059 ,132769 935676 874571 17073 858797 742085 786527 855881 660194 595702 ,72076 92663 95982 96118 96232 101633 103511 106367 110926 111059 
304651 551023 874111 80797 822477 971013 505366 963395 326085 947656 ,58034 61926 62528 66971 67242 69240 69643 70150 70527 70748 ,304651 551023 874111 80797 822477 963395 326085 947656 189977 681471 ,58034 61926 62528 66971 67242 70150 70527 70748 71126 71222 
706580 424220 372837 362689 224651 509335 233542 193444 712484 890851 ,84908 124385 127117 137403 141860 146703 147027 151437 152076 154009 ,706580 424220 372837 362689 224651 509335 233542 193444 712484 890851 ,84908 124385 127117 137403 141860 146703 147027 151437 152076 154009 
795907 75615 703593 465651 303136 178781 727898 12405 240242 349848 ,79299 82662 85649 86741 87383 87769 88181 88658 89309 89940 ,795907 75615 703593 465651 303136 178781 727898 12405 240242 349848 ,79299 82662 85649 86741 87383 87769 88181 88658 89309 89940 
472112 812425 559332 250975 992030 454011 84784 82442 977528 744080 ,49355 52133 60998 61030 62118 63939 64438 65843 66728 68125 ,472112 812425 559332 250975 992030 454011 84784 82442 977528 744080 ,49355 52133 60998 61030 62118 63939 64438 65843 66728 68125 
70621 70555 833933 745981 367212 569704 472412 279285 397830 481921 ,15221 18507 28263 36591 38914 39649 40003 41074 41587 41970 ,833933 279285 467143 338132 293864 810170 306845 323673 305457 854895 ,28263 41074 44252 44600 47002 47388 47790 48162 48212 48424 
437380 676331 296084 419717 45778 151396 943450 315410 629627 849824 ,46452 49268 50316 53164 56124 57164 57978 58384 59361 60872 ,437380 676331 296084 419717 45778 151396 943450 315410 629627 849824 ,46452 49268 50316 53164 56124 57164 57978 58384 59361 60872 
868469 60470 531623 543422 837728 982919 94915 69299 16404 568342 ,55278 56618 59853 59977 60917 61257 61469 61823 62037 63146 ,868469 60470 531623 543422 837728 982919 94915 69299 16404 568342 ,55278 56618 59853 59977 60917 61257 61469 61823 62037 63146 
72028 859689 545130 47089 312198 324144 62934 467937 154180 335183 ,19619 44839 45977 48068 50235 50676 51099 52194 52792 52876 ,72028 859689 545130 47089 312198 324144 62934 467937 154180 335183 ,19619 44839 45977 48068 50235 50676 51099 52194 52792 52876 
284257 662761 152596 305632 530281 389398 15795 397814 55239 703707 ,43175 45781 49236 50078 50267 50933 52338 52571 52702 53278 ,284257 662761 152596 305632 530281 389398 15795 397814 55239 703707 ,43175 45781 49236 50078 50267 50933 52338 52571 52702 53278 
70658 71709 628579 60337 225760 451973 60259 461964 344193 957530 ,30314 33531 34531 34562 35376 36855 38877 40491 43337 43604 ,70658 71709 628579 60337 225760 451973 344193 957530 523155 887098 ,30314 33531 34531 34562 35376 36855 43337 43604 44770 46912 
499324 1141 148738 750710 791499 462698 300124 349112 358333 904389 ,87713 88042 89381 92596 93633 96456 98228 99120 99181 100994 ,499324 1141 750710 791499 462698 300124 349112 358333 904389 324346 ,87713 88042 92596 93633 96456 98228 99120 99181 100994 101883 
561777 317730 917344 418595 409156 971519 872272 834894 312382 72775 ,42096 43407 44911 44945 48736 50672 51239 51502 51815 52204 ,917344 834894 312382 72775 343913 492779 274483 561645 310296 138543 ,44911 51502 51815 52204 53032 54948 55617 55864 56579 59083 
274739 833680 460078 574891 240648 538282 944476 645987 416024 401840 ,45604 51627 52916 57243 57280 58442 58823 59425 61420 61598 ,274739 833680 460078 574891 240648 538282 645987 416024 401840 41145 ,45604 51627 52916 57243 57280 58442 59425 61420 61598 62553 
297974 557734 975739 659036 339323 20521 550311 519265 906214 438666 ,57392 61556 62774 63057 63903 64217 64549 64635 64773 64987 ,297974 557734 659036 339323 20521 550311 519265 906214 438666 740865 ,57392 61556 63057 63903 64217 64549 64635 64773 64987 65414 
452279 530893 283734 366977 458740 77356 698599 351069 279611 94528 ,48949 49104 52797 53770 55662 55675 55719 57424 57768 57873 ,452279 530893 283734 366977 458740 77356 698599 351069 279611 94528 ,48949 49104 52797 53770 55662 55675 55719 57424 57768 57873 
548881 610187 313838 190933 624960 965504 624213 601339 292147 79742 ,34916 43531 45758 48794 48880 49252 50470 50929 52895 53286 ,548881 610187 313838 190933 624960 965504 624213 601339 292147 79742 ,34916 43531 45758 48794 48880 49252 50470 50929 52895 53286 
680055 698195 813958 13456 984011 853305 302038 233021 843243 843167 ,55905 62544 62978 66343 66828 67562 68207 69082 69118 69387 ,680055 698195 813958 13456 984011 853305 302038 233021 843243 843167 ,55905 62544 62978 66343 66828 67562 68207 69082 69118 69387 
433178 116467 941809 941525 132353 480939 221008 282355 787073 629622 ,63434 66190 66218 67229 74116 74206 75778 76307 77127 77481 ,433178 116467 941809 132353 480939 221008 282355 787073 629622 723597 ,63434 66190 66218 74116 74206 75778 76307 77127 77481 77658 
16367 512640 965629 960300 554912 884011 254921 766840 899507 930498 ,60977 61761 64239 64757 67401 67429 69989 70448 70494 70997 ,16367 512640 965629 960300 554912 884011 254921 766840 899507 930498 ,60977 61761 64239 64757 67401 67429 69989 70448 70494 70997 
899385 115842 75968 565640 199252 538039 327123 551953 925948 867905 ,80031 80212 80817 85688 86195 86690 87784 89762 90330 90362 ,899385 115842 75968 565640 199252 538039 327123 551953 925948 867905 ,80031 80212 80817 85688 86195 86690 87784 89762 90330 90362 
124992 153749 561109 358130 683461 292500 694682 564663 112123 782606 ,47267 47721 48606 49874 50130 56943 57787 57915 58082 58397 ,153749 561109 683461 292500 694682 564663 112123 782606 100445 322204 ,47721 48606 50130 56943 57787 57915 58082 58397 58433 58590 
688600 400650 678394 524750 552680 2085 179402 781966 584615 498123 ,69851 73347 76200 85274 85503 85586 85633 86997 90570 92615 ,688600 678394 524750 552680 2085 179402 781966 584615 498123 292643 ,69851 76200 85274 85503 85586 85633 86997 90570 92615 93472 
299576 753491 772495 960697 67119 826619 629650 386729 966787 561284 ,86246 98695 104227 113699 116846 140410 141606 142962 144115 148085 ,299576 753491 772495 960697 67119 826619 629650 386729 966787 561284 ,86246 98695 104227 113699 116846 140410 141606 142962 144115 148085 
70942 59819 60272 464179 987269 458758 528804 501085 702209 93617 ,30717 31312 40090 40573 43637 43946 44688 45500 45667 46617 ,70942 59819 60272 464179 987269 458758 528804 501085 702209 93617 ,30717 31312 40090 40573 43637 43946 44688 45500 45667 46617 
804072 350382 280009 961273 808612 279222 719868 305126 80673 246690 ,31889 38775 39835 40721 41398 41831 42593 43010 43337 43385 ,804072 350382 280009 961273 808612 279222 719868 305126 80673 246690 ,31889 38775 39835 40721 41398 41831 42593 43010 43337 43385 
942514 948301 18453 454388 246280 283955 533929 293870 406048 392169 ,68404 78714 81405 90300 94438 95291 100215 100216 100252 101167 ,942514 948301 18453 454388 246280 283955 533929 293870 406048 392169 ,68404 78714 81405 90300 94438 95291 100215 100216 100252 101167 
240877 739306 513867 185502 205962 722532 330357 390190 678153 503818 ,56099 58348 59010 60254 60923 61350 62013 63545 64546 64603 ,240877 739306 513867 185502 205962 722532 330357 390190 678153 503818 ,56099 58348 59010 60254 60923 61350 62013 63545 64546 64603 
70848 935518 802572 285978 506694 111250 111394 70750 43125 93528 ,39409 50082 56496 58781 60748 61747 61836 61995 63401 63516 ,70848 935518 802572 285978 111250 111394 70750 43125 93528 197332 ,39409 50082 56496 58781 61747 61836 61995 63401 63516 65965 
324432 206864 425186 71896 934053 90620 61492 425695 397378 226458 ,58012 60572 66416 68835 68891 69539 73450 74276 75332 75771 ,324432 206864 71896 934053 90620 61492 397378 226458 297374 572434 ,58012 60572 68835 68891 69539 73450 75332 75771 75958 75997 
678340 397108 564065 303704 797107 907410 225772 327821 542514 739264 ,51995 52980 57328 58570 58985 59230 60301 61226 61664 62441 ,678340 397108 564065 303704 797107 907410 225772 327821 542514 739264 ,51995 52980 57328 58570 58985 59230 60301 61226 61664 62441 
448883 275839 698656 647804 484494 872496 274689 336800 523319 524556 ,41274 50552 52451 52743 52911 53077 55534 55630 57546 58337 ,448883 275839 698656 647804 484494 872496 274689 523319 524556 151645 ,41274 50552 52451 52743 52911 53077 55534 57546 58337 59549 
101250 495266 263252 423043 279092 331387 336960 487538 292083 194813 ,34120 35337 38427 40851 40958 41590 42042 42344 43755 44000 ,101250 263252 423043 279092 331387 487538 292083 194813 278954 821971 ,34120 38427 40851 40958 41590 42344 43755 44000 44098 44374 
73335 63275 66320 949819 941641 63868 763769 947258 841372 225812 ,28116 51275 59981 63465 64637 65785 66267 67943 68419 71522 ,63275 66320 949819 941641 63868 763769 947258 841372 225812 753271 ,51275 59981 63465 64637 65785 66267 67943 68419 71522 71948 
649608 842402 880610 383228 867652 862967 782645 239556 806195 349019 ,168640 169301 171626 179578 206352 213056 216510 219151 227822 232425 ,649608 842402 880610 383228 867652 862967 782645 239556 806195 349019 ,168640 169301 171626 179578 206352 213056 216510 219151 227822 232425 
399395 156392 402112 254411 462266 921098 403457 943585 15716 604107 ,96504 100512 100729 101384 105782 106777 108135 108299 108683 108898 ,399395 156392 402112 254411 462266 921098 403457 943585 15716 604107 ,96504 100512 100729 101384 105782 106777 108135 108299 108683 108898 
397851 703087 137424 627981 519624 113796 721295 484242 426229 167007 ,70411 76432 79161 79757 79932 80022 81041 83407 84035 84165 ,397851 703087 137424 519624 113796 484242 426229 167007 300568 69056 ,70411 76432 79161 79932 80022 83407 84035 84165 84495 84839 
529410 79978 919852 121929 524695 804490 321636 658254 499756 601028 ,37200 39617 39817 40357 40689 41375 41430 41539 42193 42345 ,529410 79978 919852 121929 524695 804490 321636 658254 499756 601028 ,37200 39617 39817 40357 40689 41375 41430 41539 42193 42345 
794173 123249 728923 371197 813388 381995 684950 714804 178308 273120 ,73723 75791 77890 78318 80214 82604 86612 87150 87378 89500 ,794173 123249 728923 371197 813388 381995 684950 714804 178308 273120 ,73723 75791 77890 78318 80214 82604 86612 87150 87378 89500 
256663 258736 514899 278177 471531 486760 31816 703353 724183 860582 ,48532 54612 54615 59485 60388 62279 63394 66449 67808 69011 ,256663 258736 514899 278177 471531 486760 31816 703353 724183 860582 ,48532 54612 54615 59485 60388 62279 63394 66449 67808 69011 
868487 466445 573387 378235 128195 691296 867876 588387 222713 573407 ,80348 83163 98572 100657 103633 107193 107655 108448 108899 109038 ,868487 466445 573387 378235 128195 691296 867876 588387 222713 573407 ,80348 83163 98572 100657 103633 107193 107655 108448 108899 109038 
60196 65192 971714 953767 204649 601317 875115 629798 493052 172011 ,53672 61037 64534 65482 69710 72522 73189 74911 75199 75734 ,60196 65192 971714 953767 204649 601317 875115 629798 493052 172011 ,53672 61037 64534 65482 69710 72522 73189 74911 75199 75734 
739837 524651 744243 868460 270158 556896 100986 636494 551877 461304 ,76803 77196 79757 80088 80962 81033 81351 81427 81556 82019 ,739837 524651 744243 868460 270158 556896 100986 636494 551877 461304 ,76803 77196 79757 80088 80962 81033 81351 81427 81556 82019 
82454 761100 977684 557091 735136 215462 932854 510782 13376 871062 ,51337 52825 55071 55884 57724 57787 58638 58953 59095 59386 ,82454 761100 977684 557091 735136 215462 932854 510782 13376 871062 ,51337 52825 55071 55884 57724 57787 58638 58953 59095 59386 
523586 518085 70891 597526 511810 263274 271305 70974 495030 266843 ,82899 88001 96318 96955 100778 101138 108371 109427 109555 113065 ,523586 518085 70891 597526 511810 263274 271305 70974 495030 266843 ,82899 88001 96318 96955 100778 101138 108371 109427 109555 113065 
869627 384086 704719 408129 546962 975643 156940 970328 621026 618536 ,59196 59859 59947 60164 62984 63266 63553 63918 65633 68217 ,869627 384086 704719 408129 546962 975643 970328 621026 7631 59264 ,59196 59859 59947 60164 62984 63266 63918 65633 68318 69102 
457086 595703 926587 307709 628126 349625 639346 457722 620748 90640 ,114474 114656 118002 118461 120099 123270 125272 127456 132438 132515 ,457086 595703 926587 307709 628126 349625 639346 457722 620748 90640 ,114474 114656 118002 118461 120099 123270 125272 127456 132438 132515 
123295 60137 814600 68440 818604 637422 903041 109122 321493 964709 ,23417 23574 24047 24874 25335 26533 26594 26836 26989 27456 ,818604 5132 4603 703066 5085 487832 94780 636836 487378 964843 ,25335 27620 28521 28761 29541 30170 30461 30656 30682 30786 
816662 532332 524432 653494 91938 692115 92447 90715 808840 68503 ,62758 70756 75833 83156 84378 87842 89378 91261 93185 96843 ,816662 532332 524432 653494 91938 692115 92447 90715 808840 68503 ,62758 70756 75833 83156 84378 87842 89378 91261 93185 96843 
835828 291492 57565 814257 126543 721974 803157 909711 184590 985101 ,62014 83539 86301 86906 89318 89449 90570 91467 92652 95257 ,835828 291492 57565 814257 126543 721974 803157 909711 184590 985101 ,62014 83539 86301 86906 89318 89449 90570 91467 92652 95257 
162969 503898 406757 135018 184872 86564 438881 664489 343298 681092 ,98048 101839 104612 106261 107348 107697 108801 109176 109383 109484 ,162969 503898 135018 184872 86564 438881 664489 343298 681092 800274 ,98048 101839 106261 107348 107697 108801 109176 109383 109484 112952 
726520 391632 174398 362464 719141 960447 614083 350362 512198 929640 ,62100 63608 64280 65257 65648 65753 66415 67543 67596 68417 ,726520 391632 174398 362464 719141 960447 614083 350362 512198 929640 ,62100 63608 64280 65257 65648 65753 66415 67543 67596 68417 
82304 725061 91251 86589 94828 108427 93508 83069 196704 439556 ,48786 62785 65716 68538 72236 72421 72898 75614 77500 80307 ,82304 725061 91251 86589 94828 108427 93508 83069 196704 439556 ,48786 62785 65716 68538 72236 72421 72898 75614 77500 80307 
538860 36011 977396 255423 488449 931623 936353 555339 904811 185345 ,92497 96994 99845 100229 100851 107757 109885 110113 112172 112666 ,538860 36011 977396 255423 488449 931623 936353 555339 904811 185345 ,92497 96994 99845 100229 100851 107757 109885 110113 112172 112666 
325165 365217 393284 123157 658533 719648 281574 467604 497123 105176 ,37023 37970 38584 38830 43094 45010 45193 45415 46284 46326 ,325165 365217 393284 123157 658533 719648 281574 497123 407177 718534 ,37023 37970 38584 38830 43094 45010 45193 46284 46539 46889 
885452 474215 789952 755068 459489 386268 448855 612058 593145 78816 ,57498 57542 58199 58802 59180 59987 64997 66022 67754 68335 ,885452 789952 755068 459489 386268 448855 612058 78816 957175 537738 ,57498 58199 58802 59180 59987 64997 66022 68335 68691 69197 
807489 897196 59642 419529 413380 801291 113758 693827 413353 57333 ,35507 46373 47781 48770 48970 52096 52232 52501 52771 53488 ,807489 897196 59642 419529 413380 801291 113758 693827 413353 57333 ,35507 46373 47781 48770 48970 52096 52232 52501 52771 53488 
64137 769809 685154 670559 670812 710322 963589 11845 523213 980186 ,59176 59701 64617 65428 66132 66757 66850 67167 69284 70709 ,64137 769809 685154 670559 670812 710322 963589 11845 523213 980186 ,59176 59701 64617 65428 66132 66757 66850 67167 69284 70709 
830836 332457 884462 848627 876745 411289 556126 865513 886358 967804 ,43295 45492 45495 47714 48940 50160 50492 51020 51720 51790 ,830836 884462 848627 876745 411289 556126 865513 886358 842413 278402 ,43295 45495 47714 48940 50160 50492 51020 51720 53126 53236 
57879 966231 886978 327113 944099 362839 635726 663981 499957 613483 ,66788 66874 67038 70261 74514 74814 78579 80484 83777 84115 ,57879 966231 327113 944099 635726 663981 499957 613483 437855 274438 ,66788 66874 70261 74514 78579 80484 83777 84115 85005 85745 
194301 273117 198431 111798 194321 869034 488258 551821 617795 806322 ,65201 65201 66537 69938 70631 71396 71445 72254 72651 73862 ,194301 273117 198431 111798 194321 869034 488258 551821 617795 806322 ,65201 65201 66537 69938 70631 71396 71445 72254 72651 73862 
63688 46951 27134 807974 39362 163067 722726 907929 156767 654158 ,34267 39131 57434 61417 61853 62992 65203 65325 66714 66948 ,63688 46951 27134 807974 39362 163067 722726 907929 156767 654158 ,34267 39131 57434 61417 61853 62992 65203 65325 66714 66948 
98688 689877 987323 430261 698535 151411 542507 754184 31234 922064 ,53178 59037 60989 62732 63579 63646 65094 65822 65839 66039 ,98688 689877 987323 430261 698535 151411 542507 754184 31234 922064 ,53178 59037 60989 62732 63579 63646 65094 65822 65839 66039 
835913 818198 198210 277026 21685 431561 448683 888151 149755 543974 ,51341 57367 58980 58980 59350 63178 66724 68706 69328 70630 ,835913 818198 198210 277026 21685 431561 448683 888151 149755 543974 ,51341 57367 58980 58980 59350 63178 66724 68706 69328 70630 
257601 485981 653838 573497 522849 711591 971342 894773 149216 578688 ,57378 65032 68112 68929 69788 69856 69907 71657 72559 73250 ,257601 485981 653838 573497 522849 711591 971342 894773 149216 578688 ,57378 65032 68112 68929 69788 69856 69907 71657 72559 73250 
859570 688933 800459 540152 332065 330853 543411 412496 812425 936313 ,54024 55875 56313 58493 59320 59658 61510 61548 61644 62073 ,859570 688933 800459 540152 332065 330853 543411 412496 812425 936313 ,54024 55875 56313 58493 59320 59658 61510 61548 61644 62073 
75040 527287 744460 746186 929576 389630 265915 633870 130483 834280 ,27559 66560 77161 78487 78679 80334 80674 80981 81137 82478 ,527287 744460 746186 929576 389630 265915 633870 130483 467067 269219 ,66560 77161 78487 78679 80334 80674 80981 81137 83332 83362 
518735 594460 664554 21803 73731 532969 202568 510577 123964 844634 ,72148 72189 73649 74797 75159 76069 78093 78230 79131 79230 ,518735 594460 664554 21803 73731 532969 202568 510577 123964 844634 ,72148 72189 73649 74797 75159 76069 78093 78230 79131 79230 
752324 76462 881375 881369 903327 168506 723331 942671 69046 392585 ,51743 59940 59953 60623 63357 64753 65490 65680 66166 66485 ,752324 76462 881375 881369 903327 168506 723331 942671 69046 392585 ,51743 59940 59953 60623 63357 64753 65490 65680 66166 66485 
627897 516114 377515 105495 264637 262774 368595 44917 917249 403749 ,62275 72679 76972 82354 85446 86135 86265 86418 89666 93399 ,627897 516114 377515 105495 264637 262774 368595 44917 917249 403749 ,62275 72679 76972 82354 85446 86135 86265 86418 89666 93399 
629226 138433 97316 459941 585882 366456 911585 949086 32973 310212 ,75438 75579 76776 77647 79738 80516 82614 83217 84079 84658 ,629226 97316 459941 585882 366456 911585 949086 32973 310212 510891 ,75438 76776 77647 79738 80516 82614 83217 84079 84658 85480 
290425 72719 859649 843525 393520 179018 598603 526000 167060 396362 ,69223 77691 80747 80792 84252 87530 88904 89078 89789 89848 ,290425 72719 859649 843525 393520 179018 598603 526000 167060 396362 ,69223 77691 80747 80792 84252 87530 88904 89078 89789 89848 
345035 399424 275650 345408 126179 193720 110981 643344 972926 388728 ,35698 45481 49058 56861 57163 58701 58767 61777 62773 63765 ,345035 399424 275650 345408 126179 193720 110981 643344 972926 388728 ,35698 45481 49058 56861 57163 58701 58767 61777 62773 63765 
455746 331407 335073 843276 392008 434644 392244 283845 404014 530516 ,72472 73442 74584 75137 75238 76092 77288 77697 78175 78265 ,404014 462585 844607 64425 310426 357549 975188 615217 669219 797738 ,78175 81353 81403 82756 84828 89618 90186 90633 91755 92451 
901583 113573 651005 874960 859727 195176 307122 603882 796056 182102 ,88430 90563 97199 97324 97530 98198 99650 101588 109499 110031 ,901583 113573 651005 874960 859727 195176 307122 603882 796056 182102 ,88430 90563 97199 97324 97530 98198 99650 101588 109499 110031 
540846 422793 953087 64554 812465 426374 374826 425505 176404 674208 ,70851 75388 76801 80699 80897 81944 87438 88686 90403 90429 ,540846 422793 953087 64554 812465 426374 374826 425505 176404 674208 ,70851 75388 76801 80699 80897 81944 87438 88686 90403 90429 
492198 884109 535329 273338 34729 348586 937337 971266 226421 693518 ,59679 60217 62557 64127 65261 65656 65699 66544 66561 68024 ,492198 884109 273338 348586 937337 971266 226421 282093 391994 434931 ,59679 60217 64127 65656 65699 66544 66561 68036 69646 71800 
311640 281689 313710 154285 861201 606426 137914 149156 440388 135744 ,55988 58212 59271 64159 64177 65944 67107 68354 73263 73297 ,311640 281689 154285 861201 606426 137914 149156 440388 135744 665274 ,55988 58212 64159 64177 65944 67107 68354 73263 73297 73960 
79006 77117 468338 467900 634924 551777 632749 832449 178110 859692 ,24491 45918 47886 47974 48791 49874 52238 52738 52814 53605 ,634924 699505 698830 309483 366103 975301 453583 96043 227732 205029 ,48791 58554 59082 59272 65094 65346 65988 66150 66298 67039 
395616 156092 40409 706827 580927 303526 697905 241911 173015 85638 ,67729 71604 75345 75706 75891 75941 76174 77663 77778 77923 ,156092 40409 706827 580927 303526 697905 241911 85638 923358 19625 ,71604 75345 75706 75891 75941 76174 77663 77923 78087 78115 
760537 911829 412017 659324 602575 224244 794381 271559 92034 885117 ,81736 83958 86925 87650 89230 92695 93311 96573 97552 98284 ,760537 911829 412017 659324 602575 224244 794381 271559 92034 885117 ,81736 83958 86925 87650 89230 92695 93311 96573 97552 98284 
706660 682203 333195 232031 975803 93776 923627 198829 277645 50728 ,52609 56396 58639 59685 61532 64944 65971 66322 66322 66873 ,682203 333195 975803 93776 923627 277645 198829 50728 682314 20213 ,56396 58639 61532 64944 65971 66322 66322 66873 66992 67422 
303543 515176 143823 742598 929476 284819 197580 573790 630887 295775 ,58272 59779 60012 61375 62643 63089 65001 65001 65190 65449 ,303543 515176 143823 742598 929476 284819 573790 197580 630887 295775 ,58272 59779 60012 61375 62643 63089 65001 65001 65190 65449 
111179 535442 718366 187502 933754 382960 396242 817 331865 713144 ,65855 68782 72150 73224 74396 74843 75940 76569 79279 79855 ,111179 535442 718366 933754 382960 396242 817 331865 713144 757149 ,65855 68782 72150 74396 74843 75940 76569 79279 79855 81107 
422076 183355 397792 303296 38161 478095 86116 87147 546583 786995 ,87218 94789 96750 100650 101892 105534 112024 112368 112804 117359 ,422076 183355 397792 303296 38161 478095 86116 87147 546583 786995 ,87218 94789 96750 100650 101892 105534 112024 112368 112804 117359 
806445 909429 527373 238503 8987 705962 682422 10947 354526 555729 ,30191 41467 42140 42690 43080 43507 43805 44093 44526 44609 ,806445 909429 527373 238503 8987 705962 682422 10947 354526 555729 ,30191 41467 42140 42690 43080 43507 43805 44093 44526 44609 
85375 730338 237016 349665 524957 62141 795640 498447 498828 548356 ,34105 34182 35375 35624 36286 37462 38151 38286 38467 38850 ,85375 730338 237016 349665 524957 62141 795640 498447 498828 548356 ,34105 34182 35375 35624 36286 37462 38151 38286 38467 38850 
225311 481684 597289 210178 13357 861947 416132 13578 921106 257399 ,44698 45751 56632 57092 58496 58611 59247 60145 60616 60844 ,225311 481684 597289 210178 13357 861947 416132 13578 921106 257399 ,44698 45751 56632 57092 58496 58611 59247 60145 60616 60844 
914698 128410 495362 354818 836536 198394 737266 14080 802625 690760 ,76784 80246 86526 86636 88081 88136 89062 90873 91519 93023 ,914698 128410 495362 354818 198394 737266 14080 802625 690760 128352 ,76784 80246 86526 86636 88136 89062 90873 91519 93023 93706 
667968 987828 195955 274771 670288 989325 987417 842641 667786 207560 ,45682 51760 52548 52548 55221 56201 57011 57515 57755 60167 ,667968 987828 195955 274771 670288 989325 987417 842641 667786 207560 ,45682 51760 52548 52548 55221 56201 57011 57515 57755 60167 
73406 627562 75347 860517 37242 255831 860531 925440 985886 583216 ,35426 61665 67013 69888 70071 70556 71348 72096 73490 75086 ,73406 627562 37242 255831 860531 985886 583216 771856 834807 170997 ,35426 61665 70071 70556 71348 73490 75086 75741 75862 76436 
869180 453539 609697 363376 606758 738630 358836 236161 452978 22026 ,36251 38006 40884 40937 41121 41749 42799 43878 44542 44560 ,869180 453539 609697 363376 606758 738630 358836 236161 452978 22026 ,36251 38006 40884 40937 41121 41749 42799 43878 44542 44560 
80660 631349 69545 89347 794330 498573 187158 398074 281373 191851 ,53680 64726 65184 68793 69004 69632 70322 73043 74520 74534 ,80660 631349 69545 89347 794330 498573 187158 398074 281373 191851 ,53680 64726 65184 68793 69004 69632 70322 73043 74520 74534 
73229 805470 466536 12259 439986 854372 985301 283429 329569 141665 ,32241 77160 78807 83242 83417 87867 88807 89039 90274 91462 ,73229 466536 12259 439986 283429 329569 141665 174027 584849 154405 ,32241 78807 83242 83417 89039 90274 91462 93718 95385 95452 
550439 172684 791235 354014 367101 635472 566791 388292 933552 453248 ,50239 54364 57325 60092 63310 63409 64707 64713 65074 65322 ,550439 172684 791235 354014 367101 566791 388292 933552 453248 171213 ,50239 54364 57325 60092 63310 64707 64713 65074 65322 65992 
979038 506402 895246 670285 313299 298617 830679 230161 716368 963036 ,67294 71504 71512 71996 73529 74658 75563 76442 77226 78008 ,979038 506402 895246 670285 313299 298617 830679 230161 716368 963036 ,67294 71504 71512 71996 73529 74658 75563 76442 77226 78008 
65468 718234 818342 528296 505599 510700 334147 493907 277400 774042 ,52213 60786 63391 65903 69711 70663 70956 71358 71739 73834 ,65468 718234 818342 528296 505599 510700 334147 493907 277400 774042 ,52213 60786 63391 65903 69711 70663 70956 71358 71739 73834 
78418 853958 62671 752550 969650 783678 382733 782736 717590 504301 ,45678 50368 60397 64797 69500 72845 74060 74170 74837 75865 ,78418 853958 62671 752550 969650 783678 382733 782736 717590 504301 ,45678 50368 60397 64797 69500 72845 74060 74170 74837 75865 
519779 281911 770646 724877 280590 145402 680707 664374 730482 452423 ,57353 60247 60897 65176 67878 68660 69219 70826 71342 73673 ,519779 281911 770646 724877 280590 145402 680707 664374 730482 452423 ,57353 60247 60897 65176 67878 68660 69219 70826 71342 73673 
74452 875937 875081 175394 74657 768598 422195 192137 138860 201823 ,53350 56986 59534 61506 63686 64901 65355 68884 69919 70998 ,74452 875937 875081 175394 74657 768598 422195 192137 138860 201823 ,53350 56986 59534 61506 63686 64901 65355 68884 69919 70998 
594678 304513 256767 867718 658093 603250 414925 819521 144945 544691 ,43061 49393 49791 54209 55900 56734 57953 58396 59175 59427 ,594678 304513 256767 867718 658093 603250 414925 819521 144945 544691 ,43061 49393 49791 54209 55900 56734 57953 58396 59175 59427 
73010 503929 224254 945295 163182 978056 634021 797359 612532 912118 ,71176 75754 81735 83714 92702 92907 93757 94004 94089 96256 ,73010 503929 224254 945295 163182 978056 634021 797359 612532 912118 ,71176 75754 81735 83714 92702 92907 93757 94004 94089 96256 
822037 258367 416926 600930 293730 496769 457774 659821 121600 292889 ,32585 36791 41231 42174 42513 44085 44160 44520 44651 46529 ,822037 416926 600930 496769 457774 659821 121600 292889 556007 758878 ,32585 41231 42174 44085 44160 44520 44651 46529 47534 47738 
75614 861246 321391 68257 875353 689515 252884 842984 468611 426004 ,50096 67816 68048 72755 74932 75072 78271 80465 81150 83245 ,75614 861246 321391 68257 875353 689515 252884 842984 468611 426004 ,50096 67816 68048 72755 74932 75072 78271 80465 81150 83245 
338233 364054 246565 254232 469673 585271 363994 237166 39754 658327 ,25640 32521 35904 35930 36238 36914 37516 37877 39551 41082 ,364054 246565 254232 469673 585271 363994 237166 39754 658327 248949 ,32521 35904 35930 36238 36914 37516 37877 39551 41082 41306 
79340 361119 169713 696621 743616 617963 450451 790640 841377 822817 ,107806 137101 143091 153371 153870 156368 157571 164439 167159 167809 ,79340 361119 169713 696621 743616 617963 450451 790640 841377 822817 ,107806 137101 143091 153371 153870 156368 157571 164439 167159 167809 
73901 510900 892584 49314 98365 856505 998229 705110 862792 190824 ,11854 28274 29123 31838 33010 35324 35901 36602 36778 37335 ,73901 510900 892584 49314 98365 856505 705110 862792 190824 812284 ,11854 28274 29123 31838 33010 35324 36602 36778 37335 37345 
56087 13107 227060 739972 394677 514701 241492 13183 895037 678204 ,71687 76030 77296 79952 80779 82194 82696 84529 84627 85531 ,56087 13107 227060 739972 514701 241492 13183 895037 678204 596941 ,71687 76030 77296 79952 82194 82696 84529 84627 85531 85605 
124572 62795 234920 376569 768606 597947 339331 660687 686963 253519 ,65478 71606 71956 73370 74322 74712 78098 79735 81246 82299 ,124572 62795 234920 376569 768606 597947 339331 660687 686963 253519 ,65478 71606 71956 73370 74322 74712 78098 79735 81246 82299 
74553 52327 53635 921066 921521 895336 910560 44658 895829 796253 ,34751 37645 39933 39991 40691 41431 41537 41607 42024 42403 ,921521 910560 895829 626852 200418 253793 882596 498204 880829 921170 ,40691 41537 42024 43576 43613 43733 43969 44064 44128 44442 
512533 1519 1703 460996 935261 460687 719040 88210 87186 997827 ,52095 55740 60577 61213 61728 61878 62167 63169 63242 63636 ,512533 1519 1703 460996 935261 460687 719040 88210 87186 714660 ,52095 55740 60577 61213 61728 61878 62167 63169 63242 64066 
340864 732324 228401 431095 731475 465435 270756 803106 297619 208860 ,50883 51190 54736 57311 57846 58029 58766 59091 60148 60459 ,340864 732324 228401 431095 731475 465435 270756 803106 297619 208860 ,50883 51190 54736 57311 57846 58029 58766 59091 60148 60459 
533447 107410 480590 484333 302961 401481 48850 523555 918438 482666 ,46701 53817 55809 56332 64047 65190 65849 66260 66716 66847 ,533447 107410 480590 484333 302961 401481 48850 523555 918438 482666 ,46701 53817 55809 56332 64047 65190 65849 66260 66716 66847 
860292 108195 145554 637057 143455 7112 894285 239437 275225 147931 ,69359 70845 77376 80629 83974 85055 85097 85695 86069 87908 ,860292 108195 145554 637057 143455 7112 894285 239437 275225 147931 ,69359 70845 77376 80629 83974 85055 85097 85695 86069 87908 
879268 657710 202851 360408 321063 309327 836270 482122 90986 93401 ,102871 105731 108472 109792 112973 114113 114564 116802 116867 117311 ,879268 657710 202851 360408 321063 309327 836270 482122 90986 93401 ,102871 105731 108472 109792 112973 114113 114564 116802 116867 117311 
500928 493152 286157 492067 875063 908344 254626 495640 400970 914359 ,57479 60594 62371 64422 65822 66558 68431 69648 71170 74015 ,500928 493152 286157 492067 875063 908344 254626 495640 400970 914359 ,57479 60594 62371 64422 65822 66558 68431 69648 71170 74015 
665146 111341 657733 15089 948389 940651 694636 613651 202638 227678 ,76744 88990 91180 91306 91908 92310 92787 93333 95176 96164 ,665146 111341 657733 15089 948389 940651 694636 613651 202638 227678 ,76744 88990 91180 91306 91908 92310 92787 93333 95176 96164 
77214 75694 78720 861896 78469 77249 789493 408909 77187 566845 ,14935 22197 24149 43496 46757 51885 52635 53805 55299 55894 ,77214 75694 78720 78469 77249 789493 408909 77187 566845 533713 ,14935 22197 24149 46757 51885 52635 53805 55299 55894 56105 
85841 940267 219060 272582 124809 549742 179929 201904 991940 755114 ,76680 79575 80415 87902 88647 88918 89287 89634 91060 91189 ,85841 940267 219060 272582 124809 549742 179929 201904 991940 755114 ,76680 79575 80415 87902 88647 88918 89287 89634 91060 91189 
806603 719337 739375 936912 310413 68312 773735 79516 69253 305323 ,30877 40297 40939 41560 47483 47844 48177 48187 48291 48726 ,806603 719337 739375 936912 310413 68312 773735 79516 69253 305323 ,30877 40297 40939 41560 47483 47844 48177 48187 48291 48726 
429032 885007 163944 438570 558576 789806 126141 505427 147185 451193 ,71892 97930 98950 99019 100453 101409 101500 101669 101720 103315 ,429032 885007 163944 438570 558576 789806 126141 505427 147185 451193 ,71892 97930 98950 99019 100453 101409 101500 101669 101720 103315 
314366 464860 465531 979273 125009 12275 724095 855758 468690 551510 ,60180 62719 64645 65684 66093 66478 68781 69089 69136 69406 ,314366 464860 979273 125009 12275 855758 468690 551510 520048 159243 ,60180 62719 65684 66093 66478 69089 69136 69406 70505 70871 
530273 435720 508704 668457 201848 453740 158651 104870 924162 199067 ,79825 91712 92619 93004 93070 94211 94397 98762 99969 99974 ,530273 435720 508704 668457 201848 453740 158651 104870 924162 199067 ,79825 91712 92619 93004 93070 94211 94397 98762 99969 99974 
192533 527953 530886 941849 519848 513918 616944 662212 131822 473409 ,57531 60538 60786 69266 70222 70617 70863 71097 71104 71196 ,192533 530886 941849 513918 616944 662212 473409 745753 888496 683383 ,57531 60786 69266 70617 70863 71097 71196 71634 71985 72013 
268193 468941 501851 107858 587502 331627 319901 545675 773913 71706 ,68712 70904 70904 78859 83822 84335 88945 89044 90757 91463 ,268193 501851 468941 107858 587502 331627 319901 545675 773913 71706 ,68712 70904 70904 78859 83822 84335 88945 89044 90757 91463 
133842 138897 293355 360342 316641 990205 182319 816702 633843 624951 ,51895 55076 56112 57429 57991 58514 59655 60322 60363 60938 ,133842 138897 293355 360342 316641 990205 182319 816702 633843 624951 ,51895 55076 56112 57429 57991 58514 59655 60322 60363 60938 
798589 927124 794755 917094 710129 887567 712313 182279 494887 46012 ,66492 86600 89978 89985 90119 90705 90809 92133 93192 95130 ,798589 927124 794755 917094 710129 887567 712313 182279 494887 46012 ,66492 86600 89978 89985 90119 90705 90809 92133 93192 95130 
69629 802313 36125 855576 822323 47384 45414 135226 241606 561160 ,38566 51440 53063 53730 54152 56565 59889 60627 60658 61949 ,69629 802313 36125 855576 822323 47384 45414 135226 241606 561160 ,38566 51440 53063 53730 54152 56565 59889 60627 60658 61949 
699807 699683 192279 613366 136200 243835 65302 348450 344729 49099 ,78532 80193 81251 81624 85574 87348 89139 92851 94121 96611 ,699807 699683 192279 613366 243835 65302 348450 49099 799019 317024 ,78532 80193 81251 81624 87348 89139 92851 96611 98594 99623 
763256 35133 391020 719417 46811 107972 328333 183922 715562 665239 ,73506 97952 100538 101891 102283 104993 105674 106736 107197 107376 ,763256 35133 391020 719417 46811 107972 328333 183922 715562 665239 ,73506 97952 100538 101891 102283 104993 105674 106736 107197 107376 
748816 19856 636536 334811 464122 523938 935166 678651 391437 430570 ,58372 71583 74611 75057 75144 77022 78229 78485 78744 79059 ,748816 19856 636536 334811 464122 523938 935166 678651 391437 430570 ,58372 71583 74611 75057 75144 77022 78229 78485 78744 79059 
969587 128748 963956 402938 285329 550426 302823 75914 419646 203631 ,60701 65526 66236 71775 72682 74430 75946 78282 78398 79439 ,969587 128748 963956 402938 285329 550426 302823 75914 419646 203631 ,60701 65526 66236 71775 72682 74430 75946 78282 78398 79439 
222575 261313 549311 948601 967648 411131 777648 728004 232647 203917 ,53857 66204 68635 70720 80516 81175 81233 83058 83678 85794 ,222575 261313 549311 948601 967648 411131 777648 728004 232647 203917 ,53857 66204 68635 70720 80516 81175 81233 83058 83678 85794 
356868 83971 497394 333953 318318 496509 338640 354127 122114 504952 ,25902 28787 29554 30345 30794 30953 31140 31174 32406 33119 ,356868 83971 497394 333953 318318 496509 338640 354127 122114 504952 ,25902 28787 29554 30345 30794 30953 31140 31174 32406 33119 
149909 335949 751251 412362 737383 70832 442385 501237 805520 102574 ,61354 61759 66965 69866 72440 72450 73701 73771 73946 74080 ,149909 335949 751251 412362 737383 70832 442385 501237 805520 102574 ,61354 61759 66965 69866 72440 72450 73701 73771 73946 74080 
67233 809991 16532 172320 822748 16584 467094 124128 463875 195676 ,40086 45078 45718 46413 47555 47636 48815 50342 50762 51104 ,67233 809991 16532 172320 822748 16584 467094 124128 463875 274492 ,40086 45078 45718 46413 47555 47636 48815 50342 50762 51104 
491102 215473 274722 1707 100719 607764 81530 97246 487165 644849 ,98166 109815 111533 114796 115503 120512 121058 125137 127359 130499 ,491102 215473 274722 1707 100719 607764 81530 97246 487165 644849 ,98166 109815 111533 114796 115503 120512 121058 125137 127359 130499 
315761 617605 713749 480233 579827 156850 137320 314889 121842 344538 ,56584 71472 75314 81047 82854 83507 84745 85057 86276 86747 ,315761 617605 713749 480233 579827 156850 137320 314889 121842 344538 ,56584 71472 75314 81047 82854 83507 84745 85057 86276 86747 
335477 407709 864719 778183 795522 902714 925529 912465 879101 35791 ,54158 54803 57390 60787 60815 61111 62558 64701 65537 66393 ,335477 407709 864719 778183 795522 902714 925529 912465 879101 35791 ,54158 54803 57390 60787 60815 61111 62558 64701 65537 66393 
207162 53027 840202 408102 719064 196862 476571 584163 133419 893803 ,45912 47159 47310 49932 50234 51943 53700 54180 55384 55565 ,207162 53027 840202 408102 719064 196862 476571 584163 133419 893803 ,45912 47159 47310 49932 50234 51943 53700 54180 55384 55565 
134233 412481 412453 610094 317364 68604 88128 610109 227598 751378 ,48086 48430 51263 53894 54965 55732 56748 57184 57284 57517 ,134233 412453 610094 317364 88128 610109 227598 751378 136691 166245 ,48086 51263 53894 54965 56748 57184 57284 57517 57774 58110 
755027 153029 422199 422075 65800 140067 316162 161041 807975 507832 ,41027 43528 48215 48446 48559 49321 49562 50043 51019 51641 ,755027 153029 422199 422075 65800 140067 316162 161041 807975 500488 ,41027 43528 48215 48446 48559 49321 49562 50043 51019 52355 
481382 485240 18668 329127 610508 253042 575406 856830 252390 618111 ,41982 46341 46729 47747 49274 50101 51132 53830 53838 54309 ,481382 18668 329127 610508 253042 575406 856830 252390 618111 581014 ,41982 46729 47747 49274 50101 51132 53830 53838 54309 54497 
813227 366209 874975 359819 904919 813502 291308 124697 575318 712967 ,40096 46631 47218 48433 50163 51022 51106 51252 51960 52197 ,813227 366209 874975 359819 904919 813502 291308 124697 575318 712967 ,40096 46631 47218 48433 50163 51022 51106 51252 51960 52197 
77241 520653 850928 850829 764506 764919 81078 487197 519819 801212 ,39067 43213 56627 59175 59279 60117 60976 61440 62270 62759 ,77241 520653 850928 850829 764506 764919 81078 487197 519819 801212 ,39067 43213 56627 59175 59279 60117 60976 61440 62270 62759 
43875 363371 524805 526374 994018 518085 133216 815408 98044 127464 ,16856 23726 24949 27967 29306 29518 29917 30993 33054 33455 ,43875 363371 524805 526374 994018 518085 133216 815408 98044 127464 ,16856 23726 24949 27967 29306 29518 29917 30993 33054 33455 
79525 305106 293027 522254 321576 129998 381428 124739 496957 192701 ,33735 34909 36164 36362 36585 36965 37844 38701 38964 39563 ,79525 305106 293027 522254 321576 129998 381428 124739 496957 192701 ,33735 34909 36164 36362 36585 36965 37844 38701 38964 39563 
637422 80008 43909 322495 121930 79995 566392 321746 919853 480888 ,14893 16793 16916 17472 17735 18155 18562 18725 18927 19007 ,637422 80008 43909 322495 121930 79995 566392 321746 919853 480888 ,14893 16793 16916 17472 17735 18155 18562 18725 18927 19007 
274331 181097 271758 76309 511015 884789 634498 503991 468257 327569 ,45547 46024 53072 53194 53749 54033 54253 54805 55486 57183 ,274331 181097 271758 76309 511015 884789 634498 468257 327569 728708 ,45547 46024 53072 53194 53749 54033 54253 55486 57183 58173 
307073 525185 254067 665039 306486 639681 379210 389840 561109 214485 ,35981 38658 39150 40838 43460 43992 44271 45046 45048 45361 ,307073 525185 254067 306486 639681 379210 389840 561109 214485 600171 ,35981 38658 39150 43460 43992 44271 45046 45048 45361 45606 
785208 425493 785294 92518 932028 258884 425727 155240 202637 472085 ,43450 47969 48066 49607 50803 52077 52078 52275 52828 54043 ,785208 425493 785294 92518 932028 258884 425727 155240 202637 472085 ,43450 47969 48066 49607 50803 52077 52078 52275 52828 54043 
366796 262878 168940 628457 610061 448352 181956 174756 201670 31312 ,70775 80233 82953 86065 90048 90720 93167 93186 93244 93575 ,366796 262878 168940 628457 610061 448352 181956 174756 201670 31312 ,70775 80233 82953 86065 90048 90720 93167 93186 93244 93575 
496733 784190 658396 200639 71610 514234 527753 279013 432246 750757 ,104715 115130 116088 116984 117723 125519 126067 128250 129596 131006 ,496733 784190 658396 200639 71610 514234 527753 279013 432246 750757 ,104715 115130 116088 116984 117723 125519 126067 128250 129596 131006 
232452 36455 36373 663664 919847 416899 371208 481055 230522 215430 ,43719 45094 47049 47254 47851 48246 48437 48481 49871 50118 ,232452 36455 36373 663664 919847 416899 371208 481055 230522 215430 ,43719 45094 47049 47254 47851 48246 48437 48481 49871 50118 
636494 634240 738417 717309 255987 907638 3747 265748 862247 365418 ,29122 33770 36968 37943 41088 44440 44877 45495 46405 46819 ,636494 634240 738417 717309 255987 907638 3747 265748 862247 365418 ,29122 33770 36968 37943 41088 44440 44877 45495 46405 46819 
632993 336716 951859 25358 799382 524715 850226 942682 510288 336630 ,28434 28684 28909 30135 30488 30867 30960 31241 31324 31464 ,632993 336716 951859 25358 799382 524715 850226 942682 510288 336630 ,28434 28684 28909 30135 30488 30867 30960 31241 31324 31464 
547180 321506 658164 602356 350477 336642 602076 350493 660764 364425 ,25720 26354 27224 27366 27734 28662 28923 28963 29727 29888 ,547180 321506 658164 602356 350477 336642 602076 350493 660764 364425 ,25720 26354 27224 27366 27734 28662 28923 28963 29727 29888 
192527 271343 47347 305393 449872 439809 739094 227488 111765 688232 ,42097 42097 43143 43180 43979 44263 44590 45229 45946 45971 ,271343 192527 449872 439809 739094 227488 688232 668670 123755 279173 ,42097 42097 43979 44263 44590 45229 45971 46631 46648 47195 
846559 15523 973487 732453 911099 716177 738827 275029 842485 330772 ,45114 46349 47367 49263 49438 56161 57867 58279 60494 60619 ,846559 973487 732453 911099 716177 738827 275029 842485 330772 853758 ,45114 47367 49263 49438 56161 57867 58279 60494 60619 60885 
433936 94129 432375 595808 529409 424624 500037 364449 983350 723673 ,44267 45777 49835 49996 50954 52031 52260 52616 52769 52851 ,433936 94129 432375 529409 424624 364449 983350 723673 777623 371385 ,44267 45777 49835 50954 52031 52616 52769 52851 53170 53221 
164242 521082 56436 494375 641816 411751 412141 864141 206372 166545 ,43204 44078 46966 47116 49515 51158 52030 53259 53355 54384 ,164242 521082 56436 494375 641816 411751 412141 864141 206372 166545 ,43204 44078 46966 47116 49515 51158 52030 53259 53355 54384 
959477 48881 127063 386658 742140 841757 715432 654613 208065 146567 ,29018 30294 30649 31122 31834 32352 32587 35890 36379 36396 ,959477 48881 127063 386658 742140 841757 715432 654613 208065 146567 ,29018 30294 30649 31122 31834 32352 32587 35890 36379 36396 
730573 780243 29965 780251 42712 157332 157080 352508 292050 79473 ,12065 14441 14938 15725 15727 16357 16932 17247 17418 17943 ,730573 780243 29965 780251 42712 157332 157080 352508 292050 79473 ,12065 14441 14938 15725 15727 16357 16932 17247 17418 17943 
281295 550489 321099 200032 914026 175282 449193 725467 599068 181023 ,67717 79597 83302 86870 88335 89686 92464 93779 93926 94989 ,281295 550489 321099 200032 914026 175282 449193 725467 599068 181023 ,67717 79597 83302 86870 88335 89686 92464 93779 93926 94989 
923882 903103 298300 985319 306741 424447 903083 624275 431562 407372 ,35323 36159 38003 38384 38427 38936 39613 40165 40280 40489 ,923882 903103 298300 985319 306741 424447 903083 624275 431562 407372 ,35323 36159 38003 38384 38427 38936 39613 40165 40280 40489 
548986 351442 935237 204814 25093 577789 518087 24013 168503 2470 ,66372 70278 72006 79042 80001 81669 84439 84484 85407 86371 ,548986 351442 935237 204814 25093 577789 518087 24013 168503 2470 ,66372 70278 72006 79042 80001 81669 84439 84484 85407 86371 
152623 80466 274777 767235 182747 36818 573759 138474 999130 63538 ,58454 60800 62606 62848 65453 67202 68123 68305 68466 69215 ,152623 274777 767235 182747 36818 573759 138474 999130 63538 680151 ,58454 62606 62848 65453 67202 68123 68305 68466 69215 69755 
693279 629798 511333 187533 489858 76139 736403 281738 923332 420381 ,57919 65528 66304 67891 68498 68920 69628 70960 70989 71039 ,693279 629798 511333 187533 489858 76139 736403 281738 923332 420381 ,57919 65528 66304 67891 68498 68920 69628 70960 70989 71039 
82423 521855 684559 241457 476796 351913 98924 6266 719337 502234 ,31574 36373 36510 37845 43916 45253 45983 46463 46771 48378 ,82423 521855 684559 241457 476796 351913 98924 6266 719337 502234 ,31574 36373 36510 37845 43916 45253 45983 46463 46771 48378 
355580 183620 489777 460236 357124 984152 341168 777663 298326 320754 ,63916 67124 68184 70997 72126 72861 74511 75526 78500 78995 ,355580 183620 489777 460236 357124 984152 341168 777663 298326 320754 ,63916 67124 68184 70997 72126 72861 74511 75526 78500 78995 
603515 227004 293074 727859 297905 83506 351191 608858 57404 92624 ,49940 54632 58337 60193 61441 61478 64356 65576 65594 66598 ,603515 227004 293074 727859 297905 83506 351191 608858 57404 92624 ,49940 54632 58337 60193 61441 61478 64356 65576 65594 66598 
80012 80540 974738 795218 282494 645629 530165 645732 985024 249933 ,20127 37100 37408 38808 41772 43365 44777 45181 47168 48262 ,80012 80540 974738 795218 282494 645629 530165 645732 985024 249933 ,20127 37100 37408 38808 41772 43365 44777 45181 47168 48262 
20800 522313 522773 941817 94484 522587 312992 534659 601077 953452 ,46434 48459 50460 50662 50713 50880 50909 51262 51296 51941 ,20800 522313 522773 941817 94484 522587 312992 534659 601077 953452 ,46434 48459 50460 50662 50713 50880 50909 51262 51296 51941 
984840 813150 156396 362799 713238 9628 228762 297578 432487 41236 ,72422 79613 82459 86740 86832 88493 89471 89692 91493 91740 ,984840 813150 156396 362799 713238 9628 228762 297578 432487 41236 ,72422 79613 82459 86740 86832 88493 89471 89692 91493 91740 
15090 560888 223976 704083 659283 251064 753132 206583 546036 872953 ,60848 61380 64891 66248 66395 66407 66444 68370 69286 70691 ,15090 560888 223976 704083 659283 251064 753132 206583 546036 872953 ,60848 61380 64891 66248 66395 66407 66444 68370 69286 70691 
694132 723491 942016 78261 261594 504997 297973 187246 364708 430788 ,71942 78224 78533 79628 79939 80535 80676 82228 82274 82337 ,694132 723491 78261 261594 504997 297973 187246 364708 73087 678497 ,71942 78224 79628 79939 80535 80676 82228 82274 82633 83278 
80761 68416 30330 65496 370773 567753 524825 108201 117784 305012 ,15750 23586 25888 26526 28762 29032 29386 30928 31132 31417 ,80761 68416 30330 65496 370773 567753 524825 108201 117784 305012 ,15750 23586 25888 26526 28762 29032 29386 30928 31132 31417 
658262 567816 524763 790750 88639 818873 834788 104898 686148 712709 ,35235 41841 42994 54122 58568 66362 67765 68506 70778 72993 ,658262 567816 524763 790750 88639 818873 834788 104898 686148 712709 ,35235 41841 42994 54122 58568 66362 67765 68506 70778 72993 
260639 484043 670431 512854 11844 197742 815045 758488 462416 219836 ,49833 55398 56094 57505 58109 62014 66145 68641 70278 71395 ,260639 484043 670431 512854 11844 197742 815045 758488 462416 219836 ,49833 55398 56094 57505 58109 62014 66145 68641 70278 71395 
570389 59870 68720 274545 756978 1717 870725 522218 482383 274754 ,57947 64341 64457 64965 65467 65492 66037 66437 67866 68366 ,570389 59870 68720 274545 756978 1717 870725 522218 482383 274754 ,57947 64341 64457 64965 65467 65492 66037 66437 67866 68366 
99515 200580 155506 284573 414905 283884 52043 879654 914014 797434 ,52951 60952 63094 67904 67942 68179 68442 68522 69589 69986 ,99515 200580 155506 284573 414905 283884 52043 879654 914014 797434 ,52951 60952 63094 67904 67942 68179 68442 68522 69589 69986 
771717 810768 519387 810537 689393 221475 533129 395868 293814 535661 ,54269 56931 59784 61818 63423 64476 64990 65149 65857 66092 ,771717 810768 519387 810537 689393 221475 533129 395868 293814 535661 ,54269 56931 59784 61818 63423 64476 64990 65149 65857 66092 
390772 201350 727294 946783 705675 658158 512012 842521 918437 698442 ,50180 60120 61333 63037 64534 66399 66717 66894 67921 68267 ,390772 201350 946783 705675 658158 512012 842521 918437 698442 971411 ,50180 60120 63037 64534 66399 66717 66894 67921 68267 68836 
145171 859750 858592 966349 812606 876719 922566 774471 236699 284279 ,65908 65910 66837 68163 69329 73825 74305 76205 76317 77586 ,145171 859750 858592 966349 812606 876719 922566 774471 236699 284279 ,65908 65910 66837 68163 69329 73825 74305 76205 76317 77586 
81172 619458 951282 276566 715407 50999 515525 175963 482087 902518 ,98664 100287 102166 106217 110249 111332 112972 113386 118902 123509 ,81172 619458 951282 276566 715407 50999 515525 175963 482087 902518 ,98664 100287 102166 106217 110249 111332 112972 113386 118902 123509 
686314 985762 477019 257701 615731 824284 5655 155568 5844 534461 ,27640 27845 28025 29358 31226 31364 31730 31772 31903 31998 ,686314 985762 477019 257701 615731 824284 5655 155568 534461 686132 ,27640 27845 28025 29358 31226 31364 31730 31772 31998 32011 
532446 419340 355218 531321 481466 105252 145352 723225 309679 719822 ,37935 40167 40181 40954 41467 42365 42532 42656 43169 43328 ,419340 145352 969214 496900 303903 524638 263778 351037 56020 808352 ,40167 42532 44046 45381 45635 45668 46125 46711 46923 47017 
845705 305851 496693 443718 233459 305310 496698 784991 958577 354054 ,30649 31867 31918 33619 33987 34200 34644 35091 35574 36075 ,305851 443718 958577 354054 210850 487472 684780 351465 351502 941314 ,31867 33619 35574 36075 37031 37596 38302 39505 40166 40689 
974743 726159 538627 954908 972380 552137 805483 924974 478832 593681 ,56321 63145 63686 67896 68470 69564 70455 71016 71652 74571 ,538627 805483 900570 86984 929285 582124 272877 810080 844756 623836 ,63686 70455 75338 75446 77934 78110 78337 78730 80135 81482 
321709 321550 62861 719795 130069 130356 420868 466576 825667 825958 ,18087 20687 21172 21426 21786 22218 22374 23093 23176 23337 ,321709 321550 62861 130069 130356 420868 466576 825667 825958 638077 ,18087 20687 21172 21786 22218 22374 23093 23176 23337 23407 
865953 371126 225648 126983 615161 630737 465995 597521 187895 575064 ,62005 89010 90583 94498 95864 96960 100563 101245 102232 102271 ,865953 371126 225648 126983 615161 465995 597521 187895 575064 33657 ,62005 89010 90583 94498 95864 100563 101245 102232 102271 103553 
610516 524977 777268 522608 293237 502360 796696 154072 304695 336859 ,46296 54073 54546 60477 60929 63549 64786 67073 69441 70641 ,610516 524977 777268 522608 293237 502360 796696 154072 304695 429825 ,46296 54073 54546 60477 60929 63549 64786 67073 69441 71571 
719976 420987 82424 566296 514174 219800 245334 510313 724106 85847 ,30509 31831 36783 40901 42593 43131 43393 46147 46162 46622 ,719976 420987 82424 566296 514174 219800 245334 510313 724106 85847 ,30509 31831 36783 40901 42593 43131 43393 46147 46162 46622 
269231 660824 704110 734213 28094 225491 659746 677073 268569 535202 ,50809 88393 94998 95247 100806 104955 105307 106972 108477 109287 ,269231 660824 704110 734213 28094 225491 659746 677073 268569 535202 ,50809 88393 94998 95247 100806 104955 105307 106972 108477 109287 
472040 896945 543277 64260 418886 935763 561736 952671 797325 677196 ,48116 50757 53118 55102 55347 55593 55789 56646 56980 57118 ,472040 896945 543277 64260 418886 935763 561736 952671 797325 677196 ,48116 50757 53118 55102 55347 55593 55789 56646 56980 57118 
472888 631118 426310 730557 718994 780242 152025 2916 868943 278614 ,30307 31219 36869 42252 42347 42372 42706 43508 43703 44195 ,426310 730557 718994 780242 152025 2916 868943 140764 742228 854710 ,36869 42252 42347 42372 42706 43508 43703 44545 44687 44767 
261517 30606 68703 639992 30052 429954 693963 719298 122060 522291 ,15061 15097 15937 16621 17454 17855 18624 19588 19615 19866 ,261517 30606 68703 639992 30052 429954 693963 719298 122060 522291 ,15061 15097 15937 16621 17454 17855 18624 19588 19615 19866 
37286 279431 372944 280236 19084 254091 279899 705409 977764 411427 ,39479 39589 39926 40501 40920 41144 41193 41657 41735 41911 ,37286 372944 280236 19084 254091 279899 705409 977764 411427 279109 ,39479 39926 40501 40920 41144 41193 41657 41735 41911 42516 
81220 80825 66124 435860 974201 278951 450040 398087 956505 456692 ,13863 15345 29788 35226 35653 38603 39092 39298 39342 39618 ,81220 80825 66124 435860 974201 278951 450040 398087 956505 456692 ,13863 15345 29788 35226 35653 38603 39092 39298 39342 39618 
933119 254286 233534 232796 837215 254090 673550 710705 603937 640953 ,32471 33229 34111 35817 35845 39809 41030 41279 41865 43326 ,933119 254286 233534 232796 837215 254090 673550 710705 603937 640953 ,32471 33229 34111 35817 35845 39809 41030 41279 41865 43326 
960697 553606 42353 772495 101550 461354 105156 533565 806878 596478 ,107926 115144 120867 121520 123165 127252 128063 130141 132740 133397 ,960697 553606 42353 772495 101550 461354 105156 533565 806878 596478 ,107926 115144 120867 121520 123165 127252 128063 130141 132740 133397 
230512 50931 322643 51022 343242 94694 628814 30812 94521 512384 ,32259 32701 35311 35403 35780 36111 38001 38328 38469 39365 ,230512 50931 322643 51022 343242 94694 628814 30812 94521 512384 ,32259 32701 35311 35403 35780 36111 38001 38328 38469 39365 
298594 566000 274103 860825 566165 485152 499695 484462 270081 657486 ,49245 50704 51201 53822 55309 55766 57673 58522 60067 60100 ,298594 566000 274103 860825 485152 484462 270081 657486 76917 991544 ,49245 50704 51201 53822 55766 58522 60067 60100 60229 60233 
294394 315679 953835 323261 15397 625363 123689 425726 317125 629103 ,44425 51322 54024 55239 57327 57484 58377 58410 58442 58505 ,294394 315679 953835 323261 15397 625363 123689 425726 317125 629103 ,44425 51322 54024 55239 57327 57484 58377 58410 58442 58505 
488772 561183 345670 359103 492235 958419 10759 741489 895353 723885 ,61634 64192 67363 68095 72383 72505 74271 74918 75481 76085 ,488772 345670 359103 492235 958419 10759 741489 895353 723885 515380 ,61634 67363 68095 72383 72505 74271 74918 75481 76085 76199 
734902 986981 935623 378942 872921 636655 934579 885143 94027 935763 ,40152 46443 47909 49925 52046 53008 53289 53751 53989 54048 ,935763 221258 39770 750648 859825 91672 786063 929078 734861 438255 ,54048 55802 57195 58609 59089 59761 61629 62677 63156 63309 
20737 99124 124330 1879 971064 399034 871717 416257 658575 680318 ,89215 91278 95514 97294 98253 100118 100726 102028 102962 103383 ,20737 99124 124330 1879 971064 399034 871717 416257 658575 680318 ,89215 91278 95514 97294 98253 100118 100726 102028 102962 103383 
833462 566262 306384 90606 873847 518085 545433 82718 68381 547091 ,32008 41388 42774 44327 45195 45207 46609 47382 47886 47938 ,833462 306384 90606 873847 518085 545433 82718 68381 547091 515127 ,32008 42774 44327 45195 45207 46609 47382 47886 47938 47964 
995303 556899 883875 406157 825516 71285 117506 884224 140568 643163 ,34229 35038 35225 35379 35505 36964 37604 37666 37887 38758 ,357724 360212 885844 541935 643983 646334 140814 308806 936068 524372 ,39307 39510 40213 40870 42038 42743 43100 43369 43932 43998 
203954 886988 201863 303319 904367 493244 221696 94198 865497 156698 ,54173 55122 55400 61999 63103 63113 64642 66785 67158 67319 ,203954 886988 201863 303319 904367 493244 221696 94198 865497 156698 ,54173 55122 55400 61999 63103 63113 64642 66785 67158 67319 
234055 747838 231558 423937 418963 36129 467176 467100 33958 126753 ,40507 43311 47434 53341 55276 56779 56804 57667 57898 58143 ,747838 467176 33958 822885 127577 681731 897800 126898 463221 807748 ,43311 56804 57898 61930 62012 62028 62449 63226 63825 64431 
234694 617177 453029 22404 461413 974225 977586 177213 788772 357548 ,89523 96845 97839 99406 99406 99904 101683 102495 102896 106576 ,234694 453029 22404 461413 974225 977586 177213 788772 357548 401820 ,89523 97839 99406 99406 99904 101683 102495 102896 106576 107689 
411899 411791 412058 553253 978030 149341 837625 863221 891811 567213 ,23542 28995 32241 33273 36524 36578 37010 37779 38778 39069 ,163792 164892 482236 553301 709110 539446 51925 882757 835990 901285 ,39782 40825 41101 43381 46666 47680 51041 51379 51753 52297 
969619 59673 841984 489206 72257 818461 509680 61680 531622 171874 ,47757 53759 55851 57335 57583 58183 58302 58572 59232 59272 ,969619 59673 489206 72257 818461 509680 61680 531622 171874 806330 ,47757 53759 57335 57583 58183 58302 58572 59232 59272 59942 
134011 138270 287300 588625 95951 24988 648512 12181 874907 847042 ,75092 83373 84079 85009 87576 88504 88992 89014 89288 89646 ,134011 138270 287300 588625 95951 24988 12181 874907 847042 464003 ,75092 83373 84079 85009 87576 88504 89014 89288 89646 90461 
982691 341247 156869 31361 510707 459179 662357 893770 615345 823677 ,54417 61564 64091 76187 80833 82043 83365 84856 84981 87709 ,982691 341247 156869 31361 510707 459179 662357 893770 615345 823677 ,54417 61564 64091 76187 80833 82043 83365 84856 84981 87709 
61561 695103 60422 697166 694537 335825 384503 695211 309749 724489 ,68147 68561 70228 70460 71803 72054 73266 74896 75323 75476 ,61561 695103 60422 697166 694537 335825 384503 309749 724489 464416 ,68147 68561 70228 70460 71803 72054 73266 75323 75476 75650 
80007 79978 80147 825958 188705 522441 80891 601599 919852 261517 ,15036 17279 17343 19129 19205 19438 19672 20467 21123 21388 ,80007 79978 80147 825958 188705 522441 80891 601599 919852 261517 ,15036 17279 17343 19129 19205 19438 19672 20467 21123 21388 
866210 688144 753274 124022 417313 163700 987748 206198 270476 929385 ,57051 62051 63333 63992 66042 67722 67735 69785 69785 70848 ,866210 688144 753274 124022 163700 987748 206198 270476 929385 107479 ,57051 62051 63333 63992 67722 67735 69785 69785 70848 71436 
221339 222238 90807 88821 86542 696195 565086 532671 207870 18771 ,40990 41928 44855 46715 47610 48244 48623 48808 50480 50661 ,221339 222238 90807 88821 86542 696195 565086 532671 207870 18771 ,40990 41928 44855 46715 47610 48244 48623 48808 50480 50661 
522791 453665 696081 295255 520007 561563 690234 93814 81732 498062 ,50736 51777 54751 59677 59724 60943 61224 61472 62229 62945 ,522791 453665 696081 295255 520007 561563 690234 93814 81732 498062 ,50736 51777 54751 59677 59724 60943 61224 61472 62229 62945 
307652 87046 472112 477378 537889 283071 701910 718780 454011 410382 ,30127 47171 47629 48226 64619 65817 66996 67156 69589 69700 ,307652 87046 472112 477378 537889 283071 701910 718780 454011 410382 ,30127 47171 47629 48226 64619 65817 66996 67156 69589 69700 
85469 85944 86463 456594 930256 804157 793923 411055 409684 544814 ,51188 55342 56477 59807 61513 61922 63126 66392 66607 67225 ,85469 86463 409684 544814 575182 184430 53918 463917 561939 75815 ,51188 56477 66607 67225 68806 70737 71773 72476 74153 75598 
559202 742593 505592 807965 117585 556438 38094 801328 556642 713126 ,42808 43824 45581 48156 48868 49011 49055 49161 49372 50556 ,559202 505592 807965 38094 801328 556642 713126 991921 500436 824575 ,42808 45581 48156 49055 49161 49372 50556 51144 51304 51485 
61904 932537 639959 317604 473105 640597 50027 919967 82190 887098 ,55909 55981 56645 57845 58129 58787 60122 60887 61788 61901 ,61904 932537 639959 317604 473105 640597 50027 919967 82190 887098 ,55909 55981 56645 57845 58129 58787 60122 60887 61788 61901 
845986 116007 279159 977360 736656 514719 16428 696568 95168 977416 ,42094 43098 46720 47781 49200 49705 49879 49985 50179 50849 ,845986 116007 279159 977360 736656 514719 16428 696568 95168 977416 ,42094 43098 46720 47781 49200 49705 49879 49985 50179 50849 
711661 747438 588214 525214 653494 193144 414043 975132 808840 168833 ,56236 65291 68206 68218 68919 69057 69116 69911 70238 70839 ,711661 747438 588214 525214 653494 193144 414043 975132 808840 168833 ,56236 65291 68206 68218 68919 69057 69116 69911 70238 70839 
351650 337955 837088 82479 352278 352853 351088 895301 452426 352162 ,22046 23904 24614 24809 26858 27030 27184 27234 27463 27534 ,351650 337955 837088 82479 352278 352853 351088 895301 452426 352162 ,22046 23904 24614 24809 26858 27030 27184 27234 27463 27534 
92849 85392 740641 84813 614878 29943 982417 638079 815392 638028 ,21441 31222 33938 34709 35042 35434 35690 35727 35824 36054 ,92849 85392 740641 84813 614878 29943 982417 638079 815392 638028 ,21441 31222 33938 34709 35042 35434 35690 35727 35824 36054 
713000 722398 958751 356455 609971 279963 458425 863629 515941 282226 ,39364 42320 43340 45878 46209 48647 49801 50370 50581 50773 ,713000 722398 958751 356455 609971 279963 458425 863629 515941 282226 ,39364 42320 43340 45878 46209 48647 49801 50370 50581 50773 
956861 923585 430759 156821 430668 977119 448642 355480 957426 259956 ,41819 43762 44735 46002 46570 46675 46785 47260 47273 47370 ,923585 430759 156821 430668 448642 355480 957426 259956 325875 431150 ,43762 44735 46002 46570 46785 47260 47273 47370 47558 47905 
105910 280435 285770 290385 246585 663400 486303 108059 497353 291973 ,19391 21784 22763 23673 24248 24329 24362 24855 25243 25271 ,105910 280435 285770 290385 246585 663400 486303 108059 497353 291973 ,19391 21784 22763 23673 24248 24329 24362 24855 25243 25271 
188698 908474 67214 707628 604183 930325 512571 756489 415725 543276 ,26678 40563 40780 41542 41690 43805 43810 43913 44426 44879 ,188698 908474 67214 707628 604183 930325 756489 415725 543276 831360 ,26678 40563 40780 41542 41690 43805 43913 44426 44879 45362 
9103 322296 486844 279761 82835 151511 337175 350405 281263 531313 ,23201 29280 30006 32602 32923 33248 33733 33743 33898 34257 ,9103 486844 279761 82835 151511 337175 350405 531313 95977 90871 ,23201 30006 32602 32923 33248 33733 33743 34257 34470 34899 
428196 901824 540846 726478 427552 916898 552602 425169 756368 417609 ,61154 62101 67428 77575 77709 77938 81696 82411 83081 83497 ,428196 901824 540846 726478 427552 916898 552602 425169 756368 417609 ,61154 62101 67428 77575 77709 77938 81696 82411 83081 83497 
189104 666064 823979 483645 755247 665457 43153 596441 44343 421562 ,38778 47275 48395 50141 50879 51452 51642 52087 52543 52873 ,189104 666064 823979 483645 755247 665457 43153 596441 44343 421562 ,38778 47275 48395 50141 50879 51452 51642 52087 52543 52873 
551047 949526 295635 626257 619478 111560 739990 726094 252919 317832 ,87905 93064 99611 102486 103067 103288 103648 103822 105397 105684 ,551047 949526 295635 626257 619478 111560 739990 726094 252919 317832 ,87905 93064 99611 102486 103067 103288 103648 103822 105397 105684 
96205 104789 518846 662651 42048 122833 942779 145352 751222 297362 ,32444 37486 40467 41328 41921 43136 45889 46119 46278 47039 ,96205 104789 518846 662651 42048 122833 942779 145352 751222 297362 ,32444 37486 40467 41328 41921 43136 45889 46119 46278 47039 
463800 504212 680562 571635 795888 597164 335907 91227 919934 778921 ,79798 81952 83476 84334 88211 88911 88938 88970 89838 90008 ,680562 795888 597164 335907 91227 778921 628897 596815 65122 598008 ,83476 88211 88911 88938 88970 90008 91109 92097 92922 94086 
472926 267349 538161 643344 486758 483908 472944 61141 45549 519999 ,30692 39694 41959 42223 43284 46727 47730 48674 49980 51000 ,472926 267349 538161 643344 486758 483908 472944 61141 45549 519999 ,30692 39694 41959 42223 43284 46727 47730 48674 49980 51000 
582321 92520 558238 452572 452255 101705 594678 934368 70808 805082 ,55378 63712 63872 64584 65253 66257 66517 66757 67198 67280 ,582321 92520 558238 452572 452255 594678 934368 70808 805082 617264 ,55378 63712 63872 64584 65253 66517 66757 67198 67280 68197 
678380 85192 487832 815492 818384 52511 105577 526375 29962 83939 ,20283 21568 24880 24883 25396 27213 27218 27475 27721 28041 ,678380 85192 487832 815492 818384 52511 105577 526375 29962 83939 ,20283 21568 24880 24883 25396 27213 27218 27475 27721 28041 
432170 555115 618076 837462 533658 538860 246525 344415 82315 78374 ,49828 50466 50822 53122 53560 53628 54927 55127 56190 56236 ,432170 555115 618076 533658 538860 246525 344415 82315 482525 283846 ,49828 50466 50822 53560 53628 54927 55127 56190 57396 57707 
570285 840292 928763 748247 604811 758198 375336 395908 948172 360408 ,55420 78171 79209 81331 84851 84925 85240 87236 91852 92036 ,570285 840292 928763 748247 604811 758198 375336 395908 948172 360408 ,55420 78171 79209 81331 84851 84925 85240 87236 91852 92036 
975249 457077 20198 710726 510576 861405 563531 795889 541885 123450 ,62056 68395 72060 81012 81031 83656 84688 85035 87148 87846 ,975249 457077 20198 710726 510576 861405 563531 795889 541885 123450 ,62056 68395 72060 81012 81031 83656 84688 85035 87148 87846 
402666 306416 387379 769679 743202 271865 560137 699555 758643 238868 ,49879 62554 63946 66130 67710 68106 68376 68894 68916 70757 ,402666 306416 387379 769679 743202 271865 560137 699555 758643 238868 ,49879 62554 63946 66130 67710 68106 68376 68894 68916 70757 
61077 626536 770378 770699 212879 374979 557911 470902 806415 249448 ,36427 36474 40163 42980 44113 45552 45913 46149 46194 47239 ,61077 770378 770699 212879 374979 557911 470902 806415 249448 732495 ,36427 40163 42980 44113 45552 45913 46149 46194 47239 47471 
104019 995033 754340 716686 887583 430870 216527 49250 428756 824073 ,23568 23715 24113 27127 28244 28703 28979 29664 30110 30522 ,104019 995033 754340 716686 887583 430870 216527 49250 428756 824073 ,23568 23715 24113 27127 28244 28703 28979 29664 30110 30522 
63710 911572 913231 484879 701515 800577 519567 913400 997739 942066 ,55092 56602 57647 58577 60338 62999 63098 64048 64199 64321 ,63710 911572 913231 484879 701515 800577 519567 913400 997739 942066 ,55092 56602 57647 58577 60338 62999 63098 64048 64199 64321 
956307 232811 725819 4076 23384 607026 749395 951145 169622 309373 ,64505 74572 76334 77741 77888 79652 80306 80429 80585 80731 ,956307 232811 725819 4076 23384 607026 749395 951145 169622 309373 ,64505 74572 76334 77741 77888 79652 80306 80429 80585 80731 
940746 495163 531050 833870 704973 111673 503555 763201 722718 483354 ,65896 73932 75122 77016 77963 79803 81400 82023 83291 85461 ,940746 495163 531050 833870 704973 111673 503555 763201 722718 483354 ,65896 73932 75122 77016 77963 79803 81400 82023 83291 85461 
903354 79858 80057 305757 830914 716970 412517 316066 574238 375595 ,33971 35717 35775 36327 36671 36997 37042 37186 37634 38446 ,903354 79858 80057 305757 830914 716970 412517 316066 574238 375595 ,33971 35717 35775 36327 36671 36997 37042 37186 37634 38446 
616265 560856 226925 335328 248026 416591 487148 253437 200144 251300 ,31680 32816 32828 33490 36334 36664 38592 39009 39748 39771 ,616265 560856 226925 335328 248026 416591 487148 253437 200144 251300 ,31680 32816 32828 33490 36334 36664 38592 39009 39748 39771 
261394 325208 603287 737270 141897 411052 104815 367412 518085 915141 ,50208 53664 58185 65619 69137 69527 70378 71399 71425 71639 ,261394 325208 603287 737270 141897 411052 104815 367412 518085 915141 ,50208 53664 58185 65619 69137 69527 70378 71399 71425 71639 
734424 248445 329462 852728 799938 354080 960355 82486 837429 36090 ,47997 48093 51734 51913 52734 53225 54108 54865 55653 55777 ,734424 248445 329462 852728 799938 354080 960355 82486 837429 36090 ,47997 48093 51734 51913 52734 53225 54108 54865 55653 55777 
595592 338963 868205 918839 265525 597621 624922 617938 314931 192462 ,62989 64215 67205 68199 69913 71232 73777 74090 76314 76653 ,595592 338963 868205 918839 265525 597621 624922 617938 314931 192462 ,62989 64215 67205 68199 69913 71232 73777 74090 76314 76653 
533517 84462 567832 567866 916162 497308 601501 601463 607004 261847 ,24906 26600 27482 28398 28594 28627 29700 30222 30339 30611 ,533517 84462 567832 567866 916162 497308 601501 601463 607004 261847 ,24906 26600 27482 28398 28594 28627 29700 30222 30339 30611 
556128 398861 284251 574924 593221 478121 99523 925251 559684 62397 ,39641 48411 50373 50557 51980 53289 54973 56095 56174 56695 ,556128 398861 284251 574924 593221 478121 99523 925251 559684 62397 ,39641 48411 50373 50557 51980 53289 54973 56095 56174 56695 
369312 467741 795167 514389 483013 290020 338145 81766 598536 945366 ,49370 50267 51451 51641 52147 53685 55183 55848 56881 57057 ,369312 467741 514389 483013 290020 338145 81766 598536 945366 327255 ,49370 50267 51641 52147 53685 55183 55848 56881 57057 57924 
92328 811685 409567 638032 519450 900602 735926 96564 400683 535584 ,55054 61574 70015 71972 73186 75122 75205 75631 76756 76967 ,92328 811685 409567 638032 519450 900602 735926 96564 400683 535584 ,55054 61574 70015 71972 73186 75122 75205 75631 76756 76967 
807225 796817 305131 186880 50912 784790 512326 874566 895440 700265 ,45103 49142 50335 50538 54060 54504 54664 55908 56736 58452 ,807225 796817 305131 186880 50912 784790 512326 874566 895440 700265 ,45103 49142 50335 50538 54060 54504 54664 55908 56736 58452 
994592 449196 47238 402106 585075 647967 781011 227563 743053 455137 ,37229 40280 42856 42937 44721 45430 47261 47314 47842 47891 ,994592 449196 47238 402106 585075 647967 781011 227563 743053 455137 ,37229 40280 42856 42937 44721 45430 47261 47314 47842 47891 
548355 86314 686581 791235 986932 564550 37514 21528 812051 564592 ,60327 62915 65252 65566 65878 66753 66773 67481 67896 68244 ,86314 686581 791235 986932 564550 37514 21528 812051 564592 242395 ,62915 65252 65566 65878 66753 66773 67481 67896 68244 68955 
271940 3186 278442 976829 193863 752819 43735 992276 29545 332151 ,42557 47332 47361 48510 49479 51766 52367 52467 52772 53010 ,278442 976829 193863 43735 992276 29545 332151 494677 787808 466544 ,47361 48510 49479 52367 52467 52772 53010 53949 54698 54727 
340849 566075 848799 930061 194571 677085 184804 900210 944973 322808 ,53753 56213 58198 64354 65767 67340 72278 72780 73968 75527 ,340849 566075 848799 930061 194571 677085 184804 900210 944973 322808 ,53753 56213 58198 64354 65767 67340 72278 72780 73968 75527 
512734 551938 339579 503809 752441 629686 999298 805955 407274 168853 ,73864 82177 83610 86549 88296 88563 89324 89878 90033 90058 ,512734 551938 339579 503809 752441 629686 999298 805955 407274 168853 ,73864 82177 83610 86549 88296 88563 89324 89878 90033 90058 
50291 294831 153835 238466 81306 223221 452726 726049 662490 946162 ,41854 42444 47641 48257 48599 48673 48879 48911 49581 49734 ,50291 294831 153835 238466 81306 223221 452726 726049 662490 946162 ,41854 42444 47641 48257 48599 48673 48879 48911 49581 49734 
454020 675727 771011 598211 819937 526963 156113 700102 87249 248536 ,43476 61707 62926 64113 64976 65543 65732 67222 67745 67908 ,454020 675727 771011 598211 819937 526963 156113 700102 87249 248536 ,43476 61707 62926 64113 64976 65543 65732 67222 67745 67908 
566318 363945 261696 284842 511890 497388 528431 362543 519282 353756 ,28837 29791 30401 30417 31664 32381 32905 33450 33486 33799 ,566318 363945 261696 284842 511890 497388 528431 362543 519282 353756 ,28837 29791 30401 30417 31664 32381 32905 33450 33486 33799 
100496 635438 496638 139724 516481 865293 238056 110475 497405 88835 ,69087 69580 69695 69924 70044 94197 95506 97602 101616 102274 ,100496 635438 496638 139724 516481 865293 238056 110475 497405 88835 ,69087 69580 69695 69924 70044 94197 95506 97602 101616 102274 
182701 200694 185892 594107 888828 210644 183376 488931 973881 14351 ,69330 83123 83269 83808 87010 87287 87771 88478 88578 88923 ,182701 200694 185892 594107 888828 210644 183376 488931 973881 14351 ,69330 83123 83269 83808 87010 87287 87771 88478 88578 88923 
219350 924958 689728 542091 204246 301431 860467 222214 75620 927691 ,89452 90764 97315 98944 99602 101168 101706 105637 106015 107925 ,219350 924958 689728 542091 204246 301431 860467 222214 75620 927691 ,89452 90764 97315 98944 99602 101168 101706 105637 106015 107925 
518463 434961 529929 515509 968004 416351 864435 3674 236911 506976 ,51103 52389 54317 54597 54714 55019 55222 55468 55746 56584 ,518463 434961 529929 515509 968004 416351 3674 236911 506976 814141 ,51103 52389 54317 54597 54714 55019 55468 55746 56584 56981 
94705 533814 453540 248299 182359 525064 321610 785030 305752 219369 ,35079 37462 39014 40642 41184 42546 42672 42743 42844 43215 ,94705 533814 453540 248299 182359 525064 321610 785030 305752 219369 ,35079 37462 39014 40642 41184 42546 42672 42743 42844 43215 
384298 12237 409615 979790 975113 536871 272901 309367 271790 749355 ,77162 83667 93035 93203 95197 95243 97742 98616 98635 99328 ,384298 12237 409615 979790 975113 536871 272901 309367 271790 749355 ,77162 83667 93035 93203 95197 95243 97742 98616 98635 99328 
85039 13237 937212 680491 66821 967162 460052 212983 210194 171755 ,74361 75195 76332 76473 76800 81018 81976 83129 83555 84787 ,85039 13237 937212 680491 66821 967162 460052 212983 210194 171755 ,74361 75195 76332 76473 76800 81018 81976 83129 83555 84787 
112305 262094 789003 363515 105608 23644 496890 25517 603525 333318 ,45393 63038 63951 64312 64761 65535 65590 65685 67167 67392 ,112305 262094 789003 363515 105608 23644 496890 25517 603525 333318 ,45393 63038 63951 64312 64761 65535 65590 65685 67167 67392 
749960 170159 226574 17213 635121 813692 857277 874402 504152 104683 ,50331 50788 53338 53553 54491 54987 55496 55780 57527 57854 ,749960 170159 226574 17213 635121 813692 857277 874402 504152 104683 ,50331 50788 53338 53553 54491 54987 55496 55780 57527 57854 
83371 127314 83097 219937 519126 525808 406372 224840 595176 88080 ,38265 44990 45004 46995 47891 49202 49795 50090 50625 51129 ,83371 127314 83097 219937 519126 525808 406372 595176 88080 174050 ,38265 44990 45004 46995 47891 49202 49795 50625 51129 51713 
968470 740827 520371 366413 5078 433393 719727 263519 783164 148547 ,41587 42738 43548 44304 44481 46032 47363 47587 48032 48068 ,968470 740827 520371 366413 5078 433393 719727 263519 783164 148547 ,41587 42738 43548 44304 44481 46032 47363 47587 48032 48068 
414594 453656 332815 943451 870952 461645 592316 415095 391291 254977 ,52998 56006 67799 68126 68977 71070 77213 77560 78396 79078 ,414594 453656 332815 943451 870952 461645 592316 415095 391291 254977 ,52998 56006 67799 68126 68977 71070 77213 77560 78396 79078 
227945 465648 551748 804251 210317 512848 638789 176872 396965 178865 ,70058 75799 89527 90690 91904 95071 95405 96311 96627 96636 ,227945 465648 551748 804251 210317 512848 638789 176872 396965 178865 ,70058 75799 89527 90690 91904 95071 95405 96311 96627 96636 
59456 90780 233197 409624 656577 6352 593727 82200 711688 5133 ,55696 60614 61871 62284 63450 63893 64307 66198 67730 68191 ,59456 90780 233197 409624 656577 6352 593727 82200 711688 5133 ,55696 60614 61871 62284 63450 63893 64307 66198 67730 68191 
197490 231191 466544 502903 546655 275649 868140 346033 386717 306752 ,31426 43806 60195 61656 63991 64546 67050 73582 73845 73942 ,197490 231191 466544 502903 546655 275649 868140 346033 386717 306752 ,31426 43806 60195 61656 63991 64546 67050 73582 73845 73942 
81824 304996 690025 470834 920599 82046 429576 367527 519715 744751 ,61375 65076 70612 70649 73487 75492 80771 82323 82524 83499 ,81824 304996 690025 470834 920599 82046 429576 367527 519715 744751 ,61375 65076 70612 70649 73487 75492 80771 82323 82524 83499 
714230 107367 232811 966505 292631 301439 695043 530838 323699 494726 ,36006 42162 47269 55441 58705 62243 65581 66607 67474 67940 ,714230 107367 232811 966505 292631 301439 695043 530838 323699 494726 ,36006 42162 47269 55441 58705 62243 65581 66607 67474 67940 
92860 83509 89463 810238 725617 93606 322330 89717 158798 375947 ,33916 35368 37378 41549 43275 43282 43859 44618 46014 46145 ,83509 89463 810238 725617 322330 89717 158798 375947 519671 214993 ,35368 37378 41549 43275 43859 44618 46014 46145 46345 46747 
397469 407847 223197 809132 414714 113753 752285 623755 132875 798211 ,70223 75572 78261 78330 82907 82919 83854 84576 86092 86807 ,397469 407847 223197 809132 414714 113753 752285 623755 132875 798211 ,70223 75572 78261 78330 82907 82919 83854 84576 86092 86807 
71746 737850 440051 854562 185826 154230 394435 948775 419680 967621 ,82936 84343 88417 99922 107410 107617 108782 110509 110903 111181 ,71746 737850 440051 854562 185826 154230 394435 948775 419680 967621 ,82936 84343 88417 99922 107410 107617 108782 110509 110903 111181 
987270 913104 92970 907558 508486 497212 987488 503024 3200 168967 ,67074 72138 75238 75860 76712 77122 77457 77936 78803 80086 ,987270 913104 92970 907558 508486 987488 503024 3200 499651 988819 ,67074 72138 75238 75860 76712 77457 77936 78803 80985 82565 
40232 231494 559604 416521 473035 419542 690464 521743 68773 736596 ,56189 61288 63232 67901 69435 69765 69796 72064 73175 73611 ,40232 231494 559604 416521 473035 419542 690464 521743 68773 736596 ,56189 61288 63232 67901 69435 69765 69796 72064 73175 73611 
305271 361361 490439 504719 184977 498449 266428 630161 136819 142140 ,58520 60277 61907 67686 67985 68857 70025 70097 70710 71109 ,305271 361361 490439 504719 184977 498449 266428 630161 136819 142140 ,58520 60277 61907 67686 67985 68857 70025 70097 70710 71109 
192062 954365 589125 115954 168647 605711 416721 355949 135906 34440 ,87964 89929 92344 96150 97728 99993 100295 101995 102082 104385 ,192062 954365 589125 115954 168647 605711 416721 135906 34440 656078 ,87964 89929 92344 96150 97728 99993 100295 102082 104385 105933 
100336 101126 625938 554265 654883 624899 526545 742101 543830 565988 ,69041 77527 78294 80041 80076 80717 81391 83460 86458 86551 ,100336 101126 625938 654883 624899 742101 543830 565988 454353 597796 ,69041 77527 78294 80076 80717 83460 86458 86551 86923 87369 
609585 634321 59164 246626 304044 638838 468502 878758 527371 486868 ,30667 37700 37921 38588 39358 40981 41033 41744 41875 42660 ,609585 634321 59164 246626 304044 638838 468502 878758 527371 486868 ,30667 37700 37921 38588 39358 40981 41033 41744 41875 42660 
203413 239083 655842 373866 667446 755549 450760 315621 383200 665499 ,72546 79788 84204 84251 85650 87053 88857 89990 91216 91748 ,203413 239083 655842 373866 667446 755549 450760 315621 383200 665499 ,72546 79788 84204 84251 85650 87053 88857 89990 91216 91748 
192834 522525 79556 43073 612283 518657 68722 175197 261647 110371 ,35170 37806 37915 39541 40225 40264 40475 40791 40933 41942 ,192834 522525 79556 43073 612283 518657 68722 175197 261647 110371 ,35170 37806 37915 39541 40225 40264 40475 40791 40933 41942 
137702 531534 704442 975169 419240 478253 478286 256903 64355 419628 ,37783 39229 41499 42897 43643 46711 48810 48860 49680 50121 ,137702 531534 704442 975169 419240 478253 478286 256903 64355 419628 ,37783 39229 41499 42897 43643 46711 48810 48860 49680 50121 
937450 974366 145557 452684 556699 752369 887229 695468 450622 2702 ,87158 90822 91546 96837 96922 97284 99176 99356 100332 101002 ,937450 974366 452684 752369 887229 695468 450622 2702 929443 20844 ,87158 90822 96837 97284 99176 99356 100332 101002 101660 103136 
313535 777144 308279 39896 102616 556567 410412 60441 868870 967173 ,53579 58171 62249 62481 63547 63906 63917 65071 65500 65582 ,313535 777144 308279 39896 102616 556567 410412 60441 868870 967173 ,53579 58171 62249 62481 63547 63906 63917 65071 65500 65582 
433827 181899 458280 338256 464980 780028 326197 107069 68416 980664 ,65717 77596 78275 79566 79689 83990 84168 84568 84869 86811 ,433827 181899 458280 338256 464980 780028 326197 107069 68416 980664 ,65717 77596 78275 79566 79689 83990 84168 84568 84869 86811 
712544 560184 996526 218180 660653 20936 359135 301484 29480 693638 ,57824 58988 64085 65063 66576 67368 67370 67651 67861 68084 ,712544 560184 996526 218180 660653 20936 359135 301484 29480 693638 ,57824 58988 64085 65063 66576 67368 67370 67651 67861 68084 
797532 540775 503787 528804 778901 880445 461459 577405 919847 434268 ,71312 73226 73488 75629 79396 80264 80907 81519 81549 82298 ,797532 540775 503787 528804 778901 880445 461459 577405 919847 434268 ,71312 73226 73488 75629 79396 80264 80907 81519 81549 82298 
631843 414039 523753 406118 89527 940462 126050 82352 939320 197526 ,60448 67649 68223 68368 68417 71291 73326 73573 73972 75081 ,631843 414039 523753 406118 89527 940462 126050 82352 939320 197526 ,60448 67649 68223 68368 68417 71291 73326 73573 73972 75081 
396377 395412 407662 142118 842454 15830 34510 186076 396782 546526 ,73803 75584 77973 81887 83645 84332 84998 85027 86942 87218 ,396377 842454 34510 396782 933600 391331 851480 989245 708532 938543 ,73803 83645 84998 86942 87679 89090 90186 91183 91369 91731 
182701 920089 768230 713325 226909 598560 942514 830269 209373 572141 ,69122 75742 80253 82003 83203 84459 84876 84911 85761 87743 ,182701 920089 768230 713325 226909 598560 942514 830269 209373 572141 ,69122 75742 80253 82003 83203 84459 84876 84911 85761 87743 
213823 279228 63307 587854 218349 213119 510365 421586 661723 70257 ,56944 64492 68754 72424 74937 78583 78715 80247 80293 81212 ,213823 279228 63307 587854 218349 213119 510365 421586 661723 70257 ,56944 64492 68754 72424 74937 78583 78715 80247 80293 81212 
681749 873837 975320 562577 285719 60421 970367 268148 885506 738612 ,56289 56504 60120 60576 60888 60914 61516 61523 62732 64161 ,681749 873837 975320 562577 285719 60421 970367 268148 885506 738612 ,56289 56504 60120 60576 60888 60914 61516 61523 62732 64161 
490579 368897 697163 466168 842241 688946 278579 884788 884959 751648 ,59258 69768 72054 76439 77179 77302 78456 79216 80135 81273 ,490579 697163 466168 842241 688946 278579 884788 884959 751648 861089 ,59258 72054 76439 77179 77302 78456 79216 80135 81273 81377 
848000 904447 73414 62977 807345 185194 361071 74812 141384 668355 ,72684 76262 77405 79430 79894 80151 80223 80226 81387 82362 ,848000 904447 73414 62977 807345 185194 361071 74812 141384 668355 ,72684 76262 77405 79430 79894 80151 80223 80226 81387 82362 
246279 489026 539244 161179 917026 917308 174508 488877 196562 275378 ,55471 56186 58154 58649 58813 59034 59567 60490 60679 60679 ,161179 917026 724188 13657 488711 863094 804897 193303 272119 124420 ,58649 58813 62589 67418 67897 70059 70197 70581 70581 70762 
914434 358012 844400 404805 520139 188009 360229 861774 278166 598178 ,42489 45754 51177 51644 52591 52943 53987 55444 55660 56484 ,914434 358012 844400 404805 520139 188009 360229 861774 278166 598178 ,42489 45754 51177 51644 52591 52943 53987 55444 55660 56484 
106945 88380 89395 128599 979477 535370 61740 527986 137530 799150 ,57983 60235 65674 65781 67902 70461 70643 71046 71417 71541 ,106945 88380 89395 128599 979477 535370 61740 527986 137530 799150 ,57983 60235 65674 65781 67902 70461 70643 71046 71417 71541 
174319 560179 88006 80891 306383 525680 348802 86975 292355 754036 ,33833 36203 37133 37504 37552 37743 39540 40246 40475 40481 ,174319 560179 88006 80891 306383 525680 348802 86975 292355 450185 ,33833 36203 37133 37504 37552 37743 39540 40246 40475 40484 
21372 458255 348215 964658 878565 776570 365649 319323 340064 731277 ,63812 66862 72163 72221 72682 73005 74541 74693 75806 75837 ,21372 458255 348215 964658 878565 776570 365649 319323 340064 731277 ,63812 66862 72163 72221 72682 73005 74541 74693 75806 75837 
658961 28997 635463 531166 435956 522021 429503 365407 451109 809128 ,62593 65246 68415 70619 71712 71718 72580 73240 75524 75654 ,658961 28997 635463 531166 435956 522021 429503 365407 451109 809128 ,62593 65246 68415 70619 71712 71718 72580 73240 75524 75654 
618238 278102 376887 868111 258418 678258 957672 43447 962498 982407 ,52167 54958 55505 57814 58166 58294 58687 58877 59910 60641 ,618238 278102 868111 258418 678258 957672 43447 962498 982407 725380 ,52167 54958 57814 58166 58294 58687 58877 59910 60641 62707 
659715 59132 464353 231560 686538 68768 625916 212763 944151 220393 ,61686 66507 69070 69857 73424 73810 74531 75641 75769 76529 ,659715 59132 464353 231560 686538 68768 625916 212763 944151 220393 ,61686 66507 69070 69857 73424 73810 74531 75641 75769 76529 
360509 919982 318602 45533 621746 800767 680259 375336 676165 508945 ,61630 70446 72088 72748 74394 74528 74839 75170 75352 75792 ,360509 919982 318602 45533 621746 800767 375336 676165 508945 987980 ,61630 70446 72088 72748 74394 74528 75170 75352 75792 76813 
627815 79395 924160 584408 209265 809503 487539 376277 983616 279233 ,51300 57344 60873 64574 64984 65112 66038 67933 68208 68227 ,627815 79395 924160 584408 209265 809503 487539 376277 983616 279233 ,51300 57344 60873 64574 64984 65112 66038 67933 68208 68227 
45679 102779 112489 194822 619069 499433 434484 917086 802253 589814 ,59324 64456 67401 69607 70579 71654 71857 72996 73426 74965 ,45679 102779 112489 194822 619069 499433 434484 917086 802253 589814 ,59324 64456 67401 69607 70579 71654 71857 72996 73426 74965 
832625 598923 727509 76437 379538 874599 988411 487165 396776 618048 ,84967 89234 89343 90050 90128 90313 90342 91231 91672 92023 ,832625 598923 727509 76437 379538 874599 988411 487165 618048 832597 ,84967 89234 89343 90050 90128 90313 90342 91231 92023 92182 
166552 100874 271928 247042 280423 790678 466813 700471 185210 321998 ,66278 67142 67779 69231 69812 70278 71609 71628 72580 73034 ,166552 100874 271928 247042 280423 790678 466813 700471 185210 321998 ,66278 67142 67779 69231 69812 70278 71609 71628 72580 73034 
385097 411697 980617 358391 238601 384522 78761 812599 196668 329372 ,54625 62399 66528 71784 73820 75950 76399 80374 80504 81875 ,385097 411697 980617 358391 238601 384522 78761 812599 196668 329372 ,54625 62399 66528 71784 73820 75950 76399 80374 80504 81875 
876824 886018 995188 972874 856680 19307 854619 755315 445013 552500 ,41746 46164 55521 58324 58418 60580 61734 63295 64472 67727 ,876824 886018 995188 972874 856680 19307 854619 755315 445013 552500 ,41746 46164 55521 58324 58418 60580 61734 63295 64472 67727 
902607 598053 905256 538631 882769 149165 214452 195343 882445 682225 ,80334 80623 82946 96085 96142 97437 105355 105549 105658 107087 ,902607 598053 905256 882769 149165 214452 195343 882445 682225 23155 ,80334 80623 82946 96142 97437 105355 105549 105658 107087 107252 
472107 854157 368721 477582 786030 382884 574024 409367 317364 961630 ,48586 55961 56282 58890 59211 64020 64534 65887 67047 67376 ,472107 854157 368721 477582 786030 382884 574024 409367 317364 961630 ,48586 55961 56282 58890 59211 64020 64534 65887 67047 67376 
240559 630461 875870 82278 506589 317653 344192 711657 455167 797875 ,102776 103185 108462 109469 111181 111674 113995 114604 119381 119390 ,240559 630461 875870 82278 506589 317653 344192 711657 455167 797875 ,102776 103185 108462 109469 111181 111674 113995 114604 119381 119390 
603662 667761 530157 322948 58975 532483 913495 282726 700894 513842 ,50176 61111 61116 62015 64280 64932 65830 67696 67775 68000 ,603662 667761 530157 322948 58975 532483 913495 282726 700894 513842 ,50176 61111 61116 62015 64280 64932 65830 67696 67775 68000 
778949 613258 89514 589411 574664 28505 81656 498479 462214 120580 ,47125 61075 61597 63838 64751 66847 67919 68210 69467 73318 ,778949 613258 89514 589411 574664 28505 81656 498479 462214 120580 ,47125 61075 61597 63838 64751 66847 67919 68210 69467 73318 
10306 622692 410761 771789 733365 656755 448651 541263 101491 286836 ,29709 32572 35338 35850 36308 36398 36849 38079 38496 38643 ,10306 622692 410761 771789 733365 656755 448651 541263 101491 286836 ,29709 32572 35338 35850 36308 36398 36849 38079 38496 38643 
834050 498987 921944 481687 742452 123433 186625 28947 907801 658059 ,52298 62129 69223 70809 73393 75245 78231 81297 83516 83983 ,834050 498987 921944 481687 742452 123433 186625 28947 907801 658059 ,52298 62129 69223 70809 73393 75245 78231 81297 83516 83983 
88798 601875 618358 627882 477733 496578 46809 989436 477943 78144 ,58228 59242 63716 63945 70887 71038 71052 71145 71377 71471 ,88798 601875 618358 627882 477733 496578 46809 989436 477943 78144 ,58228 59242 63716 63945 70887 71038 71052 71145 71377 71471 
92479 723045 330740 721569 438518 902844 548644 328346 419620 293868 ,67558 70464 71958 73001 73462 75976 76469 77786 78281 79148 ,92479 723045 330740 721569 548644 328346 419620 293868 969600 814045 ,67558 70464 71958 73001 76469 77786 78281 79148 80167 80396 
873876 104241 773732 693819 901245 289899 415210 232371 57285 536330 ,60905 61562 62196 64816 65827 66845 69990 71262 71762 73372 ,873876 104241 773732 693819 901245 289899 415210 232371 57285 536330 ,60905 61562 62196 64816 65827 66845 69990 71262 71762 73372 
141978 77695 169659 107808 492489 628069 510406 546425 3136 490751 ,57080 57332 57510 57596 58595 59764 59984 60713 60892 61284 ,141978 77695 628069 546425 3136 510418 205450 22957 500730 181053 ,57080 57332 59764 60713 60892 61577 62192 65292 65504 65930 
799817 829349 864803 77623 506472 415509 229312 13422 409019 198584 ,59198 59708 60378 61068 65231 65315 69800 71763 72681 72728 ,799817 829349 864803 77623 506472 415509 229312 13422 409019 198584 ,59198 59708 60378 61068 65231 65315 69800 71763 72681 72728 
970175 32419 974814 947662 976578 241677 550573 951453 522611 798633 ,81273 82828 85766 87900 88581 88978 89198 90627 90694 91451 ,970175 32419 974814 947662 976578 241677 550573 951453 522611 798633 ,81273 82828 85766 87900 88581 88978 89198 90627 90694 91451 
656141 753869 218586 445788 102209 447544 861803 810725 638764 421181 ,23130 25923 26564 28639 28890 28930 29331 30919 32123 32612 ,656141 753869 218586 445788 102209 447544 861803 810725 638764 421181 ,23130 25923 26564 28639 28890 28930 29331 30919 32123 32612 
452098 157615 168706 46811 773609 433556 144499 126281 818707 466692 ,65039 70096 76587 79497 82687 84097 84802 85440 86444 86977 ,452098 157615 168706 46811 773609 433556 144499 126281 818707 466692 ,65039 70096 76587 79497 82687 84097 84802 85440 86444 86977 
39357 848004 624493 996692 651848 903637 271222 671347 628621 356197 ,77398 77870 79184 88096 90340 91449 98019 100787 100872 101776 ,39357 848004 624493 996692 651848 903637 271222 671347 628621 356197 ,77398 77870 79184 88096 90340 91449 98019 100787 100872 101776 
985690 449675 15632 618575 89649 853305 877134 158924 940640 932296 ,57610 64317 68336 70426 73209 75316 75437 75897 76033 77328 ,985690 449675 15632 618575 89649 853305 877134 158924 940640 932296 ,57610 64317 68336 70426 73209 75316 75437 75897 76033 77328 
457906 138490 948563 327652 411912 334253 678486 307825 733079 737221 ,72690 75694 81651 81737 83265 83887 84797 86961 87282 87338 ,457906 138490 948563 327652 411912 334253 678486 307825 733079 737221 ,72690 75694 81651 81737 83265 83887 84797 86961 87282 87338 
833404 732404 302875 226060 583752 757307 40300 596040 505477 904119 ,56783 66793 69647 74329 75536 78001 80726 80732 81697 82942 ,833404 732404 302875 226060 583752 757307 40300 596040 505477 904119 ,56783 66793 69647 74329 75536 78001 80726 80732 81697 82942 
893894 409758 617050 265859 826186 320511 220972 381568 694773 86984 ,72872 76043 78010 81201 81286 81630 83148 83488 86251 86725 ,893894 409758 617050 265859 826186 320511 381568 694773 86984 248084 ,72872 76043 78010 81201 81286 81630 83488 86251 86725 87598 
538287 87655 489402 687554 897326 526216 607978 901093 759987 185589 ,58802 61147 61230 65849 66994 67564 67724 67917 68040 71232 ,538287 87655 489402 687554 897326 526216 607978 901093 759987 185589 ,58802 61147 61230 65849 66994 67564 67724 67917 68040 71232 
66379 466415 697144 474529 683611 804753 356050 630548 180451 561416 ,68348 83755 91089 93271 94079 94604 96360 96689 98159 98563 ,466415 697144 474529 683611 804753 356050 630548 180451 561416 60513 ,83755 91089 93271 94079 94604 96360 96689 98159 98563 98931 
905147 227640 694002 403058 941164 304695 336906 699658 350474 408500 ,59769 60024 63933 65782 66959 67656 67661 67724 67763 68975 ,905147 227640 694002 403058 941164 304695 336906 699658 350474 408500 ,59769 60024 63933 65782 66959 67656 67661 67724 67763 68975 
527371 941147 861896 72715 331798 518399 86626 116144 909173 604627 ,65693 71724 75222 75534 75597 78527 78915 80332 81993 82085 ,527371 941147 861896 72715 331798 518399 86626 116144 909173 604627 ,65693 71724 75222 75534 75597 78527 78915 80332 81993 82085 
37271 453883 305448 858310 321737 510241 562900 79443 700312 462428 ,43354 43810 47248 47920 48948 50077 50872 50894 51761 51950 ,37271 453883 305448 858310 321737 510241 562900 79443 700312 462428 ,43354 43810 47248 47920 48948 50077 50872 50894 51761 51950 
807245 683647 497243 585024 711364 214185 88053 763 91553 647837 ,45501 45933 46410 49574 50994 52244 52593 53024 53344 54294 ,807245 683647 497243 585024 711364 88053 763 91553 647837 456034 ,45501 45933 46410 49574 50994 52593 53024 53344 54294 54572 
265782 600024 741500 28392 101663 519306 485020 501192 91475 46950 ,55398 60443 60915 62557 63837 64271 65527 66234 66374 69067 ,265782 600024 741500 28392 101663 519306 485020 501192 91475 46950 ,55398 60443 60915 62557 63837 64271 65527 66234 66374 69067 
519512 91767 101427 93866 921616 484567 488990 258074 272052 531021 ,55247 56283 57308 57651 57761 58435 58438 58777 59052 59490 ,519512 101427 93866 921616 488990 258074 272052 531021 740166 122593 ,55247 57308 57651 57761 58438 58777 59052 59490 60038 60130 
482899 432911 481906 103806 956035 698586 845168 780842 573639 126839 ,39752 42467 43708 45217 45500 48343 49472 49730 49853 49998 ,216131 243073 909140 523965 409135 305903 711517 129985 523610 107449 ,50677 52618 54359 55425 57833 58279 58350 58792 58901 59280 
906126 26969 854382 345226 797952 288136 721714 194836 264166 453102 ,61878 61944 65863 67786 67811 68648 69082 69591 69631 70231 ,906126 26969 854382 345226 797952 288136 721714 194836 264166 453102 ,61878 61944 65863 67786 67811 68648 69082 69591 69631 70231 
109860 165766 214310 748672 167613 977349 504854 630421 430347 20107 ,53674 57956 59098 60550 61398 61923 64649 65148 65265 65499 ,977349 630421 430347 20107 174757 522865 149419 951647 691108 748225 ,61923 65148 65265 65499 66809 67702 68749 69089 69235 69346 
165997 202966 267244 320101 185227 281396 44791 499160 838679 344907 ,44591 68288 68288 68311 68719 71280 71581 73081 73896 74263 ,165997 202966 267244 320101 185227 281396 44791 499160 838679 344907 ,44591 68288 68288 68311 68719 71280 71581 73081 73896 74263 
722745 503530 154748 305592 352476 462287 194639 352310 296881 85858 ,41931 43727 45678 48669 48991 50497 51760 53461 55633 56303 ,722745 503530 154748 305592 352476 462287 194639 352310 296881 85858 ,41931 43727 45678 48669 48991 50497 51760 53461 55633 56303 
870981 224554 223954 215030 177952 806305 679231 466945 503470 870460 ,48820 51401 51834 56366 57689 58363 58421 58844 61389 61538 ,870981 224554 223954 215030 177952 806305 679231 466945 503470 431834 ,48820 51401 51834 56366 57689 58363 58421 58844 61389 62204 
803155 186762 15961 27536 125577 486941 128810 16104 665619 881855 ,47650 52450 56860 60437 62229 62899 63331 64321 65036 66236 ,803155 186762 15961 27536 125577 486941 128810 16104 881855 284514 ,47650 52450 56860 60437 62229 62899 63331 64321 66236 66696 
468029 478533 697252 172078 477322 318289 190878 286149 504436 689466 ,41382 42301 42693 43149 46119 49880 51254 51583 51872 55958 ,468029 478533 697252 172078 477322 318289 190878 286149 504436 689466 ,41382 42301 42693 43149 46119 49880 51254 51583 51872 55958 
144330 19176 407117 407156 503611 214973 265908 597477 408830 344620 ,38024 38447 39471 40920 41087 41872 42238 42656 42859 43360 ,144330 19176 407117 407156 503611 214973 265908 597477 408830 344620 ,38024 38447 39471 40920 41087 41872 42238 42656 42859 43360 
915537 501782 441127 946809 516993 325008 987512 349253 240686 944458 ,58344 58914 59197 64574 65202 66905 66943 68567 68955 69661 ,915537 501782 441127 946809 516993 325008 987512 349253 944458 230400 ,58344 58914 59197 64574 65202 66905 66943 68567 69661 69697 
526356 9409 378783 90585 540184 461067 989239 663764 111985 172172 ,62410 76865 81322 83665 85959 88426 89137 89459 93717 94821 ,526356 9409 378783 90585 540184 461067 989239 663764 111985 172172 ,62410 76865 81322 83665 85959 88426 89137 89459 93717 94821 
587166 401281 146283 947183 874222 574310 576323 397784 92709 785745 ,101934 104582 105872 106636 108684 108699 110752 113730 114273 115723 ,587166 401281 146283 947183 874222 574310 576323 397784 92709 785745 ,101934 104582 105872 106636 108684 108699 110752 113730 114273 115723 
228086 301452 44678 867056 872382 106296 27495 450453 592617 165424 ,75803 82271 83213 83525 85583 86104 86137 86523 86678 87332 ,228086 301452 44678 867056 106296 27495 450453 456786 163973 589861 ,75803 82271 83213 83525 86104 86137 86523 87363 90320 90431 
668417 3864 631188 264240 580729 220284 336547 921494 993259 414105 ,66883 72632 75972 77388 77827 77900 78131 79345 80385 80617 ,668417 3864 631188 264240 580729 220284 336547 921494 993259 414105 ,66883 72632 75972 77388 77827 77900 78131 79345 80385 80617 
874424 439176 289277 378982 368524 548318 481408 435486 992285 520103 ,86769 91983 93201 96786 97274 97554 97592 98053 98123 100212 ,874424 439176 289277 378982 548318 481408 435486 520103 483139 840883 ,86769 91983 93201 96786 97554 97592 98053 100212 100486 101296 
654775 16548 745438 601226 143074 229136 96891 917644 145982 742646 ,96922 96934 100479 104219 105994 107656 108091 111176 112515 112645 ,654775 16548 745438 601226 143074 229136 96891 917644 145982 742646 ,96922 96934 100479 104219 105994 107656 108091 111176 112515 112645 
238355 833087 153098 510406 434180 934145 99236 510418 873092 821382 ,58388 59936 60377 60846 63338 64196 67515 67569 67667 68200 ,238355 833087 153098 510418 821382 62718 809886 393763 874782 932280 ,58388 59936 60377 67569 68200 68928 70710 77648 78899 79226 
806875 201863 465092 266668 422198 961340 817272 689822 969749 861674 ,54935 58004 58392 59784 61220 65122 65587 66914 67948 68405 ,806875 201863 465092 266668 422198 961340 817272 689822 969749 861674 ,54935 58004 58392 59784 61220 65122 65587 66914 67948 68405 
84755 489429 75793 354364 809668 546934 917953 279967 934316 310393 ,34781 38378 39444 41899 44674 45078 45565 45676 46087 46099 ,84755 489429 75793 354364 809668 546934 917953 934316 310393 823455 ,34781 38378 39444 41899 44674 45078 45565 46087 46099 46416 
888828 202637 597253 736551 223719 15145 770160 584144 839798 584442 ,53256 53616 57746 58065 59037 59052 61274 61288 61626 61650 ,888828 202637 597253 736551 223719 15145 584144 839798 584442 154235 ,53256 53616 57746 58065 59037 59052 61288 61626 61650 61694 
817028 586686 968686 587121 647750 788541 727222 650578 304650 234030 ,62006 63202 65988 67308 68006 69828 70182 72720 73963 74747 ,817028 586686 968686 587121 647750 788541 727222 650578 304650 234030 ,62006 63202 65988 67308 68006 69828 70182 72720 73963 74747 
295852 190722 855600 996513 536095 217060 447603 249220 756768 824924 ,32214 35076 35506 36360 36457 37532 39934 40184 40695 41537 ,295852 190722 855600 996513 536095 217060 447603 249220 756768 824924 ,32214 35076 35506 36360 36457 37532 39934 40184 40695 41537 
466196 546657 974833 475205 577661 680176 378813 304460 187868 1389 ,30957 37992 39128 39552 41619 41730 41852 41981 42865 43333 ,466196 546657 974833 475205 577661 680176 378813 304460 187868 1389 ,30957 37992 39128 39552 41619 41730 41852 41981 42865 43333 
94838 94506 94546 43897 834572 292239 572449 566510 795754 389613 ,25790 31583 34496 35453 35953 37234 38154 38831 39005 39064 ,94506 834572 292239 795754 389613 367691 276066 518509 188355 717388 ,31583 35953 37234 39005 39064 40054 40114 40437 41199 41561 
94506 214323 647171 430486 458877 548754 361894 178301 932246 271730 ,29104 36896 38514 47068 48420 49472 50456 50551 50823 51145 ,94506 214323 647171 430486 458877 548754 361894 178301 932246 271730 ,29104 36896 38514 47068 48420 49472 50456 50551 50823 51145 
970158 237742 262109 522021 576236 341446 422910 199791 51357 716434 ,44525 45535 50089 59647 61688 62459 62694 64462 65753 65995 ,970158 237742 262109 522021 576236 341446 422910 199791 51357 716434 ,44525 45535 50089 59647 61688 62459 62694 64462 65753 65995 
527889 181462 289315 9642 915494 806998 168490 484363 33720 967728 ,66556 70049 77980 79625 80820 81238 81771 83654 84009 84325 ,527889 181462 289315 9642 915494 806998 168490 484363 33720 967728 ,66556 70049 77980 79625 80820 81238 81771 83654 84009 84325 
989990 364570 680097 353223 728703 877032 94436 658192 381581 526355 ,46714 52498 57727 59174 59725 59754 59853 62255 62384 62741 ,989990 364570 680097 353223 728703 877032 94436 658192 381581 526355 ,46714 52498 57727 59174 59725 59754 59853 62255 62384 62741 
94823 10903 863450 505907 433723 442334 569234 503418 862165 590745 ,29832 32234 34556 35407 38355 38616 38628 39180 39700 39736 ,94823 10903 863450 505907 433723 442334 569234 862165 590745 88575 ,29832 32234 34556 35407 38355 38616 38628 39700 39736 40844 
368409 515654 744886 61647 901312 478758 381144 415597 618341 320294 ,109396 132343 133604 138497 140187 141277 144406 147722 148135 153970 ,368409 515654 744886 61647 901312 478758 381144 415597 618341 320294 ,109396 132343 133604 138497 140187 141277 144406 147722 148135 153970 
937902 383585 777298 32189 959777 498942 955782 82165 449835 927336 ,60614 71542 75543 83551 84600 85915 93666 96008 99011 100679 ,937902 383585 777298 32189 959777 498942 955782 82165 449835 927336 ,60614 71542 75543 83551 84600 85915 93666 96008 99011 100679 
998933 227483 449213 998355 310884 709835 721651 744305 823210 981248 ,39177 43908 51939 52466 53650 56367 56584 56648 58533 60711 ,998933 227483 449213 998355 310884 709835 744305 823210 981248 709556 ,39177 43908 51939 52466 53650 56367 56648 58533 60711 60829 
528408 610245 739211 523241 214612 297557 808143 284901 699263 52945 ,46172 46809 48140 50210 52514 52526 53225 54043 56432 56947 ,528408 610245 739211 523241 214612 297557 808143 284901 699263 52945 ,46172 46809 48140 50210 52514 52526 53225 54043 56432 56947 
307615 61672 95611 326961 946551 419397 504289 22251 97777 742221 ,40185 44998 45339 48803 48895 48896 50149 51992 52493 57699 ,307615 61672 95611 326961 946551 419397 504289 22251 97777 293454 ,40185 44998 45339 48803 48895 48896 50149 51992 52493 58691 
545320 843439 630514 864482 895459 169376 93489 265300 425796 815161 ,48266 53881 55694 56667 56995 57216 57760 58049 58144 59260 ,545320 843439 630514 864482 169376 93489 265300 425796 815161 122312 ,48266 53881 55694 56667 57216 57760 58049 58144 59260 59874 
106508 42714 55538 106969 425059 633087 566272 525373 123297 499801 ,10850 11071 13546 14809 15040 15733 15927 16232 16958 17510 ,42714 55538 566272 123297 499801 5132 187771 111921 68324 87692 ,11071 13546 15927 16958 17510 17555 17578 17833 18785 18863 
858199 666593 398514 974495 575354 947196 205038 268138 227173 434519 ,35528 50250 51660 51853 53045 53190 54287 54488 54576 54891 ,858199 666593 398514 974495 575354 947196 205038 268138 227173 434519 ,35528 50250 51660 51853 53045 53190 54287 54488 54576 54891 
326936 285418 427073 740416 919235 560590 800697 570495 355017 52918 ,33704 36503 38319 48689 49121 49679 57223 58900 61302 61318 ,326936 285418 427073 740416 919235 560590 800697 570495 355017 52918 ,33704 36503 38319 48689 49121 49679 57223 58900 61302 61318 
42635 697820 370616 807866 535053 51024 662445 194271 496842 467100 ,45335 48358 49230 49992 54156 55361 55966 56685 58439 58730 ,283955 244263 698247 768260 921721 964440 629753 897800 661319 276119 ,58820 62159 63750 63937 64361 67346 69830 70600 72078 72206 
341102 626834 340457 70954 85056 461532 415570 701556 84727 343312 ,34477 40155 42577 43061 44178 44882 45439 46240 47420 48704 ,341102 340457 70954 461532 701556 84727 343312 518563 84762 217480 ,34477 42577 43061 44882 46240 47420 48704 50162 50633 54197 
67144 276455 455260 697055 81944 311005 42052 31685 818592 342030 ,82440 92354 93583 96269 99805 101708 103238 105099 106711 108091 ,67144 276455 455260 697055 81944 311005 42052 31685 818592 342030 ,82440 92354 93583 96269 99805 101708 103238 105099 106711 108091 
452072 341505 495229 350428 61236 496947 105156 65496 528650 350448 ,28171 29600 30123 30362 30853 31574 32518 33202 34031 34670 ,452072 341505 495229 350428 496947 105156 528650 190534 319470 525751 ,28171 29600 30123 30362 31574 32518 34031 35786 36430 37804 
304992 526463 401263 83125 885036 550626 599075 279028 691199 991261 ,41059 46269 48769 49937 50163 57409 57757 58057 59460 60289 ,304992 526463 401263 83125 885036 550626 599075 279028 691199 991261 ,41059 46269 48769 49937 50163 57409 57757 58057 59460 60289 
105668 188800 293512 811626 82505 110872 822857 449117 336799 823634 ,45360 45949 48352 49193 49661 49798 50769 51135 51207 51264 ,188800 293512 811626 82505 110872 822857 449117 336799 823634 923428 ,45949 48352 49193 49661 49798 50769 51135 51207 51264 51917 
526795 604679 419533 500563 311072 351000 985505 232647 677254 897916 ,29376 32919 36299 36938 38047 40418 41221 41788 45198 45271 ,526795 604679 419533 500563 311072 351000 985505 232647 677254 897916 ,29376 32919 36299 36938 38047 40418 41221 41788 45198 45271 
682750 294368 354338 52184 471569 313970 658538 942671 288621 662261 ,24239 29976 30713 35662 36502 36901 37506 37547 38085 38417 ,682750 294368 354338 52184 471569 658538 942671 288621 662261 282088 ,24239 29976 30713 35662 36502 37506 37547 38085 38417 39014 
232655 844133 108288 584138 225321 106866 229289 25520 780183 896225 ,64135 69132 75829 78509 79632 80266 80827 80893 80907 81072 ,232655 844133 108288 584138 225321 106866 229289 25520 780183 896225 ,64135 69132 75829 78509 79632 80266 80827 80893 80907 81072 
480129 151816 215675 824226 204546 210834 701288 915141 994352 188766 ,44017 50764 50946 52808 52900 54862 56570 66973 68187 69909 ,480129 151816 215675 824226 204546 210834 701288 915141 994352 188766 ,44017 50764 50946 52808 52900 54862 56570 66973 68187 69909 
481020 293058 299959 618011 338071 343422 6523 482627 257937 850632 ,22987 28034 30107 32912 33918 34352 35447 35808 36707 36733 ,338071 482627 390058 472359 571711 692886 525240 271579 440661 523923 ,33918 35808 37097 37339 37535 39807 40062 40412 41856 41945 
12925 300824 87152 636981 170462 262477 522168 303122 638013 88781 ,36450 38076 43170 43640 44038 44629 44863 44936 45009 45337 ,12925 300824 87152 636981 170462 262477 522168 303122 638013 88781 ,36450 38076 43170 43640 44038 44629 44863 44936 45009 45337 
469488 678951 681130 730380 613446 431655 738741 355352 238629 502318 ,36707 39194 39807 40644 41835 42505 42752 43272 43511 43877 ,469488 678951 681130 730380 613446 431655 738741 355352 238629 502318 ,36707 39194 39807 40644 41835 42505 42752 43272 43511 43877 
851236 750047 535425 460094 747119 99228 459184 379275 390704 85734 ,35363 38834 40312 45909 46971 47585 48054 49076 49531 49575 ,851236 750047 535425 460094 747119 99228 459184 379275 390704 85734 ,35363 38834 40312 45909 46971 47585 48054 49076 49531 49575 
53651 821774 476715 289980 52549 480055 512591 896672 610590 572315 ,22818 31635 32678 35103 37000 38206 38830 40477 42287 43262 ,53651 821774 476715 289980 52549 480055 512591 896672 610590 572315 ,22818 31635 32678 35103 37000 38206 38830 40477 42287 43262 
119627 60039 632213 480727 123887 129064 37428 16534 127287 180098 ,76535 78322 82279 82522 83786 84469 85884 87344 88373 89372 ,119627 60039 632213 480727 123887 129064 37428 16534 127287 180098 ,76535 78322 82279 82522 83786 84469 85884 87344 88373 89372 
294597 280460 337132 30201 487834 810198 390259 401171 604012 127287 ,31711 33982 38327 48725 51384 53049 57701 58220 58541 58557 ,294597 280460 337132 30201 487834 810198 390259 401171 604012 127287 ,31711 33982 38327 48725 51384 53049 57701 58220 58541 58557 
948452 14966 936911 598020 822662 932755 455039 988411 202328 224117 ,81042 83030 83812 85379 89814 91092 92725 93730 94996 95155 ,948452 14966 936911 598020 822662 932755 455039 988411 224117 463470 ,81042 83030 83812 85379 89814 91092 92725 93730 95155 95555 
118337 803244 255977 351155 284842 261919 93551 94229 776639 966566 ,28570 29070 29434 30140 30785 30796 31909 31979 32088 32247 ,118337 803244 255977 351155 284842 261919 93551 94229 776639 966566 ,28570 29070 29434 30140 30785 30796 31909 31979 32088 32247 
49687 509740 634527 79753 473063 123754 153575 73731 351313 736251 ,49269 51773 52497 54087 54423 54544 56248 56478 56518 56608 ,49687 509740 634527 79753 473063 123754 153575 73731 351313 736251 ,49269 51773 52497 54087 54423 54544 56248 56478 56518 56608 
547402 94741 810963 429685 104970 430759 132470 474374 100938 90943 ,48608 49950 51591 53779 53872 54010 54889 55208 55322 55559 ,547402 94741 810963 429685 104970 430759 132470 474374 100938 90943 ,48608 49950 51591 53779 53872 54010 54889 55208 55322 55559 
990017 366429 484277 152477 529181 529055 8897 194147 485495 940760 ,43679 46919 47472 50011 50623 50719 50828 50892 51455 51473 ,990017 366429 484277 152477 529181 529055 8897 194147 485495 940760 ,43679 46919 47472 50011 50623 50719 50828 50892 51455 51473 
519410 153575 274522 634527 745961 138836 541698 601303 79753 689152 ,61412 62438 62706 63261 65869 67623 67634 67766 67967 68178 ,519410 153575 274522 634527 745961 138836 541698 601303 79753 689152 ,61412 62438 62706 63261 65869 67623 67634 67766 67967 68178 
840297 884288 223734 124171 868427 940639 73785 842369 251819 542296 ,46092 47377 49216 49824 49863 50146 52372 52654 53127 53392 ,840297 884288 223734 124171 868427 940639 73785 842369 251819 542296 ,46092 47377 49216 49824 49863 50146 52372 52654 53127 53392 
95521 188101 717573 385181 417430 98210 34251 176834 13621 310309 ,54027 58337 65606 69340 70765 72228 74554 75792 76574 76754 ,95521 188101 385181 34251 176834 13621 580890 417610 916837 947401 ,54027 58337 69340 74554 75792 76574 77927 80040 81068 81439 
22160 433190 703531 484996 96205 931782 96358 822436 514099 416689 ,44505 45371 47587 50498 51318 51558 51564 53301 56290 56955 ,22160 433190 703531 484996 96205 931782 96358 822436 514099 416689 ,44505 45371 47587 50498 51318 51558 51564 53301 56290 56955 
601554 193541 272357 892189 791343 52350 754407 984690 259849 67518 ,36286 38414 38414 38424 39187 39244 39320 39675 39837 40161 ,601554 272357 193541 892189 791343 52350 754407 984690 259849 67518 ,36286 38414 38414 38424 39187 39244 39320 39675 39837 40161 
549350 517055 437252 92614 389867 366715 384957 196668 275484 384774 ,43608 46803 48152 49675 51636 54142 54719 56879 56879 59860 ,549350 517055 437252 92614 389867 366715 384957 275484 196668 384774 ,43608 46803 48152 49675 51636 54142 54719 56879 56879 59860 
532727 472610 706203 413043 175886 830587 108532 364344 514527 634652 ,58429 69051 72977 73262 73641 74495 75047 75705 76103 76713 ,532727 472610 706203 413043 175886 830587 108532 364344 514527 634652 ,58429 69051 72977 73262 73641 74495 75047 75705 76103 76713 
877027 444773 765499 16066 921746 519040 842806 555658 873036 686794 ,88631 88699 92909 96176 98308 100453 105663 107578 110027 110880 ,877027 444773 765499 16066 921746 519040 842806 555658 873036 686794 ,88631 88699 92909 96176 98308 100453 105663 107578 110027 110880 
859316 940635 868427 539253 663514 223791 961282 842090 223734 538689 ,40043 41568 42010 42199 42518 42838 43123 43671 44129 44622 ,859316 940635 868427 539253 663514 223791 961282 842090 223734 538689 ,40043 41568 42010 42199 42518 42838 43123 43671 44129 44622 
614888 751117 831082 774399 766165 861686 487024 911646 226315 707219 ,54371 60713 61479 62613 63443 63752 65266 65772 66145 66652 ,614888 751117 831082 774399 766165 861686 487024 911646 226315 707219 ,54371 60713 61479 62613 63443 63752 65266 65772 66145 66652 
548867 469985 261775 487396 160572 515673 747427 188980 570243 466680 ,43573 44545 45153 48161 49978 52772 54022 54736 54817 55034 ,548867 469985 261775 487396 160572 515673 747427 188980 570243 466680 ,43573 44545 45153 48161 49978 52772 54022 54736 54817 55034 
125577 765713 298703 887098 87960 284636 909794 984413 196815 822591 ,48458 52709 55398 59003 61008 62164 62258 63195 63238 63262 ,125577 765713 298703 887098 87960 284636 909794 984413 196815 822591 ,48458 52709 55398 59003 61008 62164 62258 63195 63238 63262 
12683 679681 330681 889899 223279 866571 996759 948001 65155 83284 ,49604 49910 50773 57885 58124 58165 58368 58476 58584 58641 ,12683 679681 330681 889899 223279 866571 948001 83284 680360 205812 ,49604 49910 50773 57885 58124 58165 58476 58641 59326 59596 
18342 288179 922942 405970 201704 914187 58692 326437 226135 375847 ,53525 54343 54822 54846 54878 56881 56925 59023 59359 59440 ,18342 288179 922942 405970 201704 914187 58692 326437 226135 375847 ,53525 54343 54822 54846 54878 56881 56925 59023 59359 59440 
389710 108596 370052 460678 936522 503373 94443 898607 804380 407326 ,48710 50232 58336 60682 62057 62060 63590 63752 64682 66268 ,389710 108596 370052 460678 936522 503373 94443 898607 804380 746397 ,48710 50232 58336 60682 62057 62060 63590 63752 64682 67033 
916638 69384 121977 790266 315762 55661 107452 552600 350848 364706 ,43539 49457 51167 51200 52511 52861 54113 56508 57515 57571 ,916638 69384 121977 790266 315762 55661 107452 552600 350848 364706 ,43539 49457 51167 51200 52511 52861 54113 56508 57515 57571 
97230 175483 98462 280995 841036 600997 263269 841170 336821 203272 ,56577 57922 58479 59375 60185 62905 63366 63531 63608 64617 ,98462 280995 841036 600997 263269 841170 336821 203272 749119 19321 ,58479 59375 60185 62905 63366 63531 63608 64617 65342 65994 
822696 515961 266245 481575 105737 524250 923221 551826 852062 843005 ,73952 78825 80563 80790 80848 81510 82980 84357 84951 85398 ,822696 515961 266245 481575 105737 524250 551826 852062 843005 836792 ,73952 78825 80563 80790 80848 81510 84357 84951 85398 85583 
519370 204331 158071 179504 505236 731574 991952 705459 602152 321994 ,62939 64017 65641 66759 66767 67220 67344 69736 71297 71616 ,519370 204331 158071 179504 505236 731574 991952 705459 602152 321994 ,62939 64017 65641 66759 66767 67220 67344 69736 71297 71616 
562206 876590 635630 97535 945687 724285 596911 199074 277890 952045 ,51265 52204 55871 56855 58039 58048 58794 59364 59364 60154 ,876590 635630 945687 724285 596911 277890 199074 952045 695681 173539 ,52204 55871 58039 58048 58794 59364 59364 60154 60225 60595 
599145 524479 429991 753149 265906 178069 110583 849790 467728 344724 ,95845 96569 97731 102305 102559 103642 106768 107100 107545 110169 ,599145 524479 429991 753149 265906 178069 110583 849790 467728 344724 ,95845 96569 97731 102305 102559 103642 106768 107100 107545 110169 
993496 707619 203309 875572 992874 983998 533247 947099 64961 825863 ,42566 53676 58863 59487 59627 60779 61116 61996 62083 62191 ,993496 707619 203309 875572 992874 983998 533247 947099 64961 825863 ,42566 53676 58863 59487 59627 60779 61116 61996 62083 62191 
890364 642597 477011 598697 57249 185421 57966 954592 83797 776833 ,75087 85853 89573 89679 89976 90443 91393 92525 94658 96282 ,890364 642597 185421 57966 83797 776833 107408 385294 196818 149430 ,75087 85853 90443 91393 94658 96282 97774 97951 97969 98302 
362706 161050 922611 333663 363213 774520 692681 714449 821835 334285 ,65309 67726 69671 72711 73977 75256 76301 77767 78153 78322 ,362706 161050 922611 333663 363213 774520 692681 714449 821835 334285 ,65309 67726 69671 72711 73977 75256 76301 77767 78153 78322 
232887 91796 88353 87979 193061 271877 86643 224653 350686 27426 ,40572 41213 41639 41782 41907 41907 43534 43832 44032 44326 ,232887 91796 88353 87979 193061 271877 224653 350686 27426 132761 ,40572 41213 41639 41782 41907 41907 43832 44032 44326 45196 
269814 683301 919692 96608 486500 449763 735843 33275 153446 371743 ,39994 46686 47486 52092 52203 53104 55990 57406 59293 59301 ,269814 683301 919692 96608 486500 449763 735843 33275 153446 200732 ,39994 46686 47486 52092 52203 53104 55990 57406 59293 59314 
294 379055 695267 973859 669417 669465 482620 265265 509591 669515 ,49187 50621 52664 54650 55376 56176 56881 56926 57297 57512 ,294 379055 695267 973859 669417 669465 265265 509591 669515 535641 ,49187 50621 52664 54650 55376 56176 56926 57297 57512 57842 
95665 68720 698692 3235 819738 305785 345557 279201 337582 601669 ,8488 25299 28827 32287 33125 33670 34191 34731 35331 35661 ,95665 68720 698692 3235 819738 305785 345557 279201 337582 601669 ,8488 25299 28827 32287 33125 33670 34191 34731 35331 35661 
738935 600088 96124 439637 249132 456168 353811 294736 533601 714295 ,53115 53252 55532 56334 56574 56583 58102 59177 59626 60027 ,738935 600088 96124 439637 249132 456168 353811 294736 533601 714295 ,53115 53252 55532 56334 56574 56583 58102 59177 59626 60027 
498456 500569 197191 265832 127574 434260 406310 130688 873966 343687 ,44834 44900 48511 50843 51236 51818 53460 54818 55533 57733 ,498456 500569 197191 265832 127574 434260 406310 130688 873966 343687 ,44834 44900 48511 50843 51236 51818 53460 54818 55533 57733 
397783 106266 516991 60445 106213 772021 529092 94047 90411 75662 ,59114 59905 60068 63567 63603 63756 64627 65177 66001 66111 ,397783 106266 516991 60445 106213 772021 529092 94047 90411 75662 ,59114 59905 60068 63567 63603 63756 64627 65177 66001 66111 
32524 279579 781565 765243 361039 500150 724228 631653 74698 284275 ,87845 88146 88867 94409 96227 103028 104101 105399 107374 107795 ,32524 279579 781565 765243 361039 500150 724228 631653 74698 284275 ,87845 88146 88867 94409 96227 103028 104101 105399 107374 107795 
865697 416778 864824 913595 353175 687591 987862 281294 285260 571804 ,31797 36822 38896 44602 45141 46106 46295 47008 48058 48304 ,865697 416778 864824 913595 353175 687591 987862 281294 285260 571804 ,31797 36822 38896 44602 45141 46106 46295 47008 48058 48304 
712647 900689 294619 493563 296972 417566 509198 135530 131900 51117 ,61932 68487 73730 73941 85057 87881 96363 98626 102134 103445 ,712647 900689 294619 493563 296972 417566 509198 135530 131900 368124 ,61932 68487 73730 73941 85057 87881 96363 98626 102134 103933 
146305 130229 117086 128539 849319 1324 868958 109683 67334 275324 ,53632 63866 64657 65256 66530 66543 68075 69265 69330 69567 ,128539 67334 274019 36649 265479 201201 973745 838386 94499 722512 ,65256 69330 70462 71711 71760 71760 72168 72609 72828 73362 
304796 985934 346816 610344 904615 96845 7775 670036 57528 474031 ,56431 63642 65443 71804 73542 74936 74959 77039 78033 78407 ,304796 985934 346816 904615 96845 7775 670036 57528 474031 778473 ,56431 63642 65443 73542 74936 74959 77039 78033 78407 78517 
165451 572272 612314 788660 137734 907451 993120 191742 570502 1400 ,61747 64908 67794 72886 72887 73932 75627 76032 76120 76445 ,165451 572272 612314 788660 137734 907451 993120 191742 570502 1400 ,61747 64908 67794 72886 72887 73932 75627 76032 76120 76445 
933372 697661 696946 927881 109292 12448 107294 170510 107504 107713 ,42416 44773 45143 45600 46023 46692 47371 48595 49089 49218 ,933372 697661 696946 109292 12448 107294 170510 107504 119544 698296 ,42416 44773 45143 46023 46692 47371 48595 49089 49528 49950 
747259 704719 367830 806036 832870 333314 883819 339910 391294 795482 ,60531 69357 74079 78314 78371 80258 80540 83832 86704 88870 ,747259 704719 367830 806036 832870 333314 883819 339910 391294 795482 ,60531 69357 74079 78314 78371 80258 80540 83832 86704 88870 
503281 407008 452674 488545 352861 452889 208199 702834 80880 323113 ,46684 48361 48986 50459 51394 52008 52806 54080 54124 55580 ,503281 407008 452674 488545 452889 208199 702834 80880 323113 422278 ,46684 48361 48986 50459 52008 52806 54080 54124 55580 55763 
854855 905981 538689 705453 545643 99226 535605 494087 491178 538930 ,52984 53564 57229 61126 61138 63069 64318 66199 67695 68279 ,854855 905981 538689 705453 545643 99226 535605 494087 491178 538930 ,52984 53564 57229 61126 61138 63069 64318 66199 67695 68279 
834416 69298 598672 380255 272554 865314 465778 100789 932755 204493 ,70491 72075 73364 75637 76953 77212 77325 83058 83561 84629 ,834416 69298 598672 380255 272554 865314 465778 100789 932755 204493 ,70491 72075 73364 75637 76953 77212 77325 83058 83561 84629 
194582 832579 440235 338924 227023 772838 819665 862259 242713 870858 ,38259 40239 41523 44182 46742 48804 48853 48882 49050 50254 ,194582 832579 440235 338924 227023 772838 819665 242713 870858 819334 ,38259 40239 41523 44182 46742 48804 48853 49050 50254 51661 
461958 798564 207900 518334 233297 563626 472085 935731 709357 15145 ,39420 59587 62044 63248 64909 65131 65842 66049 66187 66795 ,461958 798564 207900 518334 233297 563626 472085 935731 15145 931640 ,39420 59587 62044 63248 64909 65131 65842 66049 66795 66927 
746565 440917 634859 701020 252064 504190 812663 984772 241584 968408 ,50329 55719 58085 62550 63916 65354 66495 66558 68024 69486 ,746565 440917 634859 701020 252064 504190 812663 984772 241584 968408 ,50329 55719 58085 62550 63916 65354 66495 66558 68024 69486 
95567 196490 96015 95552 769256 303023 711326 122630 205213 269491 ,47522 49600 49788 54656 55675 56943 59628 59754 59788 59788 ,95567 196490 96015 95552 769256 303023 711326 122630 269491 205213 ,47522 49600 49788 54656 55675 56943 59628 59754 59788 59788 
658574 85875 85876 88982 363373 229689 719256 683899 305214 214551 ,26453 30260 31000 33239 33339 35283 35285 35758 36044 36675 ,658574 85875 363373 229689 719256 683899 305214 214551 719796 82812 ,26453 30260 33339 35283 35285 35758 36044 36675 36723 37043 
116226 969441 535513 272022 288810 82760 508311 560374 78945 399271 ,82376 82417 84978 87861 90895 91552 91718 91763 93191 93591 ,116226 969441 535513 272022 288810 82760 508311 560374 78945 399271 ,82376 82417 84978 87861 90895 91552 91718 91763 93191 93591 
519589 520275 710470 228616 440236 948361 673537 987295 233468 490814 ,42037 42195 44627 45105 46880 47812 49917 50393 50525 50790 ,519589 520275 710470 228616 440236 948361 673537 987295 490814 389477 ,42037 42195 44627 45105 46880 47812 49917 50393 50790 52459 
674665 186644 826076 654231 452246 824890 654463 654645 654894 826093 ,23977 26279 28201 28276 30086 30347 31123 31168 31287 31305 ,674665 186644 826076 654231 452246 824890 654463 654645 654894 826093 ,23977 26279 28201 28276 30086 30347 31123 31168 31287 31305 
815199 637961 261431 800176 753923 784932 533310 636698 169180 376030 ,38492 41885 41990 43444 44126 44443 44833 44842 45273 45608 ,815199 637961 261431 800176 753923 784932 533310 636698 169180 376030 ,38492 41885 41990 43444 44126 44443 44833 44842 45273 45608 
440230 523176 90147 729960 283710 848162 788491 982370 769957 918159 ,75024 79568 81462 84336 88365 90978 91411 91454 94072 94790 ,440230 523176 90147 729960 283710 848162 788491 982370 769957 918159 ,75024 79568 81462 84336 88365 90978 91411 91454 94072 94790 
479423 780660 376153 561041 609819 258462 721947 187252 404167 448832 ,101161 106276 110625 111043 113199 114547 119745 121215 130377 131544 ,479423 780660 376153 561041 609819 258462 721947 187252 404167 448832 ,101161 106276 110625 111043 113199 114547 119745 121215 130377 131544 
405412 785548 405427 670159 518486 59336 562766 712324 74647 119413 ,34880 36022 36666 37863 38052 38104 38602 38865 39029 39082 ,405412 785548 405427 670159 518486 59336 562766 712324 74647 119413 ,34880 36022 36666 37863 38052 38104 38602 38865 39029 39082 
252116 54220 74364 963122 937113 287111 996777 336606 24520 584590 ,38186 38669 39907 39956 39977 43739 43849 44323 44993 45782 ,252116 54220 74364 963122 937113 287111 996777 336606 24520 584590 ,38186 38669 39907 39956 39977 43739 43849 44323 44993 45782 
212148 222355 212781 275325 814555 783436 510439 281021 3108 645338 ,34471 38565 40432 41211 42198 42369 43364 43516 45004 45452 ,783436 645338 758587 992519 799786 293892 836645 217024 503686 374631 ,42369 45452 46342 46668 48642 49602 51197 51682 52818 52970 
377344 533731 109658 411309 108861 145697 441231 300638 590298 127671 ,66404 70069 71459 73475 75394 75985 76434 76632 77096 77304 ,377344 533731 109658 411309 108861 145697 441231 300638 127671 84233 ,66404 70069 71459 73475 75394 75985 76434 76632 77304 78089 
278665 662685 536212 321519 233207 51302 566393 515472 351196 94341 ,14530 15726 16371 16757 16894 17837 17851 18298 19471 20686 ,278665 662685 233207 94341 662634 321583 278708 43907 154572 68829 ,14530 15726 16894 20686 20968 22608 22749 22901 23440 23686 
69208 672993 337670 823808 650540 645747 369055 860239 673373 809530 ,51703 53257 54295 58567 59725 60390 60474 60583 60984 61041 ,69208 672993 337670 823808 650540 645747 369055 860239 673373 809530 ,51703 53257 54295 58567 59725 60390 60474 60583 60984 61041 
633098 636332 584403 584227 448821 317812 449112 426877 379978 154265 ,34577 35337 36507 36559 39229 39502 40820 42929 43276 43563 ,633098 636332 584403 584227 448821 317812 449112 379978 154265 806737 ,34577 35337 36507 36559 39229 39502 40820 43276 43563 43974 
697898 355204 526660 754709 106033 304992 26699 155746 694694 72482 ,63064 63574 63937 67379 67801 68174 69273 69580 72178 73129 ,697898 355204 526660 754709 106033 304992 26699 155746 694694 72482 ,63064 63574 63937 67379 67801 68174 69273 69580 72178 73129 
6353 309934 512442 524771 522076 608370 328945 426864 497881 682543 ,27851 36745 36874 39172 40287 40591 40987 42270 42608 42681 ,6353 309934 512442 524771 522076 608370 426864 497881 682543 637814 ,27851 36745 36874 39172 40287 40591 42270 42608 42681 42786 
690452 187976 58817 566272 809717 519086 40262 730851 98683 480689 ,34252 38018 40516 40788 41268 46098 46451 46736 47327 47332 ,690452 187976 58817 566272 809717 519086 40262 730851 98683 480689 ,34252 38018 40516 40788 41268 46098 46451 46736 47327 47332 
662651 637440 662766 105788 515328 459495 121997 928718 94435 637672 ,26127 28444 30549 30670 30774 30902 31071 31704 33724 33875 ,662651 637440 662766 105788 515328 459495 121997 928718 94435 637672 ,26127 28444 30549 30670 30774 30902 31071 31704 33724 33875 
200062 264340 230297 966083 526967 789033 497180 530501 73537 689707 ,57272 57272 58871 60837 60904 63965 65270 66300 66654 66961 ,264340 230297 966083 526967 497180 530501 73537 689707 384270 325237 ,57272 58871 60837 60904 65270 66300 66654 66961 68510 68714 
494300 421747 532924 471068 57589 912461 286291 114830 507992 78224 ,32001 53162 54094 54154 54491 55258 56375 57326 58004 59493 ,494300 421747 532924 471068 57589 912461 286291 114830 507992 78224 ,32001 53162 54094 54154 54491 55258 56375 57326 58004 59493 
982370 350739 635829 426515 97732 704655 738989 419969 503281 916647 ,65153 65592 65638 66088 67688 68273 68436 69312 70349 70492 ,982370 350739 635829 426515 97732 704655 738989 419969 503281 916647 ,65153 65592 65638 66088 67688 68273 68436 69312 70349 70492 
81472 525392 752759 408619 522914 937424 778492 391474 981347 752677 ,44216 52421 55265 55756 56748 60117 61266 61299 61351 61559 ,81472 525392 752759 408619 522914 937424 778492 391474 981347 752677 ,44216 52421 55265 55756 56748 60117 61266 61299 61351 61559 
195343 295327 800283 529123 517501 683899 418618 21989 794713 607868 ,57572 59819 64291 64720 65545 66538 67862 70348 71175 71233 ,195343 295327 800283 529123 517501 683899 418618 21989 794713 607868 ,57572 59819 64291 64720 65545 66538 67862 70348 71175 71233 
97726 396692 253903 215346 798343 305663 731535 658817 139503 15632 ,54890 58635 58790 59007 61490 61547 62209 63564 63594 64159 ,97726 253903 215346 798343 305663 731535 658817 139503 425268 706657 ,54890 58790 59007 61490 61547 62209 63564 63594 64167 64396 
231836 340471 79841 353614 363440 151822 281564 262094 439637 252066 ,34438 36780 37794 38069 38074 38230 38667 38996 40397 40786 ,231836 340471 79841 353614 363440 151822 281564 262094 439637 252066 ,34438 36780 37794 38069 38074 38230 38667 38996 40397 40786 
893477 775764 378720 767075 514486 579559 284706 981514 337386 158398 ,46167 53534 56060 62745 63239 63556 64725 64781 64885 65171 ,893477 775764 378720 767075 514486 579559 284706 981514 337386 158398 ,46167 53534 56060 62745 63239 63556 64725 64781 64885 65171 
71845 924279 55417 633479 663794 781572 482402 973434 204042 968555 ,69978 74471 75842 84751 85045 87834 89640 89948 90326 90698 ,71845 924279 55417 633479 663794 781572 482402 973434 204042 968555 ,69978 74471 75842 84751 85045 87834 89640 89948 90326 90698 
39227 391602 733035 258876 660804 130611 227826 922111 146913 538751 ,85500 85799 90899 92962 94882 94941 98526 98725 99037 99764 ,39227 391602 733035 258876 660804 130611 227826 922111 146913 538751 ,85500 85799 90899 92962 94882 94941 98526 98725 99037 99764 
514172 243637 987326 498496 469248 81966 248097 31280 279137 514133 ,36566 38198 40680 43700 43888 43950 44041 44967 45379 45933 ,514172 243637 987326 498496 469248 81966 248097 31280 514133 511810 ,36566 38198 40680 43700 43888 43950 44041 44967 45933 46256 
774577 126285 550019 298878 205184 201687 708278 408860 274697 130416 ,78291 87275 91551 101102 102058 102245 102292 102589 102876 103744 ,774577 126285 550019 298878 205184 708278 408860 274697 130416 472596 ,78291 87275 91551 101102 102058 102292 102589 102876 103744 104179 
299843 454743 66492 525557 724272 928248 384233 515932 780010 74197 ,52580 57903 60533 62221 62506 64503 66343 66764 67047 67081 ,299843 454743 66492 525557 724272 928248 384233 515932 780010 74197 ,52580 57903 60533 62221 62506 64503 66343 66764 67047 67081 
489744 529384 551140 580172 261748 914318 297224 658204 663057 937176 ,90522 92146 92592 92730 94052 94279 97246 98478 101005 101747 ,489744 529384 551140 580172 261748 914318 297224 658204 663057 937176 ,90522 92146 92592 92730 94052 94279 97246 98478 101005 101747 
238407 177405 823247 335228 200416 170361 662181 135108 953134 790681 ,76422 89460 89537 101519 106334 107706 108650 112416 113151 113309 ,238407 177405 823247 335228 200416 662181 135108 953134 790681 777874 ,76422 89460 89537 101519 106334 108650 112416 113151 113309 113804 
440990 54443 500693 892695 982370 78955 392592 842881 809945 5082 ,52139 54353 54565 55415 56230 57528 61123 63733 63954 64277 ,440990 54443 500693 892695 78955 392592 842881 809945 5082 862991 ,52139 54353 54565 55415 57528 61123 63733 63954 64277 64421 
188728 403303 89911 910538 106972 933621 135208 105698 6365 897216 ,51311 53024 54572 54829 55471 56325 56551 56963 57288 58173 ,910538 77643 186676 875901 451043 286929 466960 194536 208246 152039 ,54829 60525 64800 65459 67848 67930 69351 70187 71593 73089 
659723 153165 827439 527243 605776 317905 684677 269775 270912 574307 ,70936 73601 79652 82767 82831 84059 84648 84951 86754 87381 ,659723 153165 827439 527243 605776 317905 684677 269775 270912 574307 ,70936 73601 79652 82767 82831 84059 84648 84951 86754 87381 
570327 57326 52525 672795 71105 995791 520919 960559 470380 838029 ,37931 42117 43008 43841 44647 46205 48947 49046 49333 50116 ,570327 57326 52525 672795 71105 995791 520919 960559 470380 838029 ,37931 42117 43008 43841 44647 46205 48947 49046 49333 50116 
767088 677965 603051 982424 984772 985058 749769 481561 969677 192660 ,28835 29707 31097 32154 32975 33457 34831 36317 36455 37066 ,767088 677965 603051 982424 984772 985058 481561 969677 271476 192660 ,28835 29707 31097 32154 32975 33457 36317 36455 37066 37066 
526280 469889 187566 105409 111765 699830 284441 883464 480649 732559 ,46051 47892 53739 55928 56734 56924 56971 57443 58008 59504 ,526280 469889 187566 105409 111765 284441 883464 480649 732559 272963 ,46051 47892 53739 55928 56734 56971 57443 58008 59504 59878 
566055 391399 843555 829441 842086 100620 802110 642623 17134 60551 ,46324 52345 54191 55334 60242 60298 60723 61528 61823 61924 ,566055 100620 735535 226349 663648 929438 695138 183942 987362 915757 ,46324 60298 62635 63291 63573 63716 63911 65203 67201 67523 
25325 397728 123664 810841 600240 291941 811219 783194 577407 6931 ,63602 69262 73818 75027 76350 77216 77551 78269 78401 78770 ,25325 397728 123664 810841 291941 811219 783194 577407 13142 816487 ,63602 69262 73818 75027 77216 77551 78269 78401 79167 79415 
905944 71562 312964 309527 502591 699417 395804 766674 630308 279810 ,42333 43756 44444 46631 49641 49684 49792 49902 50169 51074 ,905944 71562 312964 309527 502591 395804 766674 630308 279810 340587 ,42333 43756 44444 46631 49641 49792 49902 50169 51074 52162 
981064 303730 981078 986869 674424 849111 849317 764675 859453 674216 ,27138 31827 34784 37236 38288 39498 39756 40757 40882 40978 ,981064 303730 981078 986869 674424 849111 849317 764675 859453 674216 ,27138 31827 34784 37236 38288 39498 39756 40757 40882 40978 
141077 20085 298883 397321 217501 804860 565364 214355 346554 819610 ,56925 68675 76005 77114 79246 79673 85305 86616 87154 87940 ,141077 20085 298883 397321 217501 804860 565364 214355 346554 819610 ,56925 68675 76005 77114 79246 79673 85305 86616 87154 87940 
883690 717555 922955 775133 412403 755771 50115 671207 563252 898369 ,31101 39207 42541 43848 43880 45303 46212 47400 47779 48034 ,883690 717555 922955 775133 412403 755771 50115 671207 563252 898369 ,31101 39207 42541 43848 43880 45303 46212 47400 47779 48034 
690225 256064 135792 882009 916136 867896 593315 323575 881401 786696 ,58623 63054 64598 64601 64742 66636 66650 67616 67775 67949 ,690225 256064 135792 882009 916136 867896 593315 323575 881401 786696 ,58623 63054 64598 64601 64742 66636 66650 67616 67775 67949 
560579 453333 727491 727494 362353 166300 728607 993675 607026 749115 ,45856 46357 47304 49995 50487 50538 50799 52492 53168 53610 ,560579 453333 727494 362353 166300 728607 993675 607026 749115 527736 ,45856 46357 49995 50487 50538 50799 52492 53168 53610 54498 
473330 79547 337243 397297 53059 79494 569318 204171 4741 602543 ,25753 28796 29621 30076 30660 32075 32383 32693 33134 33135 ,473330 79547 337243 397297 53059 79494 569318 204171 4741 602543 ,25753 28796 29621 30076 30660 32075 32383 32693 33134 33135 
550713 545390 822756 55996 430675 520566 497082 362353 887820 732424 ,57368 63569 65958 68949 69892 70200 73224 73558 74960 75336 ,545390 822756 55996 430675 520566 497082 362353 887820 732424 748850 ,63569 65958 68949 69892 70200 73224 73558 74960 75336 76551 
847767 12234 127236 225153 892763 632078 553223 552792 962541 921358 ,44986 49891 53408 53420 54005 55121 55227 55851 56181 57883 ,847767 12234 127236 225153 632078 553223 552792 962541 921358 485248 ,44986 49891 53408 53420 55121 55227 55851 56181 57883 59518 
668296 805170 162059 82361 988390 278489 661643 232105 501638 366041 ,59466 72673 72709 73522 74502 74951 75789 76477 77860 78018 ,668296 805170 82361 988390 661643 501638 366041 596452 449687 341854 ,59466 72673 73522 74502 75789 77860 78018 78720 79002 79117 
662852 508304 75135 242642 594431 124904 176109 405683 498042 693439 ,60614 63041 64095 66464 66787 67047 67448 68381 68868 69457 ,662852 508304 75135 242642 594431 176109 498042 678106 276830 154701 ,60614 63041 64095 66464 66787 67448 68868 70230 70465 71505 
39202 476694 672513 103195 971224 207113 448056 652821 673548 886148 ,19002 19800 20036 20694 21469 22914 23090 23351 23628 23685 ,39202 476694 672513 103195 971224 207113 448056 652821 673548 886148 ,19002 19800 20036 20694 21469 22914 23090 23351 23628 23685 
204546 300153 931498 81979 231172 192982 755602 82575 549628 110429 ,52489 56918 58882 59332 60763 61133 63052 63358 64766 64892 ,204546 300153 931498 81979 231172 192982 755602 82575 549628 110429 ,52489 56918 58882 59332 60763 61133 63052 63358 64766 64892 
43447 535484 103783 944882 799338 708861 439837 203440 464353 848627 ,30697 33834 37330 40545 41351 41844 43469 43872 44262 44484 ,43447 535484 103783 944882 799338 708861 439837 203440 464353 848627 ,30697 33834 37330 40545 41351 41844 43469 43872 44262 44484 
401458 354492 632726 96250 802812 787667 305627 736048 183204 535226 ,54849 59961 63852 64600 64869 66926 67223 67422 67445 68251 ,401458 354492 632726 96250 802812 787667 305627 736048 183204 535226 ,54849 59961 63852 64600 64869 66926 67223 67422 67445 68251 
350433 95537 518005 453664 516071 795113 731850 830968 903454 178932 ,51175 53085 54311 56483 57674 59903 61053 61060 62539 63060 ,350433 95537 518005 453664 516071 795113 731850 830968 903454 178932 ,51175 53085 54311 56483 57674 59903 61053 61060 62539 63060 
343908 315228 345254 917162 346484 944832 473295 923098 731642 201755 ,38876 39866 40656 40691 42379 43490 44214 44837 45279 45313 ,343908 315228 345254 917162 346484 944832 473295 923098 201755 266033 ,38876 39866 40656 40691 42379 43490 44214 44837 45313 45313 
538554 515317 128704 806461 991809 529190 698071 469978 461919 416378 ,72057 74410 80398 81612 82111 82167 82188 82733 84042 85497 ,515317 128704 991809 529190 469978 461919 512143 665337 161743 68057 ,74410 80398 82111 82167 82733 84042 86227 86602 86730 87282 
494946 683899 523173 29998 533333 678943 502124 519516 68562 83578 ,32856 33337 33878 34782 35109 37129 37861 37910 38964 38988 ,494946 683899 523173 29998 533333 678943 502124 519516 68562 83578 ,32856 33337 33878 34782 35109 37129 37861 37910 38964 38988 
50015 538358 864332 93590 46389 808908 538413 137151 733942 56765 ,36894 38332 39319 40757 42485 43921 44580 46402 46414 46698 ,50015 538358 864332 93590 46389 808908 538413 137151 733942 56765 ,36894 38332 39319 40757 42485 43921 44580 46402 46414 46698 
899743 359141 635645 954491 344873 169655 845267 268414 355051 269653 ,103417 112048 114341 116169 119030 121080 123904 124951 125287 125493 ,899743 359141 635645 954491 344873 169655 845267 268414 355051 269653 ,103417 112048 114341 116169 119030 121080 123904 124951 125287 125493 
969165 850514 589380 513992 544912 58856 99424 94467 225869 450044 ,47438 52647 53748 54195 54347 54366 56016 56923 56964 58522 ,969165 850514 589380 513992 544912 58856 99424 94467 225869 450044 ,47438 52647 53748 54195 54347 54366 56016 56923 56964 58522 
896466 590712 896297 709795 897065 930316 145644 99499 709494 709523 ,38211 41245 42614 43599 44098 44533 45186 45803 46102 47514 ,930316 709494 338793 207157 403832 604592 201520 665071 710345 792208 ,44533 46102 49418 52751 53812 56022 56105 56742 59002 59215 
522163 947553 879749 127718 683779 488612 977247 225507 226186 416257 ,73567 81668 83345 84629 90446 92607 95343 95605 99248 102151 ,522163 947553 879749 127718 683779 488612 977247 225507 226186 416257 ,73567 81668 83345 84629 90446 92607 95343 95605 99248 102151 
504186 135056 979803 546296 464379 756452 310777 161589 933475 701126 ,80801 85163 95885 97098 97961 98175 98703 100835 102352 105505 ,504186 135056 979803 546296 464379 756452 310777 161589 933475 701126 ,80801 85163 95885 97098 97961 98175 98703 100835 102352 105505 
672576 997064 404596 992984 672146 404754 404601 716588 672151 974598 ,37091 40073 42030 43550 45173 46259 46827 46956 47943 48252 ,672576 997064 404596 992984 672146 404754 404601 716588 672151 974598 ,37091 40073 42030 43550 45173 46259 46827 46956 47943 48252 
877366 50128 881074 920665 971884 557361 503388 390434 676221 788317 ,68493 75141 75381 75512 75709 77082 78213 79586 80519 80638 ,916764 634919 919833 834245 545771 449244 601210 455605 552500 267030 ,90309 91108 94410 98432 98550 98716 100310 100534 100592 103154 
566765 991437 886085 885968 558839 991263 304864 573089 502606 255306 ,18925 21183 22819 23798 24377 24714 24784 25130 25140 25707 ,991437 886085 558839 991263 304864 573089 502606 496790 211240 482167 ,21183 22819 24377 24714 24784 25130 25140 26106 27003 27473 
102321 444599 716950 643148 888853 642176 445255 641221 103788 443593 ,26481 27413 28365 28508 29368 30174 30505 30624 31184 31901 ,102321 444599 716950 643148 888853 642176 445255 641221 443593 826021 ,26481 27413 28365 28508 29368 30174 30505 30624 31901 32199 
521126 540052 863334 792945 803747 251462 641696 83835 705453 823389 ,97716 111901 115618 124500 125598 126754 134596 139576 148670 182639 ,521126 540052 863334 792945 803747 251462 641696 83835 705453 823389 ,97716 111901 115618 124500 125598 126754 134596 139576 148670 182639 
103864 710345 27681 709795 276333 639487 246021 587784 54815 627939 ,14618 39859 42816 45060 45715 45928 46679 48898 50243 50897 ,103864 710345 27681 709795 276333 246021 587784 54815 627939 871277 ,14618 39859 42816 45060 45715 46679 48898 50243 50897 51153 
614124 612664 628557 610567 587329 104282 399903 203398 403972 41580 ,40600 46548 47049 48349 49465 51236 51663 55264 58989 59318 ,614124 612664 628557 610567 587329 104282 399903 203398 403972 41580 ,40600 46548 47049 48349 49465 51236 51663 55264 58989 59318 
104125 990045 446844 862019 833832 765207 831368 971224 863250 672869 ,19538 20842 20965 23183 27264 27381 27473 27634 27933 28286 ,104125 990045 446844 862019 833832 765207 971224 863250 672869 883077 ,19538 20842 20965 23183 27264 27381 27634 27933 28286 28799 
608117 671882 56352 426941 409528 46634 205634 456112 173757 877708 ,62693 68812 72798 75363 77176 78275 79818 81080 81652 82818 ,608117 671882 56352 426941 409528 46634 205634 456112 173757 877708 ,62693 68812 72798 75363 77176 78275 79818 81080 81652 82818 
470336 971334 787937 128432 168099 567249 794842 651284 509927 672742 ,82440 83754 84111 84336 93002 98792 103574 105301 106746 108475 ,470336 787937 128432 168099 567249 794842 651284 509927 672742 405066 ,82440 84111 84336 93002 98792 103574 105301 106746 108475 110416 
151232 815766 29998 123295 516840 305321 425059 86956 58685 321944 ,9637 13217 13538 13650 14815 14958 15352 15647 15958 16244 ,151232 815766 29998 123295 516840 305321 425059 86956 58685 321944 ,9637 13217 13538 13650 14815 14958 15352 15647 15958 16244 
589288 193263 807349 164953 769503 366060 347067 808746 36940 944949 ,61353 71506 73233 75355 80636 81686 82153 82422 82995 83558 ,589288 193263 807349 164953 769503 366060 347067 808746 36940 944949 ,61353 71506 73233 75355 80636 81686 82153 82422 82995 83558 
880274 842779 988079 915697 406014 99152 941 555086 863106 883743 ,36816 39337 40014 40378 40396 40686 43650 44109 45487 46538 ,880274 842779 988079 915697 406014 99152 941 555086 863106 883743 ,36816 39337 40014 40378 40396 40686 43650 44109 45487 46538 
551087 220090 531690 855697 997634 13583 224433 854911 665116 594924 ,97309 108971 110034 110923 115643 117748 119883 119948 120476 125469 ,551087 220090 531690 855697 997634 13583 224433 854911 665116 594924 ,97309 108971 110034 110923 115643 117748 119883 119948 120476 125469 
112437 131005 401974 112875 304412 605806 565760 143372 562246 186096 ,16603 29668 31640 33958 36755 38815 39024 40515 41006 42150 ,709662 248147 316971 710238 114711 978617 800577 830705 902613 893629 ,45123 46079 46290 47562 48190 48463 48654 51191 51980 52376 
248241 423522 106316 354587 637146 792264 677752 33286 446045 426558 ,21428 23570 23929 24797 25787 27085 27378 27452 27926 28390 ,248241 423522 106316 354587 637146 792264 677752 33286 446045 426558 ,21428 23570 23929 24797 25787 27085 27378 27452 27926 28390 
22259 245727 258306 245383 340622 474655 417024 513150 143548 451844 ,47704 48470 51128 55392 55811 58503 59247 59268 59512 59856 ,937512 939444 176525 679465 360803 819911 236720 343129 968347 890953 ,61155 62029 66283 67466 68521 68960 69317 71878 72187 73031 
225761 448958 673636 732345 755734 276140 73440 997527 471923 934893 ,57704 58290 67072 68237 68936 69413 69987 70558 72355 72855 ,225761 448958 673636 755734 276140 997527 471923 934893 897253 201334 ,57704 58290 67072 68936 69413 70558 72355 72855 74362 75243 
517676 49797 665429 207515 253432 75070 329521 187632 239822 618912 ,51110 54156 55409 56239 56322 56328 59462 60625 63586 63658 ,517676 49797 665429 207515 253432 75070 329521 187632 239822 618912 ,51110 54156 55409 56239 56322 56328 59462 60625 63586 63658 
113186 673222 322898 641219 826687 541466 612155 469981 552876 26821 ,17747 21631 22547 25114 27584 28706 28851 29214 29295 31535 ,113186 673222 322898 641219 826687 541466 612155 469981 552876 26821 ,17747 21631 22547 25114 27584 28706 28851 29214 29295 31535 
823604 832931 601347 605328 836678 389974 988328 98924 846098 105129 ,44311 53958 56434 57199 58303 59957 60301 60425 60926 61976 ,823604 832931 601347 605328 836678 389974 988328 98924 846098 105129 ,44311 53958 56434 57199 58303 59957 60301 60425 60926 61976 
619423 986042 705643 223902 162748 183362 247623 837635 148294 566033 ,72793 72800 78524 82632 83893 85200 85548 86746 87070 87258 ,619423 986042 705643 223902 162748 183362 247623 837635 148294 566033 ,72793 72800 78524 82632 83893 85200 85548 86746 87070 87258 
158929 684274 268116 225016 529677 204689 489469 798197 945259 845261 ,57697 59063 62649 62708 62822 64231 66088 66469 67175 67740 ,268116 225016 945259 192157 208238 964438 293502 138625 724643 69208 ,62649 62708 67175 68506 68520 73180 74562 75100 75512 78452 
112560 64425 738565 83502 404014 796603 844607 803536 876896 839796 ,34231 67410 68018 68638 69297 73050 82923 83051 83694 84267 ,112560 64425 738565 83502 404014 796603 844607 803536 876896 839796 ,34231 67410 68018 68638 69297 73050 82923 83051 83694 84267 
947172 340292 498972 941114 970006 732889 499590 347481 811017 299191 ,31814 41286 43329 46626 48823 49078 49189 50541 51480 51976 ,947172 340292 498972 941114 970006 732889 499590 347481 811017 299191 ,31814 41286 43329 46626 48823 49078 49189 50541 51480 51976 
347648 997936 782365 283041 799739 927866 999393 50518 927703 281659 ,39576 40368 40519 40571 40943 41079 41357 43434 43519 43600 ,347648 782365 283041 799739 927866 999393 50518 927703 281659 754147 ,39576 40519 40571 40943 41079 41357 43434 43519 43600 43772 
853365 580092 209069 450433 47681 666369 948696 232776 578688 259915 ,44334 54861 55112 56988 57403 58059 60722 61456 62935 65923 ,853365 580092 209069 450433 47681 666369 948696 232776 578688 259915 ,44334 54861 55112 56988 57403 58059 60722 61456 62935 65923 
62663 63091 414537 778359 530927 806534 545179 338479 870573 73835 ,54074 85955 87078 88436 95730 96304 98044 102168 103900 104838 ,62663 63091 414537 778359 530927 806534 545179 338479 870573 73835 ,54074 85955 87078 88436 95730 96304 98044 102168 103900 104838 
878443 358152 396792 651819 967534 354412 75541 598590 798766 944808 ,37611 40742 41951 43710 44176 44470 44719 47966 48262 48362 ,878443 358152 967534 354412 75541 944808 708403 393772 196996 275812 ,37611 40742 44176 44470 44719 48362 49194 49615 49627 49627 
537349 113269 113179 886895 288010 673717 293891 715250 656840 521126 ,30835 34627 36306 38244 43821 44775 44821 45928 46473 48743 ,537349 113269 113179 886895 288010 673717 293891 715250 656840 521126 ,30835 34627 36306 38244 43821 44775 44821 45928 46473 48743 
815798 220119 177318 783248 182609 947630 763577 78957 102998 49383 ,45612 47065 50654 52942 53759 55479 56285 58110 58711 58971 ,815798 220119 177318 783248 182609 947630 763577 78957 102998 49383 ,45612 47065 50654 52942 53759 55479 56285 58110 58711 58971 
576153 289288 370357 478628 9791 45976 699830 310003 705847 608670 ,124606 166850 183717 193375 205230 205392 207148 213699 275225 275985 ,576153 289288 370357 478628 9791 45976 699830 310003 705847 608670 ,124606 166850 183717 193375 205230 205392 207148 213699 275225 275985 
754010 132812 832574 417566 215985 796107 594369 468829 914352 763956 ,13328 17443 17609 17665 17695 17841 18879 19013 19067 19384 ,754010 132812 832574 417566 215985 796107 594369 468829 914352 763956 ,13328 17443 17609 17665 17695 17841 18879 19013 19067 19384 
768189 447903 308812 427804 96827 40808 667285 124430 536367 541299 ,11950 13362 13789 15245 15869 16223 16380 16580 16834 17533 ,768189 447903 308812 427804 96827 40808 667285 124430 536367 541299 ,11950 13362 13789 15245 15869 16223 16380 16580 16834 17533 
350872 347960 493570 487811 230426 330635 348949 597594 967754 921261 ,47272 51749 51766 52479 53116 53511 53881 56947 57308 58473 ,350872 347960 493570 487811 230426 330635 348949 597594 967754 921261 ,47272 51749 51766 52479 53116 53511 53881 56947 57308 58473 
420148 522285 24616 353011 19974 566296 272252 804490 487832 277319 ,81700 82538 87732 88783 90009 91879 94285 95886 96541 101743 ,420148 522285 24616 353011 19974 566296 272252 804490 487832 277319 ,81700 82538 87732 88783 90009 91879 94285 95886 96541 101743 
234769 487542 34111 693726 453124 359452 841079 530086 414404 236317 ,63308 68628 70864 71126 71206 72619 73000 75433 75658 76940 ,234769 487542 34111 693726 453124 359452 530086 236317 504527 89032 ,63308 68628 70864 71126 71206 72619 75433 76940 78079 78801 
487138 142141 461637 82035 943597 771161 100496 978821 305583 514615 ,80543 85244 100613 102593 102958 103735 103978 104965 105614 105934 ,487138 142141 461637 82035 943597 771161 100496 978821 305583 514615 ,80543 85244 100613 102593 102958 103735 103978 104965 105614 105934 
255016 360674 983970 410281 62460 294100 113477 559522 294432 287366 ,33798 41216 41237 42194 42560 43516 44039 44343 44585 44908 ,255016 360674 983970 410281 62460 294100 113477 559522 294432 287366 ,33798 41216 41237 42194 42560 43516 44039 44343 44585 44908 
389477 843301 83708 958998 670495 843244 57989 771910 14977 265161 ,51379 68377 68704 70228 75970 78923 79429 79974 81641 82736 ,389477 843301 83708 958998 670495 843244 57989 771910 14977 265161 ,51379 68377 68704 70228 75970 78923 79429 79974 81641 82736 
375582 852772 115374 762378 762365 113234 827268 764684 853648 901298 ,7466 8346 8494 8817 9019 9809 9972 11309 11355 11416 ,375582 852772 115374 762378 762365 113234 827268 764684 853648 901298 ,7466 8346 8494 8817 9019 9809 9972 11309 11355 11416 
114938 114567 910625 115713 102112 603821 578615 910335 617680 42071 ,27683 30267 50877 51165 53055 53752 54072 55169 55176 55544 ,114938 114567 910625 115713 102112 603821 578615 910335 617680 42071 ,27683 30267 50877 51165 53055 53752 54072 55169 55176 55544 
569484 405033 828410 612606 775569 809330 747259 819 168152 117231 ,42343 50507 53426 58885 60930 61951 62183 62393 63327 66341 ,569484 405033 828410 612606 775569 809330 747259 819 168152 117231 ,42343 50507 53426 58885 60930 61951 62183 62393 63327 66341 
249764 630548 530773 941667 278102 967110 485292 391586 424920 554119 ,38541 46770 46965 49551 49662 51056 52698 57546 58218 58288 ,249764 630548 530773 941667 278102 967110 391586 424920 554119 224064 ,38541 46770 46965 49551 49662 51056 57546 58218 58288 58352 
184606 409244 430299 476724 686234 632956 776517 831160 49124 848871 ,68728 84537 91702 95070 96843 102277 103366 103519 106464 106851 ,184606 409244 430299 476724 686234 632956 776517 831160 49124 910288 ,68728 84537 91702 95070 96843 102277 103366 103519 106464 106957 
484226 787304 152051 483344 586117 285699 309790 488792 82027 314080 ,52157 59359 66941 67125 68071 70689 71587 73851 74492 75280 ,484226 787304 152051 483344 586117 285699 309790 488792 82027 314080 ,52157 59359 66941 67125 68071 70689 71587 73851 74492 75280 
4162 193836 272652 862145 513866 194789 273605 225566 402172 197321 ,69716 71901 71901 72624 73426 75411 75411 77260 77394 77634 ,193836 513866 225566 276137 130728 308675 717200 951781 870105 387388 ,71901 73426 77260 77634 78152 79500 80265 81517 82860 82935 
945845 601153 797466 809941 221178 66195 367103 623782 761758 63993 ,61694 64333 68011 69604 72087 73221 74900 75044 75917 75959 ,945845 601153 797466 809941 221178 66195 367103 623782 761758 63993 ,61694 64333 68011 69604 72087 73221 74900 75044 75917 75959 
116282 112460 40892 899570 599461 41564 893530 816757 539587 539627 ,6889 11564 11765 13109 13399 13944 13957 14130 14269 14361 ,816757 603710 656472 599359 131557 569454 40808 655134 899674 446456 ,14130 14614 14801 15324 15329 15878 16145 16251 16261 16713 
101677 525247 283166 824463 655499 247761 112307 903014 663145 296374 ,79588 80324 86089 87393 89379 89591 91894 93727 99719 100252 ,101677 525247 283166 824463 655499 247761 112307 903014 663145 296374 ,79588 80324 86089 87393 89379 89591 91894 93727 99719 100252 
633305 53162 954569 132299 120651 986491 734081 366313 993213 974239 ,82706 88986 89335 97037 97213 100576 102525 103526 106207 106455 ,633305 53162 954569 132299 120651 986491 734081 366313 993213 974239 ,82706 88986 89335 97037 97213 100576 102525 103526 106207 106455 
511984 405541 992071 894281 253435 636472 569374 774780 669387 984870 ,56445 59550 59607 67713 68471 69572 69625 71144 71565 72248 ,511984 405541 992071 894281 253435 636472 569374 774780 669387 984870 ,56445 59550 59607 67713 68471 69572 69625 71144 71565 72248 
374781 777790 765761 374552 374089 374281 374303 948373 149199 907010 ,36558 37377 38318 38835 38923 39539 43010 43407 43672 43681 ,374781 777790 765761 374552 374089 374281 374303 948373 149199 907010 ,36558 37377 38318 38835 38923 39539 43010 43407 43672 43681 
53642 881114 849095 702091 766946 67 754646 57438 410493 652127 ,19750 29437 33779 33925 35166 35322 35488 35667 35889 36017 ,54464 55612 56319 960245 901541 236761 228244 604420 823951 50882 ,39512 40902 41241 42159 42562 42823 46674 49336 49603 49967 
151561 481858 15159 876826 818048 734985 569857 642187 656614 670893 ,31955 50183 50457 51438 52848 54775 55312 59620 60685 61106 ,151561 481858 15159 876826 818048 734985 569857 642187 656614 670893 ,31955 50183 50457 51438 52848 54775 55312 59620 60685 61106 
853825 375758 552605 693819 374311 900669 410749 552703 445596 246885 ,36576 39641 39690 40847 42040 42642 42916 43004 43036 43371 ,853825 375758 693819 374311 900669 410749 552703 445596 246885 27397 ,36576 39641 40847 42040 42642 42916 43004 43036 43371 43485 
335525 245758 982173 44889 66450 527497 112559 919020 81944 124261 ,67019 67681 69123 71476 72253 72974 73808 74233 74262 74720 ,335525 245758 44889 66450 527497 112559 919020 81944 124261 83253 ,67019 67681 71476 72253 72974 73808 74233 74262 74720 75789 
930677 252242 191142 937226 583819 890101 275686 712755 577947 58480 ,89682 92526 93564 93841 99934 100235 100808 101181 101632 101851 ,930677 191142 937226 583819 890101 275686 577947 58480 974215 459724 ,89682 93564 93841 99934 100235 100808 101632 101851 101937 102007 
312034 239561 143212 221 134479 974019 806728 810190 377458 653989 ,72996 73902 76076 78283 79908 80544 82268 83634 85258 85774 ,312034 239561 143212 221 134479 974019 806728 377458 653989 620944 ,72996 73902 76076 78283 79908 80544 82268 85258 85774 86551 
115752 116636 466940 795912 906689 797048 242604 242288 145134 438501 ,15500 17270 42425 48388 53730 54594 55141 56635 56952 57094 ,115752 116636 466940 795912 906689 797048 242288 145134 242088 25043 ,15500 17270 42425 48388 53730 54594 56635 56952 58110 58543 
983197 893192 985064 566435 769521 857081 246372 893539 993524 994197 ,31344 32686 33479 38024 39592 39626 44699 44802 44850 45780 ,983197 893192 985064 566435 769521 857081 246372 893539 993524 994197 ,31344 32686 33479 38024 39592 39626 44699 44802 44850 45780 
519451 87977 84061 684249 361724 174956 440923 529289 344592 174675 ,40403 55937 60155 60177 61230 64979 65686 66333 66596 66955 ,519451 87977 84061 684249 361724 174956 440923 529289 344592 174675 ,40403 55937 60155 60177 61230 64979 65686 66333 66596 66955 
116759 374887 778451 140780 576333 149446 780799 722112 139080 113964 ,27205 55454 59539 61352 62394 62504 65290 65388 65432 68097 ,116759 374887 778451 140780 576333 149446 780799 722112 113964 970292 ,27205 55454 59539 61352 62394 62504 65290 65388 68097 68260 
716123 63623 250975 253945 19275 229540 956038 37481 852715 853049 ,27171 31623 34545 35963 36115 36303 36744 37514 37908 38422 ,716123 229540 852715 426027 283625 436719 39004 142699 706993 202965 ,27171 36303 37908 54394 57289 57971 60730 63123 63174 63622 
716280 997028 419999 762322 841828 691765 37532 963250 681124 39276 ,82126 87746 101614 101936 101953 105540 106010 107046 107561 107660 ,716280 997028 419999 762322 841828 691765 37532 963250 681124 39276 ,82126 87746 101614 101936 101953 105540 106010 107046 107561 107660 
475890 20389 407500 736188 83958 118604 139568 128656 138286 556304 ,34745 41330 42546 43430 44550 45057 45432 45707 47078 47519 ,475890 20389 407500 736188 83958 118604 139568 128656 138286 556304 ,34745 41330 42546 43430 44550 45057 45432 45707 47078 47519 
460762 63956 172176 369493 359005 618797 192699 577162 517400 466692 ,78253 81997 90065 91236 91820 94455 96273 97297 98077 99401 ,460762 63956 172176 369493 359005 618797 192699 577162 517400 466692 ,78253 81997 90065 91236 91820 94455 96273 97297 98077 99401 
211856 472513 222403 583084 622156 962282 156218 669732 482841 434323 ,92987 99809 103620 103669 104863 107894 109370 110207 112247 115094 ,211856 472513 222403 583084 622156 962282 156218 669732 482841 434323 ,92987 99809 103620 103669 104863 107894 109370 110207 112247 115094 
587975 265982 638885 933356 918529 378324 980105 855456 711357 848574 ,51395 58564 58569 59421 60963 61860 62007 62648 63078 63122 ,587975 265982 638885 933356 918529 378324 980105 855456 711357 848574 ,51395 58564 58569 59421 60963 61860 62007 62648 63078 63122 
930329 519289 166546 265108 3543 718079 838885 594645 233547 534334 ,45420 69186 69651 69889 73693 74179 74233 74548 77045 77273 ,930329 519289 166546 265108 3543 718079 838885 594645 233547 534334 ,45420 69186 69651 69889 73693 74179 74233 74548 77045 77273 
24665 326677 770378 621937 481159 934323 228227 764733 743646 621923 ,54026 54469 55018 55178 56071 56222 56808 56903 57673 57824 ,24665 326677 770378 621937 481159 934323 228227 764733 743646 621923 ,54026 54469 55018 55178 56071 56222 56808 56903 57673 57824 
806851 567652 766333 448900 156482 336867 686716 434564 638470 572639 ,30865 37764 42840 43052 44021 44547 44994 46493 46503 46932 ,806851 567652 766333 448900 156482 336867 686716 434564 638470 572639 ,30865 37764 42840 43052 44021 44547 44994 46493 46503 46932 
108623 273989 489355 550826 196175 67212 840575 419038 161963 115827 ,114181 120035 122092 125940 126837 128761 128761 130276 130949 131139 ,108623 273989 489355 550826 196175 840575 67212 419038 161963 115827 ,114181 120035 122092 125940 126837 128761 128761 130276 130949 131139 
115641 115377 823569 673835 707150 385282 574529 882300 53426 702205 ,19794 21519 22031 22291 22291 23080 23153 23448 23506 23535 ,115641 115377 823569 673835 707150 385282 574529 882300 53426 702205 ,19794 21519 22031 22291 22291 23080 23153 23448 23506 23535 
116618 114601 115211 115643 896238 237678 437161 515160 70831 297868 ,17698 22348 25934 44726 49959 52046 53207 53749 54167 54315 ,116618 115643 896238 237678 218050 185906 163024 695484 859762 665882 ,17698 44726 49959 52046 56589 56614 57401 58107 58246 58315 
905019 678181 475675 892868 410567 880961 611267 993724 637432 333723 ,90129 115189 123355 135748 142677 148462 150166 150796 155031 157617 ,905019 678181 475675 892868 410567 880961 611267 993724 637432 333723 ,90129 115189 123355 135748 142677 148462 150166 150796 155031 157617 
903578 792834 891727 792847 830864 538591 42592 831209 604160 907420 ,38206 49944 50378 50696 52058 53425 53780 53816 53937 54601 ,903578 792834 891727 792847 830864 538591 42592 831209 604160 907420 ,38206 49944 50378 50696 52058 53425 53780 53816 53937 54601 
127464 256082 278669 977304 480422 723500 807157 422983 228357 815131 ,43870 49983 50091 51454 51957 52969 53260 54324 54437 54590 ,127464 256082 278669 977304 480422 723500 807157 422983 228357 815131 ,43870 49983 50091 51454 51957 52969 53260 54324 54437 54590 
845120 547308 503630 547209 504764 504185 547292 81921 596303 547468 ,50117 60053 63184 63582 65253 68984 69305 69512 69658 69678 ,547308 503630 547209 504764 547292 596303 547468 82239 366479 461617 ,60053 63184 63582 65253 69305 69658 69678 70153 71158 71548 
346637 184830 146233 419309 277840 419011 325304 189258 794169 914041 ,72017 74269 86983 90994 93226 99263 99575 99665 103869 107223 ,346637 184830 146233 419309 277840 419011 325304 189258 794169 723615 ,72017 74269 86983 90994 93226 99263 99575 99665 103869 107725 
415084 567135 687808 557044 579720 281238 386726 328793 917090 347804 ,85178 85820 87295 88881 93103 105910 108492 111002 116144 121117 ,415084 567135 687808 557044 579720 281238 386726 328793 917090 347804 ,85178 85820 87295 88881 93103 105910 108492 111002 116144 121117 
442734 917645 304404 627524 913477 207385 48344 49998 621018 651577 ,53177 60948 68453 71925 73896 75335 76728 76782 77644 78166 ,442734 917645 304404 627524 913477 207385 48344 49998 621018 651577 ,53177 60948 68453 71925 73896 75335 76728 76782 77644 78166 
62955 174799 635588 449542 504974 168959 238663 327079 37122 171373 ,85904 88655 89308 89460 89539 91871 92568 92897 93272 94398 ,62955 174799 635588 449542 504974 168959 238663 327079 37122 171373 ,85904 88655 89308 89460 89539 91871 92568 92897 93272 94398 
648589 102065 608773 675103 862973 638683 817475 776858 828642 661071 ,56130 58923 59106 60759 65344 66055 66229 66632 67422 69481 ,648589 102065 608773 675103 862973 638683 817475 776858 828642 661071 ,56130 58923 59106 60759 65344 66055 66229 66632 67422 69481 
17058 886924 528313 268924 111673 794261 597082 516362 590569 22717 ,57321 60310 60382 61826 62352 62655 63487 63795 64248 64336 ,17058 886924 528313 268924 111673 794261 597082 516362 590569 22717 ,57321 60310 60382 61826 62352 62655 63487 63795 64248 64336 
116889 354888 61199 208798 75131 393055 589162 620314 929523 332928 ,45224 70723 71017 74468 75279 75893 77905 78638 79950 80059 ,116889 354888 61199 75131 393055 589162 620314 929523 513982 799213 ,45224 70723 71017 75279 75893 77905 78638 79950 80491 80713 
921108 286162 494660 508704 285004 919770 247646 998046 239250 399799 ,71178 73538 78149 78238 82784 84269 84949 85390 86559 87145 ,921108 286162 494660 508704 285004 919770 247646 998046 239250 399799 ,71178 73538 78149 78238 82784 84269 84949 85390 86559 87145 
286348 540513 270205 376991 529649 95640 544386 659377 432882 103447 ,49635 51150 51757 53326 54793 54904 54994 55380 56681 57489 ,286348 540513 270205 376991 529649 95640 544386 659377 432882 103447 ,49635 51150 51757 53326 54793 54904 54994 55380 56681 57489 
326852 990521 268127 222526 693984 61989 688762 70049 771176 20355 ,82227 82302 83261 83376 84374 84980 85604 86064 86288 87384 ,326852 990521 268127 222526 693984 61989 688762 70049 771176 20355 ,82227 82302 83261 83376 84374 84980 85604 86064 86288 87384 
521288 84174 158417 844659 748045 375947 615943 719976 451914 419501 ,32226 36658 36699 39057 39350 39563 40074 41359 41566 42082 ,521288 84174 158417 844659 748045 375947 615943 719976 451914 419501 ,32226 36658 36699 39057 39350 39563 40074 41359 41566 42082 
120585 429337 477484 477154 24494 886171 412161 710750 711087 477092 ,10332 23766 25623 26268 27699 27940 28062 29165 29553 30261 ,120585 429337 477484 477154 24494 886171 412161 710750 711087 477092 ,10332 23766 25623 26268 27699 27940 28062 29165 29553 30261 
759250 752084 540422 881114 811153 559262 955907 849095 560758 825167 ,43221 47134 49202 49387 52630 54524 55139 56141 56458 57315 ,759250 752084 540422 881114 811153 559262 955907 849095 560758 825167 ,43221 47134 49202 49387 52630 54524 55139 56141 56458 57315 
121411 121206 845188 391065 397802 398896 174454 730999 628027 385461 ,27639 45528 53490 55705 56692 57828 58542 59401 59609 60384 ,121411 121206 845188 391065 397802 398896 174454 730999 628027 385461 ,27639 45528 53490 55705 56692 57828 58542 59401 59609 60384 
280354 754036 376277 505013 337462 262029 105103 293065 484661 806009 ,51104 52600 52679 55691 56157 56803 57029 57165 58323 59507 ,280354 754036 376277 505013 337462 262029 105103 293065 484661 806009 ,51104 52600 52679 55691 56157 56803 57029 57165 58323 59507 
115029 115939 468223 161302 61545 239622 309937 136321 240835 468315 ,41434 43528 53415 55227 59325 63026 63839 64814 65361 65553 ,115029 115939 468223 161302 61545 239622 309937 136321 240835 468315 ,41434 43528 53415 55227 59325 63026 63839 64814 65361 65553 
526996 277713 87751 709767 89890 89670 422678 268626 189911 30833 ,58996 61039 63821 63960 64687 65003 65090 65122 65786 65906 ,526996 277713 87751 709767 89670 268626 189911 343134 481052 87316 ,58996 61039 63821 63960 65003 65122 65786 65920 66551 67686 
113295 44626 234810 138537 464233 682617 425017 772047 847684 126477 ,78248 79457 81314 84241 86113 87848 90507 92548 94913 95041 ,113295 44626 234810 138537 464233 682617 425017 772047 847684 36530 ,78248 79457 81314 84241 86113 87848 90507 92548 94913 95111 
949564 634077 695492 780244 341175 334560 95023 93877 499799 168505 ,66775 67224 69760 71829 72036 72248 72478 73443 73550 73691 ,949564 634077 695492 780244 341175 334560 95023 93877 499799 168505 ,66775 67224 69760 71829 72036 72248 72478 73443 73550 73691 
674106 39745 944757 468907 42381 139848 962286 673362 962369 579431 ,29645 32136 32479 35450 36037 36283 42371 42405 45638 47779 ,674106 39745 944757 468907 42381 139848 962286 673362 962369 579431 ,29645 32136 32479 35450 36037 36283 42371 42405 45638 47779 
850116 11182 39909 973400 923015 833309 778280 849670 531567 756342 ,41086 52538 55140 55206 58416 58589 59310 59353 61579 62123 ,850116 11182 39909 973400 923015 833309 778280 849670 531567 756342 ,41086 52538 55140 55206 58416 58589 59310 59353 61579 62123 
152804 616290 843965 667939 198913 277729 77848 154158 492490 301382 ,41263 43231 48696 49073 49719 49719 51896 52013 52339 53052 ,843965 154158 301382 419715 170180 526003 401419 666324 307988 779962 ,48696 52013 53052 54637 54790 55829 56362 56815 56877 57051 
453883 736617 242543 458998 25045 339661 779266 236224 152726 601453 ,33528 37033 37722 38572 38602 38959 39126 40511 40950 41368 ,736617 242543 458998 25045 339661 779266 236224 152726 601453 353718 ,37033 37722 38572 38602 38959 39126 40511 40950 41368 41466 
269044 751754 627118 793047 871738 606027 338427 746931 39722 373893 ,101278 109810 110540 110723 111226 120476 121570 121796 124214 124307 ,269044 627118 793047 871738 606027 746931 39722 373893 850753 905656 ,101278 110540 110723 111226 120476 121796 124214 124307 124769 125415 
655625 864634 319839 605254 117808 366850 44980 839036 818429 829776 ,35277 44586 50982 51117 58748 60118 63518 64787 65802 67563 ,655625 864634 319839 605254 117808 366850 44980 839036 818429 829776 ,35277 44586 50982 51117 58748 60118 63518 64787 65802 67563 
245831 811762 299230 788584 520062 753416 849211 281265 18383 523232 ,73567 85055 88214 88437 89400 89537 90395 92562 92590 92897 ,245831 811762 299230 788584 520062 753416 849211 281265 18383 523232 ,73567 85055 88214 88437 89400 89537 90395 92562 92590 92897 
734831 124484 259167 148506 295568 107503 254415 283166 603721 505188 ,49910 53277 54971 55404 55932 56409 58135 58333 59095 59148 ,734831 124484 148506 295568 107503 254415 603721 505188 84363 922426 ,49910 53277 55404 55932 56409 58135 59095 59148 59229 60179 
759315 901909 824861 819588 190830 412883 987963 918269 641557 702436 ,29723 43758 43767 43971 44418 44540 44672 45287 45867 46232 ,759315 901909 824861 819588 190830 412883 987963 918269 641557 702436 ,29723 43758 43767 43971 44418 44540 44672 45287 45867 46232 
345323 662213 585481 531512 453498 373598 482898 753691 947492 703817 ,59380 63106 65733 68106 68479 70109 70619 71293 73701 74404 ,345323 662213 585481 531512 453498 373598 482898 753691 947492 703817 ,59380 63106 65733 68106 68479 70109 70619 71293 73701 74404 
482252 898304 569815 654801 968911 44076 236962 660736 423269 952589 ,99828 110454 110978 114598 116853 117952 119378 120017 120242 122454 ,482252 898304 569815 654801 968911 44076 236962 660736 423269 952589 ,99828 110454 110978 114598 116853 117952 119378 120017 120242 122454 
105561 543166 105461 791363 122474 105502 122863 202354 266632 205021 ,36914 39515 41027 42284 42799 46926 49378 50028 50028 50037 ,105461 202354 266632 205021 269299 331841 10121 375623 109492 482328 ,41027 50028 50028 50037 50037 50264 50667 52504 53476 54210 
941368 628169 279346 799443 509292 114604 307896 326101 634651 62146 ,44580 45628 45986 49408 51734 52578 53691 54423 54851 55205 ,628169 279346 509292 114604 307896 326101 634651 62146 977495 77733 ,45628 45986 51734 52578 53691 54423 54851 55205 56079 56104 
141379 965330 978920 906755 303064 709497 281644 158982 254684 711464 ,52041 54450 57561 57956 58799 58953 59252 59564 59817 59877 ,141379 965330 978920 303064 709497 281644 158982 711464 963797 826936 ,52041 54450 57561 58799 58953 59252 59564 59877 60238 60253 
117460 361119 146219 793145 366927 662895 834689 520108 67222 310474 ,43556 67660 69555 69863 80363 80665 80987 82621 84151 84231 ,117460 146219 793145 366927 662895 834689 520108 67222 310474 777964 ,43556 69555 69863 80363 80665 80987 82621 84151 84231 88044 
567731 72334 567733 567744 248293 188421 708731 708719 571704 114626 ,31295 33559 33657 34473 35469 35767 35768 35792 35864 35873 ,567731 72334 567733 567744 248293 188421 708731 708719 571704 114626 ,31295 33559 33657 34473 35469 35767 35768 35792 35864 35873 
117115 115496 352335 339708 339165 743325 898960 628886 354417 398828 ,12238 13078 46946 50868 54702 55916 60523 61019 61374 62384 ,117115 115496 352335 339708 339165 743325 898960 628886 354417 398828 ,12238 13078 46946 50868 54702 55916 60523 61019 61374 62384 
846433 130640 371443 126323 58584 592594 735315 745558 324563 419975 ,96755 107070 108884 109456 111518 113257 115243 115299 115688 120631 ,846433 130640 371443 126323 58584 592594 735315 745558 324563 419975 ,96755 107070 108884 109456 111518 113257 115243 115299 115688 120631 
261263 526069 950578 121735 71757 554511 978002 903782 480674 15394 ,55836 59145 61251 64571 65271 65943 67683 67952 68015 68838 ,261263 526069 950578 121735 71757 554511 978002 903782 480674 15394 ,55836 59145 61251 64571 65271 65943 67683 67952 68015 68838 
799586 520456 974974 893715 81795 929722 220699 721355 895381 72941 ,67385 68276 69073 69647 69830 74475 75595 77628 78769 78848 ,799586 520456 974974 893715 81795 929722 220699 721355 895381 72941 ,67385 68276 69073 69647 69830 74475 75595 77628 78769 78848 
122867 556771 305860 480148 277340 266227 895674 148552 661509 14597 ,49987 63323 72634 73399 74939 80141 80279 81626 82700 83671 ,122867 556771 305860 480148 277340 266227 895674 148552 661509 14597 ,49987 63323 72634 73399 74939 80141 80279 81626 82700 83671 
115707 27447 298085 934267 972075 232078 498053 789321 372734 792810 ,13008 53300 55341 57256 61495 62080 62602 63230 64038 64610 ,115707 27447 298085 934267 972075 232078 498053 789321 792810 651595 ,13008 53300 55341 57256 61495 62080 62602 63230 64610 64874 
602480 360026 33657 292523 152775 448697 193307 818313 423034 232811 ,75276 85211 88181 96474 97916 108818 110111 110116 115814 120128 ,602480 360026 33657 292523 152775 448697 193307 818313 423034 232811 ,75276 85211 88181 96474 97916 108818 110111 110116 115814 120128 
346940 567767 524763 530261 110891 815343 637130 818479 87209 815288 ,43012 43939 45713 46663 49344 49379 51404 52066 52642 53455 ,346940 567767 524763 530261 110891 815343 637130 818479 87209 815288 ,43012 43939 45713 46663 49344 49379 51404 52066 52642 53455 
148092 153301 346793 492397 899366 29178 250009 702512 532055 876412 ,90461 96689 98263 99143 103014 103791 103895 104962 106245 106854 ,148092 153301 346793 492397 899366 29178 250009 702512 532055 876412 ,90461 96689 98263 99143 103014 103791 103895 104962 106245 106854 
764602 917564 870248 538689 349621 990743 592344 560970 523525 223520 ,73661 73732 78586 80649 81970 82734 87312 87940 89567 89907 ,764602 917564 870248 538689 349621 990743 592344 560970 523525 223520 ,73661 73732 78586 80649 81970 82734 87312 87940 89567 89907 
227528 395569 260986 333188 409490 700141 843289 60865 907640 905080 ,85012 96591 100900 105614 105702 109393 113978 114070 114410 114547 ,227528 395569 260986 333188 409490 700141 843289 60865 907640 905080 ,85012 96591 100900 105614 105702 109393 113978 114070 114410 114547 
557530 750308 515557 132757 306297 519869 68792 161562 695189 312128 ,33691 34944 38382 39819 39838 40404 40590 40788 41328 41849 ,557530 750308 515557 132757 306297 519869 68792 161562 695189 312128 ,33691 34944 38382 39819 39838 40404 40590 40788 41328 41849 
376925 761204 841794 56482 506821 234941 188717 494180 585272 800238 ,89809 92307 92946 96416 96630 100383 101266 101859 102132 102636 ,376925 761204 841794 56482 506821 234941 188717 494180 585272 800238 ,89809 92307 92946 96416 96630 100383 101266 101859 102132 102636 
284782 425243 677439 709218 274197 60396 707754 572845 280379 326514 ,103706 120562 123824 142734 145038 149741 153640 157666 164400 165619 ,284782 425243 677439 709218 274197 60396 707754 572845 280379 326514 ,103706 120562 123824 142734 145038 149741 153640 157666 164400 165619 
892565 546142 258160 634946 375835 967545 405444 777779 221567 679756 ,70718 77897 79923 84180 84533 88616 91423 91521 93213 93451 ,892565 546142 258160 634946 375835 967545 405444 777779 221567 679756 ,70718 77897 79923 84180 84533 88616 91423 91521 93213 93451 
121723 984060 541843 542321 967336 737182 896616 958294 561337 876458 ,25567 30894 36447 39643 40996 41952 43634 43771 44412 44960 ,121723 984060 541843 542321 967336 737182 896616 958294 561337 876458 ,25567 30894 36447 39643 40996 41952 43634 43771 44412 44960 
882731 961681 583358 472273 36141 962498 873685 521890 387265 215833 ,60447 62241 63596 65672 66056 66155 66165 68379 68654 68794 ,882731 961681 583358 472273 36141 962498 873685 521890 387265 215833 ,60447 62241 63596 65672 66056 66155 66165 68379 68654 68794 
608299 339276 471357 53226 30775 52135 305611 96002 595978 789462 ,26817 38349 38794 41983 44308 47822 49109 50724 51610 52841 ,608299 339276 471357 53226 30775 52135 305611 96002 595978 789462 ,26817 38349 38794 41983 44308 47822 49109 50724 51610 52841 
690101 916037 766085 793800 545675 609973 548929 52503 175706 319349 ,125931 128965 129566 131175 138434 139165 139812 142340 143714 144744 ,690101 916037 766085 793800 545675 609973 548929 52503 175706 319349 ,125931 128965 129566 131175 138434 139165 139812 142340 143714 144744 
978892 816678 640844 783183 377970 854812 960991 119170 139312 939592 ,112673 141493 145162 161179 161584 167341 168960 178869 179587 182337 ,978892 816678 640844 783183 377970 854812 960991 119170 139312 939592 ,112673 141493 145162 161179 161584 167341 168960 178869 179587 182337 
862347 617130 203528 170777 113008 397215 415221 629527 83750 458663 ,70708 85626 95795 95834 96626 97411 97673 98108 98719 100299 ,862347 617130 203528 170777 113008 397215 415221 629527 83750 458663 ,70708 85626 95795 95834 96626 97411 97673 98108 98719 100299 
393653 130108 569106 387706 739794 396473 70494 116837 77771 461252 ,70267 75202 90250 90347 92855 94050 94142 96477 97143 97162 ,393653 130108 569106 387706 739794 396473 70494 116837 77771 461252 ,70267 75202 90250 90347 92855 94050 94142 96477 97143 97162 
567627 591422 569466 567091 146495 816754 674063 117808 170578 809293 ,24604 28748 33161 34114 34162 35127 35186 35749 35830 36013 ,567627 591422 569466 567091 816754 674063 117808 809293 158992 750535 ,24604 28748 33161 34114 35127 35186 35749 36013 36388 36753 
788893 561133 817142 413387 400239 79676 9791 161810 522871 281184 ,67752 72793 75079 79140 80322 80453 81200 82319 84704 85602 ,788893 561133 817142 413387 400239 79676 9791 161810 522871 281184 ,67752 72793 75079 79140 80322 80453 81200 82319 84704 85602 
888067 4076 931499 59248 433906 281178 475567 299014 180590 945390 ,99278 109584 110492 110700 114265 114717 114863 115476 115918 116101 ,888067 4076 931499 59248 433906 281178 475567 299014 180590 945390 ,99278 109584 110492 110700 114265 114717 114863 115476 115918 116101 
54884 527293 945333 882073 929452 241332 224806 10504 608359 553132 ,60738 67320 68285 70902 72651 73486 73586 74664 76579 77038 ,54884 527293 945333 882073 929452 241332 224806 10504 608359 553132 ,60738 67320 68285 70902 72651 73486 73586 74664 76579 77038 
856731 64743 544537 725637 263778 965995 832801 722957 203839 268117 ,40164 41753 42951 43140 43821 44621 45039 45935 45939 45939 ,856731 64743 544537 263778 965995 832801 722957 203839 268117 470399 ,40164 41753 42951 43821 44621 45039 45935 45939 45939 46427 
185720 497287 146325 516262 614972 429749 474680 307199 279137 866262 ,54212 57238 58933 59778 60763 62690 63447 64732 64922 65484 ,185720 497287 146325 516262 614972 429749 474680 307199 279137 866262 ,54212 57238 58933 59778 60763 62690 63447 64732 64922 65484 
118541 254800 655549 71136 835606 766636 843768 834181 68858 183941 ,46926 69382 69846 70274 75674 75681 76334 77706 77751 78734 ,118541 254800 655549 71136 835606 766636 843768 834181 68858 183941 ,46926 69382 69846 70274 75674 75681 76334 77706 77751 78734 
118531 119053 120229 120405 679663 344160 522828 680457 370057 679140 ,13481 13600 14499 37548 37958 43088 43151 43357 43568 46433 ,118531 119053 120229 120405 679663 344160 522828 680457 370057 679140 ,13481 13600 14499 37548 37958 43088 43151 43357 43568 46433 
818703 518110 423330 798686 85472 664484 687510 534550 342949 940786 ,49440 60003 66334 66849 69296 71920 73266 73419 73798 73799 ,818703 518110 423330 798686 85472 664484 687510 534550 342949 940786 ,49440 60003 66334 66849 69296 71920 73266 73419 73798 73799 
201039 986456 402291 526356 135542 28028 29183 745081 508669 910691 ,79149 79419 80946 81853 83779 84412 85903 88112 88712 89068 ,201039 986456 402291 526356 135542 28028 29183 745081 508669 910691 ,79149 79419 80946 81853 83779 84412 85903 88112 88712 89068 
304210 798311 982303 156894 244289 750337 291536 128649 537657 386768 ,88012 88242 88545 89349 89663 101659 103186 103772 104761 104910 ,304210 798311 982303 156894 244289 750337 291536 128649 537657 386768 ,88012 88242 88545 89349 89663 101659 103186 103772 104761 104910 
111691 835998 509783 263971 415351 503573 58096 682496 436202 356634 ,64054 67987 70206 71664 72205 72928 75362 75583 77487 79299 ,111691 263971 415351 503573 58096 682496 436202 356634 158067 334201 ,64054 71664 72205 72928 75362 75583 77487 79299 79360 79708 
555983 715059 71076 286083 979974 951547 21805 619106 530659 924190 ,68736 81206 82280 83326 83497 83946 84228 84368 84885 85224 ,555983 715059 71076 979974 951547 21805 619106 530659 924190 369912 ,68736 81206 82280 83497 83946 84228 84368 84885 85224 87187 
561389 863513 479414 782193 346275 920656 407775 804595 276612 831651 ,88123 91534 98425 98818 104718 106648 111547 113985 114019 114818 ,561389 863513 479414 782193 346275 920656 407775 804595 276612 831651 ,88123 91534 98425 98818 104718 106648 111547 113985 114019 114818 
178610 987745 364363 243964 46432 925943 5111 873319 39667 966891 ,65977 66486 76970 79087 80951 81701 84985 85219 89481 90132 ,178610 987745 364363 243964 46432 925943 5111 873319 39667 966891 ,65977 66486 76970 79087 80951 81701 84985 85219 89481 90132 
66725 749958 747401 974061 431459 745052 377715 675995 561019 186130 ,90240 92131 94088 94853 99097 100476 102998 103274 103405 105439 ,66725 749958 747401 974061 745052 675995 561019 186130 432472 866542 ,90240 92131 94088 94853 100476 103274 103405 105439 105790 106934 
122760 77848 211312 855693 805221 97246 166460 520781 500330 236520 ,65858 84966 92439 92837 98980 101908 103603 103856 104700 109043 ,122760 77848 211312 855693 805221 97246 166460 520781 500330 236520 ,65858 84966 92439 92837 98980 101908 103603 103856 104700 109043 
834707 937066 245022 612916 936633 506494 587768 294707 128864 669622 ,133532 134568 144115 149794 153646 155678 157139 159643 159685 160827 ,834707 937066 245022 612916 936633 506494 587768 294707 128864 669622 ,133532 134568 144115 149794 153646 155678 157139 159643 159685 160827 
699731 881857 843276 514673 105926 938228 550704 47445 378154 246440 ,63522 69673 73152 75141 76301 78349 78573 78844 79673 82722 ,699731 881857 843276 514673 105926 938228 550704 47445 378154 246440 ,63522 69673 73152 75141 76301 78349 78573 78844 79673 82722 
475629 4467 361119 234162 16722 234553 1550 30466 819086 18684 ,197132 244891 259348 287550 301068 346957 355027 361173 364783 380362 ,475629 4467 361119 234162 16722 234553 1550 30466 819086 18684 ,197132 244891 259348 287550 301068 346957 355027 361173 364783 380362 
251735 332823 240373 614568 877867 236757 561859 931504 581178 280759 ,63446 67752 73265 77872 80216 81234 81936 82021 82078 83135 ,251735 332823 240373 877867 236757 561859 931504 581178 280759 451310 ,63446 67752 73265 80216 81234 81936 82021 82078 83135 83446 
711049 224356 392491 731603 441823 85750 991325 543698 170205 266112 ,64917 70456 76983 78120 79202 80503 81390 81831 81866 83044 ,711049 224356 392491 731603 441823 85750 991325 543698 170205 266112 ,64917 70456 76983 78120 79202 80503 81390 81831 81866 83044 
55552 250890 659900 473685 660973 211529 655631 924612 696488 291492 ,31676 36583 39007 40547 41042 41882 42999 44865 46840 47230 ,55552 250890 659900 473685 660973 211529 655631 924612 696488 291492 ,31676 36583 39007 40547 41042 41882 42999 44865 46840 47230 
190455 479907 91206 706980 342469 421673 153028 408600 466433 812535 ,42282 59602 60557 62862 63629 64250 64425 64738 65182 65183 ,190455 479907 706980 342469 421673 153028 408600 466433 812535 861316 ,42282 59602 62862 63629 64250 64425 64738 65182 65183 66280 
809156 465856 174139 682550 356333 692307 289288 967343 352519 720863 ,156027 156963 158319 158593 159726 160353 161707 163876 165482 165879 ,809156 465856 174139 682550 356333 692307 289288 967343 352519 720863 ,156027 156963 158319 158593 159726 160353 161707 163876 165482 165879 
133870 865608 317169 147082 138386 355767 119600 370781 623972 827919 ,54567 64035 66968 70140 71637 71667 72306 72407 73490 73662 ,133870 865608 317169 147082 355767 119600 370781 623972 827919 697225 ,54567 64035 66968 70140 71667 72306 72407 73490 73662 74945 
843439 94987 895456 665684 899147 722182 849913 659341 60001 95720 ,66772 70586 70872 71257 72760 72834 73224 73504 73583 74255 ,843439 94987 895456 665684 722182 659341 60001 95720 661767 664663 ,66772 70586 70872 71257 72834 73504 73583 74255 74896 75116 
182611 309024 65269 394787 812761 203633 267911 811970 851460 81481 ,53516 56045 60017 61063 62329 64110 64110 65516 66027 68323 ,309024 394787 851460 81481 315349 531498 14714 695241 594940 169152 ,56045 61063 66027 68323 71156 71306 71730 72512 74356 74955 
607508 431577 797667 89536 156343 438035 123826 203449 463724 723253 ,90899 91672 92534 92810 96073 96405 99040 101051 101157 101345 ,607508 431577 797667 89536 156343 438035 123826 203449 723253 20707 ,90899 91672 92534 92810 96073 96405 99040 101051 101345 101639 
769474 115292 547889 493317 322329 517340 181255 379185 623888 92474 ,44206 45599 51272 51473 51517 52753 52961 53738 54625 55383 ,769474 115292 547889 493317 322329 517340 181255 379185 623888 92474 ,44206 45599 51272 51473 51517 52753 52961 53738 54625 55383 
200240 319473 238219 783861 947808 197278 956298 487362 941748 15636 ,95252 95275 95397 97877 102153 103050 103113 103964 104655 104981 ,200240 319473 238219 783861 947808 197278 956298 487362 941748 15636 ,95252 95275 95397 97877 102153 103050 103113 103964 104655 104981 
479856 479577 224512 781360 224401 739121 955998 224305 744964 449369 ,25722 30277 32318 32782 33789 34031 34211 34709 35581 35720 ,739121 224305 744964 102132 60420 449278 541483 270986 60051 704995 ,34031 34709 35581 36758 37247 39224 40614 42027 43146 43342 
864535 784214 307389 402381 460344 878308 689280 369832 962254 689518 ,79828 88988 90289 90813 91347 91952 94548 96479 97156 98854 ,864535 784214 307389 402381 460344 878308 689280 369832 962254 689518 ,79828 88988 90289 90813 91347 91952 94548 96479 97156 98854 
183844 223806 753455 957477 929102 36141 11368 923791 840297 380718 ,50070 54868 59048 60146 61644 63173 63275 64376 65485 65728 ,183844 223806 753455 957477 929102 36141 11368 923791 840297 380718 ,50070 54868 59048 60146 61644 63173 63275 64376 65485 65728 
487720 705268 75047 857495 600726 76968 88900 859361 748035 723786 ,30650 33520 33695 34313 38877 38913 40349 40812 41221 41252 ,487720 705268 75047 857495 600726 76968 88900 859361 748035 723786 ,30650 33520 33695 34313 38877 38913 40349 40812 41221 41252 
117495 511414 519482 271505 71493 602996 203594 111873 689938 495030 ,45117 45224 49408 52828 54357 55431 56214 56458 56701 57039 ,117495 511414 519482 271505 71493 602996 203594 111873 689938 495030 ,45117 45224 49408 52828 54357 55431 56214 56458 56701 57039 
924832 3441 924708 857601 720238 811488 846667 892820 354343 340452 ,43947 44347 45918 53256 53780 53832 54315 54619 55492 58332 ,924832 3441 924708 857601 720238 811488 846667 892820 340452 564190 ,43947 44347 45918 53256 53780 53832 54315 54619 58332 59344 
152839 480674 65434 498278 80424 51704 702614 950110 13681 266417 ,86089 89380 92263 97267 97758 98174 98271 101400 103299 105738 ,152839 480674 65434 498278 80424 51704 702614 950110 13681 266417 ,86089 89380 92263 97267 97758 98174 98271 101400 103299 105738 
512866 294290 293086 293065 178865 174401 475267 554890 469102 299040 ,42339 44490 44686 47640 47651 48926 48980 50115 50330 51081 ,512866 294290 293086 174401 475267 554890 469102 299040 327646 690054 ,42339 44490 44686 48926 48980 50115 50330 51081 51441 51496 
169035 169314 798565 260010 168863 680182 396681 257967 14409 393490 ,27436 35713 57563 58252 62053 63815 65548 65861 66678 67306 ,798565 680182 287390 550660 271651 432272 786992 565812 369150 197567 ,57563 63815 67447 68070 68267 69388 70688 71799 72072 72483 
525629 927814 106928 429429 278915 430830 834484 485895 176633 965017 ,51898 53478 55317 56080 56296 57197 57862 59592 59806 60210 ,525629 927814 106928 429429 278915 430830 834484 485895 176633 965017 ,51898 53478 55317 56080 56296 57197 57862 59592 59806 60210 
618950 703478 348905 618543 923727 533175 982048 250169 436019 728962 ,66256 66555 66601 67180 69341 70765 71512 71552 72988 73443 ,618950 703478 348905 618543 923727 533175 982048 250169 436019 728962 ,66256 66555 66601 67180 69341 70765 71512 71552 72988 73443 
441063 587607 680755 953414 521 372632 5871 453740 566142 129288 ,63629 78222 82216 82963 84846 85477 87046 90299 91297 91426 ,441063 587607 680755 953414 521 372632 5871 453740 566142 129288 ,63629 78222 82216 82963 84846 85477 87046 90299 91297 91426 
911589 842597 943208 207108 563985 911230 916320 871054 842465 708740 ,40758 41254 42623 43411 43941 44363 45038 45986 46121 46254 ,911589 842597 943208 207108 563985 911230 916320 871054 842465 708740 ,40758 41254 42623 43411 43941 44363 45038 45986 46121 46254 
173207 854154 836763 854364 70404 721582 947170 13410 13470 462950 ,11538 72430 73948 75277 75352 76305 76872 77870 80398 80821 ,173207 854154 836763 70404 721582 947170 13410 13470 462950 439178 ,11538 72430 73948 75352 76305 76872 77870 80398 80821 81402 
564917 772635 730020 916168 509465 224134 514850 588725 247825 103473 ,55378 66151 66619 70375 70535 70789 72767 73691 76355 76606 ,564917 772635 730020 916168 509465 224134 514850 588725 247825 103473 ,55378 66151 66619 70375 70535 70789 72767 73691 76355 76606 
169534 115156 704629 188253 201612 229718 550479 36958 539611 381809 ,25499 53703 59231 59254 61157 62389 62638 63222 63228 64445 ,169534 115156 704629 188253 201612 229718 550479 36958 539611 381809 ,25499 53703 59231 59254 61157 62389 62638 63222 63228 64445 
842974 853580 122866 492632 273077 518554 688242 877440 918852 625167 ,48671 49246 50386 50995 52172 52692 53628 53951 54246 54247 ,842974 853580 122866 273077 518554 877440 918852 625167 751147 887675 ,48671 49246 50386 52172 52692 53951 54246 54247 54402 55095 
336324 846469 283408 35108 868173 504360 194449 983805 114448 586515 ,76362 82332 82394 82692 83372 84174 85955 86990 88399 89038 ,336324 846469 283408 35108 868173 504360 194449 983805 114448 586515 ,76362 82332 82394 82692 83372 84174 85955 86990 88399 89038 
660194 297636 238219 795295 22819 911607 706271 821770 805574 343930 ,89370 120040 121713 128777 130444 135783 141065 141925 142389 142948 ,660194 297636 238219 795295 22819 911607 706271 821770 805574 343930 ,89370 120040 121713 128777 130444 135783 141065 141925 142389 142948 
174579 205457 564819 899076 71883 565155 618056 727931 255927 264262 ,71482 71512 78741 80088 80182 82494 87854 88052 88100 88459 ,174579 205457 564819 899076 71883 565155 618056 727931 255927 264262 ,71482 71512 78741 80088 80182 82494 87854 88052 88100 88459 
964869 696453 422179 941940 250875 168455 539282 131166 659588 823537 ,41731 45714 47051 47202 47771 48102 51392 51481 51572 52325 ,696453 250875 823537 514966 481126 184019 512210 699010 830555 517202 ,45714 47771 52325 53580 53893 56594 56662 57994 58404 58593 
663138 2145 72837 74983 22189 146582 14764 729133 336520 398135 ,53222 64766 65908 67082 67439 67484 68553 68580 68610 69231 ,663138 2145 72837 74983 22189 146582 14764 729133 336520 398135 ,53222 64766 65908 67082 67439 67484 68553 68580 68610 69231 
938357 182603 206301 555038 988260 555115 996296 598933 899745 741461 ,48627 51617 53692 54387 54971 55061 56126 56668 56678 56843 ,938357 182603 206301 555038 988260 555115 598933 899745 741461 869196 ,48627 51617 53692 54387 54971 55061 56668 56678 56843 57193 
983465 533177 261198 550746 926768 806685 519716 124104 62374 659965 ,71845 71977 75187 78299 79505 79613 79948 80564 80893 80971 ,983465 533177 261198 550746 806685 519716 124104 62374 659965 633030 ,71845 71977 75187 78299 79613 79948 80564 80893 80971 81003 
910576 748871 260193 116471 92477 396826 24345 499909 242980 593956 ,49862 50214 51134 52094 53599 54041 54332 54472 54552 55301 ,910576 748871 116471 92477 24345 499909 242980 593956 9713 107100 ,49862 50214 52094 53599 54332 54472 54552 55301 55310 55878 
312814 371395 936633 789975 491460 952545 14005 803908 15260 486373 ,89017 91224 93552 99453 100367 101353 101397 105100 110135 111283 ,312814 371395 936633 789975 491460 952545 14005 803908 15260 486373 ,89017 91224 93552 99453 100367 101353 101397 105100 110135 111283 
979794 863287 473499 706648 338151 210231 699598 152489 974320 304695 ,81587 81947 85944 87827 91573 92285 95563 96688 98393 99205 ,979794 863287 473499 706648 338151 210231 699598 152489 974320 304695 ,81587 81947 85944 87827 91573 92285 95563 96688 98393 99205 
711661 822657 62 513189 174015 435843 663389 534477 292631 214551 ,40247 47094 50156 52001 52338 53489 54606 55060 57747 58045 ,711661 822657 62 513189 174015 435843 663389 534477 292631 214551 ,40247 47094 50156 52001 52338 53489 54606 55060 57747 58045 
158150 149271 256669 481316 207796 185832 713144 94943 157871 706499 ,63667 68372 74117 74325 78094 78768 78947 79167 80028 80165 ,158150 149271 481316 207796 185832 713144 94943 157871 706499 210071 ,63667 68372 74325 78094 78768 78947 79167 80028 80165 80470 
180658 584408 448779 208461 349402 424451 682459 615563 137896 923524 ,53134 53618 54490 56073 58349 58395 58525 59070 60759 60888 ,584408 448779 208461 349402 424451 682459 615563 137896 923524 990179 ,53618 54490 56073 58349 58395 58525 59070 60759 60888 60913 
638755 114233 374675 905902 241954 235292 164755 172845 198718 921466 ,39378 50684 51467 63336 70171 71842 72643 72809 73049 73667 ,638755 114233 374675 905902 241954 235292 164755 172845 198718 921466 ,39378 50684 51467 63336 70171 71842 72643 72809 73049 73667 
13674 200630 684238 71307 202537 912604 505893 841167 170217 637408 ,47027 49888 52865 52943 53647 54181 56574 56791 57078 57706 ,13674 200630 684238 71307 202537 912604 505893 841167 170217 637408 ,47027 49888 52865 52943 53647 54181 56574 56791 57078 57706 
8047 122094 920600 30574 80140 278936 518293 559555 694204 516549 ,26107 30648 31979 33275 33951 34349 36821 37217 37570 38325 ,8047 122094 920600 30574 80140 278936 518293 560726 911598 90692 ,26107 30648 31979 33275 33951 34349 36821 39298 39955 40038 
420081 931031 784787 351913 351043 242565 495229 465483 778081 420270 ,41285 42285 48752 50265 54299 56047 60951 62594 64368 65174 ,420081 931031 784787 351913 351043 242565 495229 465483 778081 420270 ,41285 42285 48752 50265 54299 56047 60951 62594 64368 65174 
174955 214361 588756 465459 525235 511093 544953 547016 151468 816185 ,37844 39967 41306 41501 41796 42557 42754 43891 44359 44995 ,174955 214361 588756 465459 525235 511093 544953 547016 151468 816185 ,37844 39967 41306 41501 41796 42557 42754 43891 44359 44995 
605367 256599 272484 730036 965555 548346 281710 149965 727632 458282 ,65568 75459 76176 78354 78951 79555 80110 80358 80680 81317 ,605367 256599 272484 730036 965555 548346 281710 149965 727632 458282 ,65568 75459 76176 78354 78951 79555 80110 80358 80680 81317 
8851 174633 548497 439325 8549 342659 534570 242288 925821 151352 ,34075 36109 38158 41201 41769 42451 43337 43362 43626 43645 ,8851 174633 548497 8549 342659 534570 242288 925821 151352 803822 ,34075 36109 38158 41769 42451 43337 43362 43626 43645 43971 
29963 615388 815262 571819 151445 815392 305187 108248 293009 995532 ,33882 36486 37256 38148 38165 39629 39754 40356 40531 40958 ,615388 815262 571819 151445 815392 305187 108248 293009 995532 94348 ,36486 37256 38148 38165 39629 39754 40356 40531 40958 41193 
532645 384673 525333 480425 472380 503783 698561 496904 158481 526463 ,43193 44511 45274 45551 45860 46181 46949 47386 48082 48134 ,532645 384673 525333 480425 472380 496904 158481 526463 432347 662730 ,43193 44511 45274 45551 45860 47386 48082 48134 48377 49770 
126493 566262 677812 92207 379459 404705 518085 470072 63341 823922 ,52242 55665 62849 68230 70027 70089 71566 72041 72885 73621 ,126493 566262 677812 92207 379459 404705 518085 470072 63341 823922 ,52242 55665 62849 68230 70027 70089 71566 72041 72885 73621 
422671 422548 326294 70287 923814 794996 305971 515067 232413 851352 ,31230 36464 37425 39268 40533 40550 41288 42175 43216 43681 ,422671 422548 326294 70287 923814 794996 305971 515067 232413 851352 ,31230 36464 37425 39268 40533 40550 41288 42175 43216 43681 
80761 151192 633908 95342 348341 494856 210722 566296 471371 5086 ,24808 25383 26006 27026 27066 27286 27739 27947 28022 28049 ,151192 633908 95342 348341 494856 210722 566296 471371 5086 709115 ,25383 26006 27026 27066 27286 27739 27947 28022 28049 28152 
175284 177758 30204 799399 321835 719261 973869 496884 95861 23726 ,26040 51738 52674 53427 55204 56201 57218 58409 59488 59752 ,175284 177758 30204 799399 321835 719261 973869 496884 95861 389817 ,26040 51738 52674 53427 55204 56201 57218 58409 59488 60326 
515688 357437 853097 802998 267653 32529 323544 722681 108075 935033 ,59426 71322 71661 75280 75738 77520 78223 78427 79881 80382 ,357437 267653 32529 323544 722681 935033 635588 513077 577344 746397 ,71322 75738 77520 78223 78427 80382 80561 81525 82995 83070 
578830 9254 456879 107076 913881 340339 600809 521039 47413 25237 ,52216 60280 62391 71559 72076 72152 76306 78037 78505 79142 ,578830 107076 913881 340339 600809 521039 47413 25237 913514 910387 ,52216 71559 72076 72152 76306 78037 78505 79142 79282 79319 
354259 968482 175522 516530 31884 138837 174844 518529 132275 368696 ,53714 54187 55749 55833 56250 58187 59277 59367 60034 60121 ,354259 968482 175522 516530 31884 138837 174844 518529 132275 368696 ,53714 54187 55749 55833 56250 58187 59277 59367 60034 60121 
951859 72333 635111 693961 723496 429871 747009 569969 356868 450632 ,32486 33052 34181 34620 34759 35006 35022 35135 35768 35938 ,951859 72333 635111 693961 723496 429871 747009 569969 356868 450632 ,32486 33052 34181 34620 34759 35006 35022 35135 35768 35938 
910796 583802 703067 906218 941368 941116 181060 252516 907272 555360 ,44959 47144 47461 48115 48710 49542 49656 49842 49892 50565 ,703067 906218 181060 252516 583686 193092 950029 906712 905521 68653 ,47461 48115 49656 49842 51101 54581 54934 55512 55557 55892 
995156 995082 996223 995826 397547 996796 995267 401687 773915 838074 ,30792 37082 37351 38192 38483 38707 39818 41276 41372 42580 ,995267 709220 444389 373766 969467 610808 613619 582749 445230 443779 ,39818 44219 44497 46994 47548 48321 48544 48740 49191 49362 
48575 467026 849047 730507 326634 803547 574867 170591 887487 703421 ,76179 89022 92658 93091 96547 96647 97818 98083 98866 98868 ,48575 467026 849047 730507 326634 803547 574867 170591 887487 703421 ,76179 89022 92658 93091 96547 96647 97818 98083 98866 98868 
501951 691053 294424 813037 219211 874131 324413 292948 285873 826903 ,65952 66587 68963 69917 70822 71485 72218 73703 73798 74396 ,501951 691053 294424 813037 219211 874131 324413 292948 285873 826903 ,65952 66587 68963 69917 70822 71485 72218 73703 73798 74396 
89259 529245 780780 528890 235893 665706 177715 84526 883612 431506 ,48247 49222 50479 50907 50944 52962 53299 53305 53407 53626 ,89259 529245 528890 235893 665706 177715 84526 883612 431506 727971 ,48247 49222 50907 50944 52962 53299 53305 53407 53626 53914 
357567 308375 503686 685831 361834 446894 190907 686102 343413 877555 ,26272 31932 36454 40535 41366 41436 42017 42072 42264 42944 ,357567 308375 503686 685831 361834 446894 190907 686102 343413 877555 ,26272 31932 36454 40535 41366 41436 42017 42072 42264 42944 
16280 59310 526815 367240 963797 965792 199876 933553 188942 23571 ,54176 55178 55348 55807 56146 57755 58031 60380 60970 63300 ,59310 526815 367240 963797 965792 199876 933553 188942 23571 990863 ,55178 55348 55807 56146 57755 58031 60380 60970 63300 64254 
575564 695043 934300 902891 126970 55476 105526 774637 279354 681245 ,63205 64804 66891 73233 73859 74844 77366 77475 78034 79038 ,575564 695043 934300 902891 126970 55476 105526 774637 279354 681245 ,63205 64804 66891 73233 73859 74844 77366 77475 78034 79038 
49008 660109 314993 455309 802944 473018 410914 252670 995845 33657 ,56973 65624 65755 73276 73536 74935 75358 75984 76439 76618 ,49008 660109 314993 455309 802944 473018 252670 995845 222901 100968 ,56973 65624 65755 73276 73536 74935 75984 76439 77619 78251 
174081 278048 64706 503517 749804 176924 792108 734581 636580 481201 ,66944 68907 74781 74945 77087 77441 78351 78900 79506 79924 ,174081 278048 64706 503517 749804 176924 792108 734581 636580 481201 ,66944 68907 74781 74945 77087 77441 78351 78900 79506 79924 
760816 62053 359515 448816 776738 795839 842271 485338 63656 249681 ,87197 102255 112343 116836 117522 125471 125650 127873 134017 137103 ,760816 62053 359515 448816 776738 795839 842271 485338 63656 249681 ,87197 102255 112343 116836 117522 125471 125650 127873 134017 137103 
175707 822242 685104 210238 788372 746565 122302 753344 376802 218204 ,64369 65259 68122 69014 69908 70920 72595 74561 74680 74768 ,175707 822242 685104 210238 788372 746565 122302 753344 376802 218204 ,64369 65259 68122 69014 69908 70920 72595 74561 74680 74768 
614954 42556 422552 9707 351 169903 780349 416683 723168 379551 ,43668 44563 44941 49167 49306 49375 50820 50851 50943 51018 ,614954 42556 422552 9707 351 169903 780349 416683 723168 379551 ,43668 44563 44941 49167 49306 49375 50820 50851 50943 51018 
107882 690489 669382 124415 30567 143781 732417 748328 73888 688513 ,58240 65398 72058 72839 72972 73455 73980 74079 74930 76109 ,107882 690489 669382 124415 30567 143781 732417 748328 73888 688513 ,58240 65398 72058 72839 72972 73455 73980 74079 74930 76109 
860871 682701 880728 432133 198271 701082 193544 346339 699533 592115 ,54344 62457 65440 66143 66839 68554 68654 68720 69865 70868 ,860871 682701 880728 432133 198271 701082 193544 346339 699533 592115 ,54344 62457 65440 66143 66839 68554 68654 68720 69865 70868 
703844 670445 179104 690565 340335 176004 993920 519439 417004 104803 ,31934 35118 36820 40822 40956 41125 43551 44744 44924 45589 ,703844 670445 179104 690565 340335 176004 993920 519439 417004 104803 ,31934 35118 36820 40822 40956 41125 43551 44744 44924 45589 
180198 636047 310687 74216 66519 392861 194804 396347 170566 869684 ,69112 70182 73566 73843 76422 78838 80561 81181 82031 82423 ,180198 636047 310687 74216 66519 392861 194804 396347 170566 869684 ,69112 70182 73566 73843 76422 78838 80561 81181 82031 82423 
918397 402872 797777 284128 239063 131809 594874 65382 483336 59673 ,44946 54388 55747 56423 58811 58921 59443 59706 60461 60470 ,918397 402872 797777 284128 239063 131809 594874 65382 483336 59673 ,44946 54388 55747 56423 58811 58921 59443 59706 60461 60470 
828383 390535 831850 378809 618617 281679 672987 902140 678504 231344 ,50271 58221 59674 60659 60748 60987 61547 62975 63162 63179 ,828383 390535 831850 378809 618617 281679 672987 902140 678504 231344 ,50271 58221 59674 60659 60748 60987 61547 62975 63162 63179 
448352 417005 79719 903058 473063 997709 364803 169585 806466 454200 ,40697 46386 53229 56731 58543 61291 61755 62164 62511 63120 ,448352 417005 79719 903058 473063 997709 364803 169585 806466 454200 ,40697 46386 53229 56731 58543 61291 61755 62164 62511 63120 
360261 336580 470268 333851 774528 457716 924680 41823 335856 210302 ,48582 52428 58890 59467 59827 60169 62503 63115 63582 63761 ,360261 336580 470268 333851 774528 457716 924680 41823 335856 210302 ,48582 52428 58890 59467 59827 60169 62503 63115 63582 63761 
252387 334777 669007 249779 267810 764908 466299 87960 297145 48293 ,61748 63554 69172 69251 70327 71321 72142 72219 73287 73435 ,252387 334777 669007 249779 267810 764908 466299 87960 297145 48293 ,61748 63554 69172 69251 70327 71321 72142 72219 73287 73435 
15872 595434 958218 991160 677494 882130 586263 868725 774648 36270 ,57360 65364 69041 69747 70675 74993 75033 75071 75130 75411 ,15872 595434 958218 677494 882130 586263 868725 774648 330154 236734 ,57360 65364 69041 70675 74993 75033 75071 75130 76307 76342 
235229 383899 64555 807271 432195 542064 465794 567244 927243 382774 ,72935 76012 76970 78419 80017 80797 81733 85731 87314 88376 ,235229 383899 64555 807271 432195 542064 465794 567244 927243 382774 ,72935 76012 76970 78419 80017 80797 81733 85731 87314 88376 
327772 417204 431885 565115 605536 484109 748732 698520 850680 61093 ,55820 62355 62448 62824 64149 65214 67803 68359 68541 69213 ,327772 431885 565115 605536 484109 748732 698520 850680 61093 259812 ,55820 62448 62824 64149 65214 67803 68359 68541 69213 69403 
395622 996213 726323 873753 997407 991584 1550 680275 607753 432423 ,86245 87326 88605 90215 91717 96036 96113 101812 103110 105575 ,395622 996213 726323 873753 997407 991584 1550 680275 607753 432423 ,86245 87326 88605 90215 91717 96036 96113 101812 103110 105575 
439740 204351 268629 547868 441155 980123 552165 519851 381366 298982 ,42207 44222 44222 48938 51408 53260 53734 54252 54263 55222 ,439740 268629 204351 547868 980123 552165 519851 381366 298982 28645 ,42207 44222 44222 48938 53260 53734 54252 54263 55222 55453 
180287 459816 394871 431965 789357 98463 731306 636138 347875 636395 ,74374 75249 78622 79033 84364 88065 88363 88503 88769 89248 ,180287 459816 394871 431965 789357 98463 731306 636138 347875 636395 ,74374 75249 78622 79033 84364 88065 88363 88503 88769 89248 
765849 826805 603017 512522 117177 917596 835552 672558 887156 894417 ,21831 27942 30105 32109 32242 32568 32940 33582 34355 34540 ,765849 826805 603017 512522 917596 835552 672558 887156 894417 648803 ,21831 27942 30105 32109 32568 32940 33582 34355 34540 34637 
840579 93760 841149 691638 686618 506875 15304 597916 432781 550366 ,51494 53040 60590 60617 61546 62073 62141 63588 63594 64218 ,840579 841149 691638 432781 65555 205139 269417 597459 489352 988079 ,51494 60590 60617 63594 65120 65402 65402 65849 66161 66266 
487413 723373 151520 262476 105109 723506 122243 663351 699300 816012 ,24449 26607 27918 28532 28907 29920 29982 30791 30995 31362 ,487413 723373 151520 262476 105109 723506 122243 663351 816012 658888 ,24449 26607 27918 28532 28907 29920 29982 30791 31362 31934 
294919 341274 242753 977572 307570 988197 772710 806980 836712 365232 ,58952 59895 65496 66539 67509 67829 69865 70820 71690 72112 ,294919 341274 242753 977572 307570 988197 772710 806980 836712 365232 ,58952 59895 65496 66539 67509 67829 69865 70820 71690 72112 
525314 294346 295283 94374 369321 55856 438593 363372 659602 90943 ,18914 22262 22782 23855 28131 28400 30960 31552 32319 32877 ,525314 294346 295283 94374 369321 55856 438593 363372 659602 90943 ,18914 22262 22782 23855 28131 28400 30960 31552 32319 32877 
175707 933176 179745 93311 751771 200632 704371 271068 368071 704278 ,86297 86843 93320 94956 96091 100519 101290 101783 102326 105670 ,175707 933176 179745 93311 751771 200632 704371 271068 368071 704278 ,86297 86843 93320 94956 96091 100519 101290 101783 102326 105670 
414731 267480 535453 765135 756048 789923 10492 856292 858 907933 ,34409 34461 38943 39311 40394 40436 41238 41677 41848 42186 ,414731 267480 535453 765135 756048 789923 10492 856292 858 907933 ,34409 34461 38943 39311 40394 40436 41238 41677 41848 42186 
291327 678208 391625 411068 158282 267618 525005 123892 861138 415453 ,63024 66880 72687 73296 74472 77669 78113 78259 80396 82141 ,291327 678208 391625 411068 158282 267618 525005 123892 861138 415453 ,63024 66880 72687 73296 74472 77669 78113 78259 80396 82141 
874209 475622 889501 379633 947348 489569 49932 35226 274335 162756 ,46849 59892 61050 61079 61306 61446 61677 62148 62228 62462 ,874209 475622 379633 947348 489569 49932 35226 274335 162756 274541 ,46849 59892 61079 61306 61446 61677 62148 62228 62462 62828 
508563 70080 409841 231601 994000 385064 631589 584623 936973 373177 ,58480 73979 83647 83962 84920 90443 92903 95654 97831 99805 ,508563 70080 409841 231601 994000 385064 631589 584623 936973 373177 ,58480 73979 83647 83962 84920 90443 92903 95654 97831 99805 
563799 513351 490170 34851 74084 970183 15972 831568 499933 691500 ,62204 66373 69425 75698 75771 76582 76811 77107 78126 78726 ,563799 513351 490170 34851 74084 15972 499933 691500 805569 393275 ,62204 66373 69425 75698 75771 76811 78126 78726 78857 79129 
361811 925494 498059 234553 148271 95267 706918 170011 197223 262070 ,71298 73243 74484 76412 80278 81836 83765 84373 84633 84982 ,361811 925494 498059 234553 148271 95267 706918 170011 197223 262070 ,71298 73243 74484 76412 80278 81836 83765 84373 84633 84982 
723318 122647 503409 282581 843953 459267 88330 720388 711775 463415 ,98804 103025 107012 108463 111491 117844 120848 122386 122604 125854 ,723318 122647 503409 282581 843953 459267 88330 720388 711775 463415 ,98804 103025 107012 108463 111491 117844 120848 122386 122604 125854 
403849 710969 542831 797651 719746 618647 524572 18842 326604 795684 ,118296 121743 126399 129369 139258 140611 141611 142944 144845 145736 ,403849 710969 542831 797651 719746 618647 524572 18842 326604 795684 ,118296 121743 126399 129369 139258 140611 141611 142944 144845 145736 
502894 347152 302038 142947 373058 982877 348520 407276 933684 206912 ,67659 74939 75186 81503 82061 84300 84856 87629 88637 88907 ,502894 347152 302038 142947 373058 982877 348520 407276 933684 206912 ,67659 74939 75186 81503 82061 84300 84856 87629 88637 88907 
988796 907550 624073 441276 787104 365391 122236 740357 707444 694677 ,70942 74394 75489 80446 80944 81978 84867 85006 86232 86407 ,988796 907550 624073 441276 787104 365391 122236 740357 707444 694677 ,70942 74394 75489 80446 80944 81978 84867 85006 86232 86407 
180035 64941 79037 131082 574860 180053 303391 81702 832949 247415 ,34870 37254 38689 39562 41276 41544 41591 41702 43502 43612 ,180035 64941 79037 131082 574860 180053 303391 81702 832949 247415 ,34870 37254 38689 39562 41276 41544 41591 41702 43502 43612 
517070 142463 860156 749395 171341 509656 338817 74710 179090 948407 ,94265 99854 102984 103127 104146 107031 107140 109429 109476 109952 ,517070 142463 860156 749395 171341 509656 338817 74710 179090 948407 ,94265 99854 102984 103127 104146 107031 107140 109429 109476 109952 
38513 674404 886607 769280 374202 97878 545909 42632 821774 226498 ,51970 53756 54055 55656 57342 58015 58638 59694 60073 61001 ,38513 674404 886607 769280 374202 97878 545909 42632 821774 226498 ,51970 53756 54055 55656 57342 58015 58638 59694 60073 61001 
476269 39441 478204 38456 51046 604421 476148 779642 218486 476254 ,4946 5420 6097 6133 6182 6203 6319 7033 7072 7080 ,476269 39441 478204 38456 51046 604421 476148 779642 218486 476254 ,4946 5420 6097 6133 6182 6203 6319 7033 7072 7080 
168495 524369 988723 729 400707 131226 840205 499751 35940 108302 ,94725 97202 97824 100327 100544 100756 104571 105078 105856 105921 ,168495 524369 988723 729 400707 131226 840205 499751 35940 108302 ,94725 97202 97824 100327 100544 100756 104571 105078 105856 105921 
282871 766933 627042 772433 877708 823307 450159 988106 454177 169221 ,47588 59731 60814 61152 62285 63091 63901 64051 64088 64188 ,282871 766933 627042 772433 877708 823307 450159 988106 454177 169221 ,47588 59731 60814 61152 62285 63091 63901 64051 64088 64188 
977304 77505 63268 153329 481844 525009 935944 426874 106937 461413 ,105131 110552 117388 118051 119467 120558 122376 122494 123402 125030 ,977304 77505 63268 153329 481844 525009 935944 426874 106937 461413 ,105131 110552 117388 118051 119467 120558 122376 122494 123402 125030 
300824 89893 525420 806086 124666 815512 522623 94679 153331 523733 ,21700 25177 25910 27205 28393 28545 29192 29618 29902 30054 ,300824 525420 806086 815512 522623 153331 523733 312407 95977 615807 ,21700 25910 27205 28545 29192 29902 30054 30310 30330 30564 
578348 203004 625045 828380 378575 165241 797174 705284 1321 22982 ,68686 69082 71764 72105 73211 73404 74909 75750 75752 77882 ,578348 203004 625045 828380 378575 165241 797174 705284 1321 22982 ,68686 69082 71764 72105 73211 73404 74909 75750 75752 77882 
682921 929667 895016 926501 202387 266665 845098 929694 223988 495212 ,44835 45438 45819 46539 47682 47682 49051 49963 50012 50189 ,682921 929667 895016 926501 266665 202387 845098 929694 495212 181952 ,44835 45438 45819 46539 47682 47682 49051 49963 50189 51106 
487835 126304 27972 805658 582519 30553 155712 823135 173663 965942 ,77596 85456 90613 91640 91702 95254 95521 100765 100900 102195 ,487835 126304 27972 805658 582519 30553 155712 823135 173663 965942 ,77596 85456 90613 91640 91702 95254 95521 100765 100900 102195 
206042 270320 189023 845029 612652 390854 550417 551241 380488 949852 ,64631 64631 68946 69142 73272 73557 74473 74647 75290 75996 ,206042 189023 845029 612652 390854 551241 380488 949852 165854 730756 ,64631 68946 69142 73272 73557 74647 75290 75996 76169 76511 
397232 192699 828961 747145 344617 757355 704554 302466 548637 304550 ,65960 71775 74628 77504 77554 78047 78169 79295 79574 79715 ,192699 747145 314492 299846 440353 173696 400867 573437 860363 622799 ,71775 77504 79948 80428 81278 81339 81348 81899 82372 82898 
606621 935724 771231 393065 796969 620709 941614 13839 766776 523232 ,92190 95149 95680 105119 108345 109243 111032 111375 111501 111957 ,606621 935724 771231 393065 796969 620709 941614 13839 766776 523232 ,92190 95149 95680 105119 108345 109243 111032 111375 111501 111957 
946298 943120 170951 394912 366575 484429 622390 923454 203975 268253 ,74480 76023 76175 76517 77711 83198 83770 84803 85228 85228 ,670927 320584 721044 44143 27393 162084 828552 539199 952408 725792 ,99976 102797 103935 104226 104252 104834 105769 105910 105935 106613 
416964 925779 911147 695749 984625 889279 832223 940928 844812 560871 ,50074 51551 52163 54329 54968 55964 56173 56185 56902 57961 ,416964 925779 911147 695749 984625 889279 832223 940928 844812 560871 ,50074 51551 52163 54329 54968 55964 56173 56185 56902 57961 
132725 218987 90199 411060 719615 404406 809237 121214 449918 411052 ,61780 69658 83423 83611 85717 94150 95135 96792 96914 97723 ,132725 218987 90199 411060 719615 404406 809237 121214 449918 411052 ,61780 69658 83423 83611 85717 94150 95135 96792 96914 97723 
709311 215652 977951 970076 929517 953315 945586 942049 280042 748732 ,41648 45642 49128 50330 51411 52712 53442 53716 54333 54874 ,709311 215652 977951 970076 929517 953315 945586 942049 280042 748732 ,41648 45642 49128 50330 51411 52712 53442 53716 54333 54874 
607948 59200 233083 914084 770471 607335 906429 168393 568856 754026 ,29028 29427 30507 30949 31261 32009 32738 32749 32881 33206 ,607948 59200 233083 914084 770471 607335 906429 168393 568856 754026 ,29028 29427 30507 30949 31261 32009 32738 32749 32881 33206 
811664 483857 572898 20865 573045 771291 908678 261465 725058 965337 ,62367 64920 66154 66692 67429 68754 70666 71611 72412 72698 ,811664 483857 572898 20865 573045 771291 908678 261465 725058 965337 ,62367 64920 66154 66692 67429 68754 70666 71611 72412 72698 
531451 679524 279769 258738 822642 680310 215141 745920 731004 169572 ,67036 68852 69895 76098 76606 77846 78849 79517 80048 80255 ,531451 679524 258738 822642 680310 215141 745920 731004 169572 318227 ,67036 68852 76098 76606 77846 78849 79517 80048 80255 80381 
728225 803036 753968 380816 183816 592388 244504 15921 796950 670089 ,94930 101185 103797 106373 108720 109760 111166 112231 112461 112843 ,728225 803036 753968 380816 183816 592388 244504 15921 796950 670089 ,94930 101185 103797 106373 108720 109760 111166 112231 112461 112843 
347349 604588 585746 79689 30051 271548 499518 616321 888349 21289 ,106807 108526 109384 120446 121969 129946 133352 133963 134974 136507 ,347349 604588 585746 79689 30051 271548 499518 616321 888349 21289 ,106807 108526 109384 120446 121969 129946 133352 133963 134974 136507 
647832 958136 979951 853793 846335 393291 3944 990962 989556 326022 ,65799 70921 71799 84283 85591 89380 89502 90311 90732 91175 ,647832 958136 979951 853793 846335 393291 3944 990962 989556 326022 ,65799 70921 71799 84283 85591 89380 89502 90311 90732 91175 
812543 604603 877990 410175 597117 542568 335495 197622 956142 862905 ,77438 86217 86596 86810 87141 87304 90514 90552 90863 93461 ,604603 877990 410175 597117 542568 335495 197622 956142 862905 927060 ,86217 86596 86810 87141 87304 90514 90552 90863 93461 94375 
596039 873837 140619 69299 389593 272330 730500 221159 71505 62124 ,62231 65612 68802 69079 75226 75904 77834 78866 79040 79571 ,596039 873837 140619 69299 389593 272330 730500 221159 71505 62124 ,62231 65612 68802 69079 75226 75904 77834 78866 79040 79571 
238593 507704 631701 132026 784510 583742 378523 72509 751813 331069 ,66541 75213 84775 97725 98033 99050 99548 100264 100358 101303 ,238593 507704 631701 132026 784510 583742 378523 72509 751813 331069 ,66541 75213 84775 97725 98033 99050 99548 100264 100358 101303 
504340 503342 65575 196024 494242 161720 492069 943425 629197 248864 ,50364 57770 60030 63707 64138 64712 64941 65000 65700 66238 ,504340 503342 65575 196024 494242 161720 492069 943425 629197 248864 ,50364 57770 60030 63707 64138 64712 64941 65000 65700 66238 
28662 540957 458483 541218 77991 280931 68609 78891 29121 16739 ,31083 31852 31991 32174 32656 32992 33000 33739 34080 34202 ,28662 458483 541218 77991 280931 68609 78891 29121 16739 106894 ,31083 31991 32174 32656 32992 33000 33739 34080 34202 34575 
549578 731797 608035 403968 92622 960621 377737 186738 576746 963956 ,100598 115528 117889 118236 121612 127064 129045 130347 130684 131508 ,549578 731797 608035 403968 92622 960621 377737 186738 576746 963956 ,100598 115528 117889 118236 121612 127064 129045 130347 130684 131508 
187513 641690 79662 418827 834895 318092 813748 344192 750972 303971 ,79173 83362 91724 93679 96374 97147 100499 100637 104214 105352 ,187513 641690 79662 418827 834895 318092 813748 344192 750972 303971 ,79173 83362 91724 93679 96374 97147 100499 100637 104214 105352 
79357 67945 778104 741787 10935 691402 309963 392841 170711 144143 ,73076 73805 76146 77407 80813 81469 82267 82494 82577 83208 ,778104 10935 691402 309963 170711 154626 500678 168458 390654 504478 ,76146 80813 81469 82267 82577 83335 83801 84102 84397 86728 
784582 816809 455870 398292 473019 576597 466607 459901 821165 530130 ,68851 72417 73258 74581 79033 80840 81530 81730 81759 82395 ,784582 816809 455870 398292 473019 576597 466607 459901 821165 530130 ,68851 72417 73258 74581 79033 80840 81530 81730 81759 82395 
851064 471168 526118 604693 951806 392646 830520 702236 931095 550217 ,64644 66894 83152 88871 93005 97991 99634 100287 100944 101883 ,851064 471168 526118 604693 951806 392646 830520 931095 550217 509105 ,64644 66894 83152 88871 93005 97991 99634 100944 101883 103790 
483701 498977 152612 380461 712167 422376 406429 479575 692537 9352 ,64445 64816 66186 68115 71746 72675 73173 73909 74399 77379 ,498977 152612 380461 712167 422376 406429 479575 692537 9352 46844 ,64816 66186 68115 71746 72675 73173 73909 74399 77379 77466 
845399 761423 705569 724352 390561 325759 323299 991256 974003 595882 ,54101 66732 68147 70974 73037 73065 76774 79553 79667 80208 ,845399 761423 705569 724352 390561 325759 323299 991256 974003 595882 ,54101 66732 68147 70974 73037 73065 76774 79553 79667 80208 
730249 630002 843423 966743 734784 15746 779453 204568 268846 648577 ,64195 69349 69440 70404 70955 71587 72607 72975 72975 73074 ,630002 734784 779453 268846 204568 648577 20479 730283 180896 598133 ,69349 70955 72607 72975 72975 73074 73160 73508 73837 74507 
370033 69454 871565 63319 612271 422509 342020 982363 685055 283358 ,36968 37298 41294 44398 46065 46576 46626 47676 47822 48115 ,370033 69454 871565 63319 612271 422509 342020 982363 685055 283358 ,36968 37298 41294 44398 46065 46576 46626 47676 47822 48115 
540684 525283 431236 664463 329330 172471 390009 2609 435702 503409 ,78227 78883 80508 85912 87948 89075 90969 91014 91215 92410 ,540684 525283 431236 664463 329330 172471 390009 2609 435702 503409 ,78227 78883 80508 85912 87948 89075 90969 91014 91215 92410 
76350 459571 75139 460257 566477 704058 216005 704202 301081 805129 ,41934 46880 47167 48623 51751 52253 52559 54155 54257 54590 ,76350 459571 75139 460257 566477 704058 216005 704202 301081 805129 ,41934 46880 47167 48623 51751 52253 52559 54155 54257 54590 
396495 756651 120612 185572 818094 442374 107535 69632 695989 44057 ,62661 67757 80665 84483 85148 85558 86358 86732 86998 87254 ,396495 756651 120612 818094 442374 107535 69632 695989 44057 545142 ,62661 67757 80665 85148 85558 86358 86732 86998 87254 88349 
154911 154506 188979 664152 338008 431637 313101 520219 80254 514174 ,59024 60227 60998 61258 61271 61272 61848 62055 62140 62750 ,154911 154506 188979 664152 338008 431637 313101 520219 80254 514174 ,59024 60227 60998 61258 61271 61272 61848 62055 62140 62750 
983066 175423 968800 399672 519539 173253 706391 335886 749386 705366 ,89312 89778 91335 91855 92276 92319 92491 92876 93811 94862 ,983066 175423 968800 399672 519539 173253 706391 335886 749386 705366 ,89312 89778 91335 91855 92276 92319 92491 92876 93811 94862 
550983 17314 890613 361195 318518 438201 682933 460943 63611 695675 ,76509 78782 80289 80380 80759 85466 86180 86776 86964 86977 ,550983 17314 890613 361195 318518 438201 682933 460943 63611 695675 ,76509 78782 80289 80380 80759 85466 86180 86776 86964 86977 
807135 253181 388753 13879 200528 607223 15787 245566 932756 15945 ,58602 68539 70118 70230 70263 71659 71826 72228 72308 73966 ,253181 388753 13879 200528 607223 15787 245566 932756 15945 988239 ,68539 70118 70230 70263 71659 71826 72228 72308 73966 75050 
658423 521951 800638 868266 810402 15680 807112 834895 516653 184142 ,66155 68111 69137 71287 71477 72188 74809 76188 76732 77040 ,658423 521951 800638 868266 810402 15680 807112 834895 516653 184142 ,66155 68111 69137 71287 71477 72188 74809 76188 76732 77040 
829683 60506 572607 150339 620771 430390 636954 771910 559543 24090 ,91524 93990 93998 97978 99916 101192 102881 105024 105515 107554 ,829683 60506 572607 150339 620771 430390 636954 771910 559543 24090 ,91524 93990 93998 97978 99916 101192 102881 105024 105515 107554 
938942 351499 137030 165635 718526 473369 876717 389906 98936 789606 ,70819 79175 85935 88081 93035 94986 95100 96603 96821 97311 ,938942 351499 137030 165635 718526 473369 876717 389906 98936 789606 ,70819 79175 85935 88081 93035 94986 95100 96603 96821 97311 
660746 346453 596827 311740 594557 210683 89841 348343 298212 582769 ,54711 65286 67852 69553 70099 70932 71683 73032 74000 75198 ,660746 346453 596827 311740 594557 210683 89841 348343 298212 582769 ,54711 65286 67852 69553 70099 70932 71683 73032 74000 75198 
131284 178552 222553 710230 131601 214201 608046 32662 210697 462833 ,67317 71756 74961 75117 76247 76379 76449 77876 77877 78475 ,131284 178552 222553 710230 131601 608046 32662 210697 462833 91692 ,67317 71756 74961 75117 76247 76449 77876 77877 78475 78484 
710848 565460 134069 970707 644849 144552 175269 415197 463470 134532 ,117144 117867 121329 124203 124812 125037 126185 129463 130086 130332 ,710848 565460 134069 970707 644849 144552 175269 415197 463470 134532 ,117144 117867 121329 124203 124812 125037 126185 129463 130086 130332 
686481 312165 67979 35020 33720 87771 62696 508756 19654 935390 ,75916 76526 82773 82856 86091 86569 87201 88092 88565 89031 ,686481 312165 35020 33720 87771 62696 508756 19654 935390 963478 ,75916 76526 82856 86091 86569 87201 88092 88565 89031 90356 
451696 484733 925210 311628 496216 127520 531357 746534 900327 873759 ,81343 82235 82809 86751 86766 87653 87683 89567 90172 91214 ,484733 925210 311628 496216 127520 531357 796414 412443 320377 97546 ,82235 82809 86751 86766 87653 87683 91444 93362 95395 96115 
343295 489910 320462 230396 391602 935658 929286 990973 247965 542182 ,89056 94751 98712 99691 99733 101488 102233 102583 104215 105869 ,343295 489910 320462 230396 391602 935658 929286 990973 247965 542182 ,89056 94751 98712 99691 99733 101488 102233 102583 104215 105869 
220882 963065 68034 879197 172317 554157 731986 535314 383063 155674 ,51481 74959 83838 88158 92075 92956 93656 98403 99353 99545 ,220882 963065 68034 879197 172317 554157 731986 535314 383063 155674 ,51481 74959 83838 88158 92075 92956 93656 98403 99353 99545 
680821 851469 478467 633559 778707 623638 565460 851644 731539 597840 ,115314 118739 118934 121927 123173 123648 123956 124884 125434 129275 ,680821 851469 478467 633559 778707 623638 565460 851644 731539 597840 ,115314 118739 118934 121927 123173 123648 123956 124884 125434 129275 
454338 221638 65528 15618 551091 871476 752002 870745 419320 788878 ,75309 78071 78489 79459 80277 80396 82163 84570 84609 85796 ,454338 221638 65528 15618 551091 871476 752002 870745 419320 788878 ,75309 78071 78489 79459 80277 80396 82163 84570 84609 85796 
400022 924769 865880 874496 550379 728934 939319 392278 527055 59583 ,58822 60310 62009 64945 65478 69223 69475 70166 70210 70516 ,924769 865880 874496 550379 728934 939319 392278 527055 59583 924241 ,60310 62009 64945 65478 69223 69475 70166 70210 70516 70653 
841077 177470 748662 652509 723039 422180 418970 275416 536416 742820 ,64751 70517 70794 71265 76351 77394 78464 79795 79815 79818 ,841077 177470 748662 652509 723039 422180 418970 275416 536416 742820 ,64751 70517 70794 71265 76351 77394 78464 79795 79815 79818 
75421 146494 245739 625061 87062 989106 471285 999842 436157 428114 ,64715 87931 89185 89961 91764 96400 97206 101101 101588 101692 ,75421 146494 245739 625061 87062 989106 471285 999842 436157 428114 ,64715 87931 89185 89961 91764 96400 97206 101101 101588 101692 
235462 541238 244742 269842 91946 32832 94667 136225 122747 743758 ,54527 63187 72536 73667 80974 81280 82170 82920 83036 84784 ,235462 541238 244742 269842 91946 32832 94667 136225 122747 743758 ,54527 63187 72536 73667 80974 81280 82170 82920 83036 84784 
707760 383869 512107 805230 124770 59914 323256 622438 161441 112500 ,69340 71403 75753 81839 82423 82607 83767 85508 85722 85763 ,707760 383869 512107 805230 124770 59914 323256 622438 161441 112500 ,69340 71403 75753 81839 82423 82607 83767 85508 85722 85763 
426995 183307 175717 950946 799098 113714 708296 106219 882657 32993 ,85988 88666 92141 95973 96132 96512 96695 97304 97635 97772 ,426995 183307 175717 950946 799098 113714 708296 106219 882657 32993 ,85988 88666 92141 95973 96132 96512 96695 97304 97635 97772 
179101 445065 700644 436336 193992 988183 878532 623431 203256 151815 ,81633 84183 87297 87732 91564 92941 94548 94739 95244 98470 ,179101 445065 700644 436336 193992 988183 878532 623431 203256 151815 ,81633 84183 87297 87732 91564 92941 94548 94739 95244 98470 
66832 751461 549704 585492 182305 230895 751927 31665 312160 608318 ,71615 77211 79032 79121 83841 85274 85819 85869 86226 87394 ,66832 751461 549704 585492 182305 230895 751927 31665 312160 608318 ,71615 77211 79032 79121 83841 85274 85819 85869 86226 87394 
268137 225264 921205 714097 284561 687862 306706 200656 526141 423568 ,84683 85265 88051 89250 90093 91332 92877 93987 94483 95672 ,268137 225264 921205 714097 284561 687862 306706 200656 526141 423568 ,84683 85265 88051 89250 90093 91332 92877 93987 94483 95672 
517733 157457 693204 814019 150695 331468 176972 400188 205214 744463 ,75303 84186 86719 90917 92351 92725 93030 94603 94686 95359 ,517733 157457 150695 331468 176972 205214 744463 127945 794160 128854 ,75303 84186 92351 92725 93030 94686 95359 95847 97476 98386 
284804 626967 169658 506023 76857 460828 747223 192720 156616 949375 ,130807 134526 136765 136787 138854 139665 140533 145054 145212 145741 ,284804 626967 169658 506023 76857 460828 747223 192720 156616 949375 ,130807 134526 136765 136787 138854 139665 140533 145054 145212 145741 
312343 20875 535819 140050 141104 725609 2070 5733 82168 122409 ,49388 51544 52015 53562 55132 55159 55830 55990 56065 56230 ,312343 535819 140050 725609 2070 5733 82168 122409 322012 285142 ,49388 52015 53562 55159 55830 55990 56065 56230 56668 56918 
460364 319852 416894 485380 434953 917339 295005 17670 177081 462137 ,97476 107508 107686 109417 111547 112257 112527 113697 113833 116227 ,460364 319852 416894 485380 434953 917339 295005 17670 177081 462137 ,97476 107508 107686 109417 111547 112257 112527 113697 113833 116227 
339968 201355 347248 312282 181991 315678 7068 302682 963848 122614 ,75100 77167 79128 79187 79647 84037 84091 84255 84576 86377 ,339968 201355 347248 312282 181991 315678 7068 302682 963848 122614 ,75100 77167 79128 79187 79647 84037 84091 84255 84576 86377 
499953 11708 498499 629695 471868 298700 207741 262319 541914 35718 ,74949 75120 76721 78621 78941 78961 79313 79325 83632 83740 ,499953 11708 629695 471868 298700 207741 262319 541914 35718 969776 ,74949 75120 78621 78941 78961 79313 79325 83632 83740 85709 
202232 551312 435853 548348 142229 472008 475776 250410 141184 246741 ,74436 75377 75656 76790 77114 77115 77712 77950 78831 78897 ,202232 551312 435853 548348 142229 472008 250410 141184 246741 970088 ,74436 75377 75656 76790 77114 77115 77950 78831 78897 79603 
709646 596592 207950 133286 911495 778981 303790 543725 1982 876673 ,55135 65825 66816 67558 67880 68753 70266 70414 70707 72424 ,709646 596592 207950 133286 911495 778981 303790 543725 1982 876673 ,55135 65825 66816 67558 67880 68753 70266 70414 70707 72424 
646744 647181 597720 843859 28788 775863 404717 631432 374843 750172 ,38896 47268 55501 55577 60539 61187 63199 64130 64210 64375 ,646744 647181 597720 843859 28788 775863 404717 631432 374843 750172 ,38896 47268 55501 55577 60539 61187 63199 64130 64210 64375 
481720 530166 803974 106441 670044 428863 508991 87712 533858 383562 ,30449 36859 40369 40498 45217 47322 47849 47910 49348 49718 ,481720 530166 803974 106441 670044 428863 508991 87712 533858 383562 ,30449 36859 40369 40498 45217 47322 47849 47910 49348 49718 
175298 515980 196006 181429 23724 515781 390259 187969 153153 429518 ,41898 42729 46067 49610 49932 52727 53151 53605 55616 55687 ,175298 515980 196006 181429 23724 515781 390259 187969 153153 429518 ,41898 42729 46067 49610 49932 52727 53151 53605 55616 55687 
178447 503782 271816 200123 315287 66627 799306 312080 128601 439702 ,72517 75718 87754 88198 88247 90017 92672 93524 93794 94068 ,178447 503782 271816 200123 315287 66627 799306 312080 128601 439702 ,72517 75718 87754 88198 88247 90017 92672 93524 93794 94068 
484453 750238 278371 663047 206490 233389 660042 283353 180624 508790 ,81164 86583 91720 91954 92587 93167 94685 96189 96464 96641 ,484453 278371 663047 206490 233389 660042 283353 180624 508790 869743 ,81164 91720 91954 92587 93167 94685 96189 96464 96641 97978 
373844 100580 373800 610466 399009 522056 538799 836567 194163 198963 ,91670 92430 96611 106603 109335 109517 114460 114484 114500 117078 ,373844 100580 373800 610466 399009 522056 538799 836567 194163 198963 ,91670 92430 96611 106603 109335 109517 114460 114484 114500 117078 
54443 410012 410005 308487 903803 640766 206226 790748 499761 474120 ,60948 65649 72103 75853 78290 79874 79943 80372 82876 83140 ,54443 410012 410005 308487 903803 640766 206226 790748 499761 474120 ,60948 65649 72103 75853 78290 79874 79943 80372 82876 83140 
923432 43447 564119 104441 398838 493314 44975 899761 820363 42958 ,58433 64819 67290 68545 69012 69291 71024 71054 71743 72035 ,923432 43447 564119 104441 398838 493314 44975 899761 42958 74261 ,58433 64819 67290 68545 69012 69291 71024 71054 72035 72151 
246555 55553 108047 352476 699949 246523 338233 189413 910843 870304 ,33537 44674 45860 46176 48042 51479 51566 51880 52732 54095 ,246555 55553 108047 352476 699949 246523 338233 189413 910843 870304 ,33537 44674 45860 46176 48042 51479 51566 51880 52732 54095 
609539 454052 890066 604170 281080 477129 374763 258750 831636 256448 ,22684 23535 23977 24863 25213 27334 27574 27687 27687 28000 ,609539 890066 604170 281080 477129 374763 258750 831636 256448 108758 ,22684 23977 24863 25213 27334 27574 27687 27687 28000 28837 
402516 228266 687443 351718 715380 398307 390279 244888 982198 656366 ,43484 47904 48402 49363 50014 50192 50195 51660 52592 52999 ,402516 228266 687443 351718 715380 398307 390279 982198 656366 228084 ,43484 47904 48402 49363 50014 50192 50195 52592 52999 53008 
179618 179239 232034 270511 261525 525001 256843 232947 200486 658517 ,19091 22478 45580 52748 54315 55917 57247 57752 57821 58145 ,179618 179239 232034 270511 261525 525001 256843 232947 200486 658517 ,19091 22478 45580 52748 54315 55917 57247 57752 57821 58145 
100007 156820 718601 741754 36043 948466 682110 371653 681452 682246 ,92099 92579 93314 93939 95445 95849 95966 97455 98242 98258 ,100007 156820 718601 741754 36043 948466 682110 371653 681452 682246 ,92099 92579 93314 93939 95445 95849 95966 97455 98242 98258 
510790 44761 985360 33933 61612 668985 244619 280565 573978 233771 ,63918 65803 70843 71186 72277 73512 75426 75796 79660 80151 ,510790 44761 985360 33933 61612 668985 244619 280565 573978 233771 ,63918 65803 70843 71186 72277 73512 75426 75796 79660 80151 
111619 173198 571032 789186 276217 953493 111156 562002 823251 483765 ,76865 90148 90160 92846 94148 95353 99615 99804 100983 102617 ,111619 173198 571032 789186 276217 953493 562002 823251 483765 829006 ,76865 90148 90160 92846 94148 95353 99804 100983 102617 103265 
66283 123974 494531 268658 838682 318058 477531 372567 171914 510075 ,107608 132323 134112 136499 136872 138097 138356 138659 139830 139868 ,66283 123974 494531 268658 838682 318058 477531 171914 510075 457668 ,107608 132323 134112 136499 136872 138097 138356 139830 139868 141561 
594119 80834 748565 245190 541925 968873 562527 618246 125985 625278 ,118142 118450 120508 121929 125549 125909 126920 127670 128114 128500 ,594119 80834 748565 245190 541925 968873 562527 618246 125985 625278 ,118142 118450 120508 121929 125549 125909 126920 127670 128114 128500 
987344 482491 395782 210645 912367 545440 153886 197666 391254 14735 ,105798 121411 125301 127643 128030 129789 130939 131645 133557 133635 ,987344 482491 395782 210645 912367 545440 153886 197666 391254 14735 ,105798 121411 125301 127643 128030 129789 130939 131645 133557 133635 
973006 179791 121823 393374 856147 710650 319472 233333 881358 594808 ,76222 80112 80124 80286 81047 81691 82382 83424 83761 84311 ,973006 179791 121823 393374 856147 710650 319472 233333 881358 594808 ,76222 80112 80124 80286 81047 81691 82382 83424 83761 84311 
295268 506731 938637 321011 200244 264522 312280 154445 330676 952934 ,60455 63670 71590 72409 73730 73730 73945 74814 75144 75912 ,295268 506731 938637 200244 264522 154445 952934 357996 505711 317259 ,60455 63670 71590 73730 73730 74814 75912 75956 76653 76780 
781582 342070 757563 17815 573231 219732 607181 998621 573057 675687 ,71922 73145 73429 77243 81049 81597 83298 84230 85861 86630 ,781582 757563 17815 573231 219732 607181 998621 675687 730706 899590 ,71922 73429 77243 81049 81597 83298 84230 86630 87300 87991 
682613 682831 351381 427255 503126 694835 156137 627790 235149 518344 ,37653 38226 40791 42431 44183 45022 47551 47604 48039 49313 ,682613 682831 427255 694835 156137 627790 235149 358562 529138 476378 ,37653 38226 42431 45022 47551 47604 48039 49978 50499 50575 
21506 104860 371777 352907 261680 723745 339986 231358 490643 294513 ,74765 76166 80000 83347 84702 88105 88978 90262 90531 90549 ,21506 104860 371777 352907 261680 723745 339986 231358 490643 294513 ,74765 76166 80000 83347 84702 88105 88978 90262 90531 90549 
216175 244588 271606 106832 143039 343046 200486 236680 40175 615065 ,53172 56499 56548 57114 57150 57246 57264 58821 59725 60213 ,216175 271606 343046 200486 236680 40175 615065 279797 30213 87382 ,53172 56548 57246 57264 58821 59725 60213 61098 62547 63232 
843896 90702 276830 807894 697686 84574 155390 185277 298879 188700 ,64447 69240 69840 72591 72791 73622 76209 77465 79908 80302 ,90702 276830 807894 697686 84574 155390 185277 298879 188700 871988 ,69240 69840 72591 72791 73622 76209 77465 79908 80302 81112 
22649 355003 361119 969085 3316 33539 797621 326319 984449 793605 ,122947 132153 133442 134381 135034 137537 146610 146883 150074 150871 ,22649 355003 361119 969085 3316 33539 797621 326319 984449 793605 ,122947 132153 133442 134381 135034 137537 146610 146883 150074 150871 
587961 987941 799213 553911 148030 604016 148467 124918 699667 488696 ,78290 79439 81297 83693 85813 87397 89144 92500 94704 94813 ,587961 987941 799213 553911 148030 604016 148467 124918 699667 488696 ,78290 79439 81297 83693 85813 87397 89144 92500 94704 94813 
378850 404252 879607 402696 557964 728792 558332 782598 86695 119366 ,63501 64707 65997 69958 70998 73782 73800 73900 73978 75805 ,378850 404252 879607 402696 557964 728792 558332 782598 86695 119366 ,63501 64707 65997 69958 70998 73782 73800 73900 73978 75805 
458344 503372 151590 786219 337470 724364 838798 982689 166077 305796 ,65622 65655 68058 68290 69357 69631 69667 70265 70770 71086 ,458344 503372 151590 786219 337470 724364 838798 982689 166077 305796 ,65622 65655 68058 68290 69357 69631 69667 70265 70770 71086 
970056 944249 837581 145951 374371 568601 145502 760735 627058 726927 ,48859 49222 51715 57069 66483 67476 70608 71725 72224 73109 ,970056 944249 837581 145951 374371 568601 145502 760735 627058 726927 ,48859 49222 51715 57069 66483 67476 70608 71725 72224 73109 
931707 64652 66195 931876 373937 374869 1368 880566 591382 592344 ,41386 42085 44296 44478 45919 46222 46323 46585 47662 47803 ,931707 64652 66195 931876 373937 374869 1368 880566 591382 592344 ,41386 42085 44296 44478 45919 46222 46323 46585 47662 47803 
166050 46106 737752 168738 109733 614386 381928 705735 327896 549983 ,63118 70653 70851 71299 71663 71665 72084 72105 72281 72705 ,166050 46106 737752 168738 109733 614386 381928 705735 549983 190210 ,63118 70653 70851 71299 71663 71665 72084 72105 72705 73200 
266179 8425 80954 249482 875708 772499 124076 145638 276953 213910 ,53161 60334 65833 69261 70686 70988 71469 72423 72812 73547 ,266179 8425 80954 249482 875708 772499 124076 145638 276953 213910 ,53161 60334 65833 69261 70686 70988 71469 72423 72812 73547 
402474 149419 18248 229814 448520 377459 710856 378226 694581 295402 ,76494 77716 78009 79654 80444 80569 81201 82167 82336 82768 ,402474 149419 18248 229814 448520 377459 710856 378226 694581 750537 ,76494 77716 78009 79654 80444 80569 81201 82167 82336 83136 
776633 986636 942775 692397 698738 863885 986139 144458 988356 329918 ,61054 63488 71076 72457 73071 73767 73842 74020 74932 76036 ,776633 986636 942775 692397 698738 863885 986139 144458 988356 329918 ,61054 63488 71076 72457 73071 73767 73842 74020 74932 76036 
600101 716993 693994 102692 609053 787914 716915 212563 497698 233082 ,32392 35287 38360 38978 39298 39357 40652 42673 43332 43470 ,600101 716993 693994 102692 609053 787914 716915 212563 497698 233082 ,32392 35287 38360 38978 39298 39357 40652 42673 43332 43470 
496918 964780 620866 456133 176055 484725 106075 105064 127779 821073 ,51582 55314 59326 59374 64185 64323 64818 66617 68771 68813 ,496918 964780 620866 456133 176055 484725 106075 105064 127779 821073 ,51582 55314 59326 59374 64185 64323 64818 66617 68771 68813 
459225 342576 708179 492737 388738 324939 525380 728649 429429 797115 ,59932 65971 67461 68378 69712 69905 73492 74790 74962 76404 ,459225 342576 708179 492737 388738 324939 525380 728649 429429 797115 ,59932 65971 67461 68378 69712 69905 73492 74790 74962 76404 
229386 140973 367186 664179 166339 553851 742295 238868 132928 552600 ,55732 58157 59757 61475 62655 63902 65042 67166 67426 68724 ,229386 140973 367186 664179 166339 553851 742295 238868 132928 552600 ,55732 58157 59757 61475 62655 63902 65042 67166 67426 68724 
803829 59483 209086 68504 587182 489465 355721 88629 156146 98907 ,52587 53067 57416 59618 59792 61157 61691 63060 63718 65970 ,803829 837835 932760 387793 844709 868506 738079 238134 473207 792245 ,52587 65978 68126 69891 72822 73393 74526 74886 75159 75524 
686794 862967 987216 390862 628716 263955 334553 382174 208672 198394 ,79899 82912 84005 85523 86412 86992 89202 90573 91091 92185 ,686794 862967 987216 390862 628716 263955 334553 382174 208672 198394 ,79899 82912 84005 85523 86412 86992 89202 90573 91091 92185 
715753 532607 286916 240710 894753 243887 318779 762852 733123 171502 ,48715 52661 53704 54134 55283 55705 56556 57233 57419 57644 ,715753 532607 286916 240710 894753 243887 318779 762852 733123 171502 ,48715 52661 53704 54134 55283 55705 56556 57233 57419 57644 
519151 873501 773600 207028 935409 541843 319886 519926 180848 842167 ,45998 47043 49411 50229 52721 52955 53202 54040 54119 54142 ,519151 873501 773600 207028 935409 541843 319886 180848 842167 999382 ,45998 47043 49411 50229 52721 52955 53202 54119 54142 55182 
844003 402483 856877 975326 140408 168313 827447 562260 346459 407703 ,71064 79820 82977 85641 98224 100289 101255 102467 104716 105931 ,844003 402483 856877 975326 140408 168313 827447 562260 346459 407703 ,71064 79820 82977 85641 98224 100289 101255 102467 104716 105931 
228545 233746 291842 572806 853579 170205 428689 973114 689829 245675 ,72057 72382 74445 74471 78874 79165 81121 82562 83216 85586 ,228545 233746 291842 572806 853579 170205 428689 973114 689829 245675 ,72057 72382 74445 74471 78874 79165 81121 82562 83216 85586 
489703 202977 960941 12651 835230 420612 835122 539470 316453 369497 ,38031 40085 44116 48012 49918 52393 52699 53287 53506 53862 ,489703 202977 960941 12651 835230 420612 835122 539470 316453 369497 ,38031 40085 44116 48012 49918 52393 52699 53287 53506 53862 
857056 298464 861054 80666 92483 94945 492875 433976 393001 985396 ,64650 68965 75172 75824 77285 78977 80996 81632 84033 87582 ,857056 298464 861054 80666 92483 94945 492875 433976 393001 719996 ,64650 68965 75172 75824 77285 78977 80996 81632 84033 89073 
888253 681905 687355 144402 278302 206657 928247 684831 701655 434409 ,82555 84788 90003 91315 93978 93996 94292 95874 107580 109574 ,888253 681905 144402 278302 206657 928247 684831 701655 434409 89307 ,82555 84788 91315 93978 93996 94292 95874 107580 109574 110354 
877026 899067 85460 668138 957538 931787 899514 863524 191113 997094 ,60302 63184 65023 67930 69059 69572 69944 70390 73369 73619 ,877026 899067 85460 668138 957538 931787 899514 863524 191113 997094 ,60302 63184 65023 67930 69059 69572 69944 70390 73369 73619 
73202 702283 442063 475296 865692 156184 766675 505101 473477 260395 ,77019 78030 84197 88773 90144 92327 94293 95502 99783 100743 ,73202 702283 442063 475296 865692 156184 766675 505101 473477 260395 ,77019 78030 84197 88773 90144 92327 94293 95502 99783 100743 
842271 595947 597081 87378 596020 690313 130138 632527 889732 276676 ,59545 72738 75492 80469 81184 83151 83167 83436 87525 89995 ,595947 597081 87378 596020 690313 130138 632527 889732 276676 497298 ,72738 75492 80469 81184 83151 83167 83436 87525 89995 91983 
279215 53060 615497 29943 420682 690069 283307 151252 515212 406574 ,23635 23815 25671 26503 27620 27945 28098 28101 28311 28831 ,279215 53060 615497 29943 420682 690069 283307 151252 515212 406574 ,23635 23815 25671 26503 27620 27945 28098 28101 28311 28831 
600661 127778 42046 518657 30230 563906 293375 215308 720312 321640 ,27443 30464 30521 30984 30997 31474 31686 32522 32978 34531 ,600661 127778 42046 518657 30230 563906 293375 215308 720312 321640 ,27443 30464 30521 30984 30997 31474 31686 32522 32978 34531 
899313 899503 834314 631910 835685 225713 798519 555576 777192 973258 ,45719 46384 47468 48149 48615 49520 52828 52959 53812 55992 ,899313 899503 834314 631910 835685 225713 798519 555576 777192 973258 ,45719 46384 47468 48149 48615 49520 52828 52959 53812 55992 
93959 386851 513204 506132 949335 14738 359197 769491 616692 682811 ,80482 80621 85029 85119 85326 85821 86230 86243 87861 88142 ,93959 386851 513204 506132 949335 14738 359197 769491 616692 682811 ,80482 80621 85029 85119 85326 85821 86230 86243 87861 88142 
893148 312382 240959 864180 253226 711550 976200 373086 204004 667322 ,66425 67876 68174 71044 72533 73175 74207 75062 75438 75780 ,893148 312382 240959 864180 253226 711550 976200 373086 204004 237979 ,66425 67876 68174 71044 72533 73175 74207 75062 75438 76520 
982823 982611 519502 199766 234271 709686 532154 108420 709528 457034 ,46362 49216 53163 54432 55213 66101 66454 66897 66956 69199 ,982823 982611 519502 199766 234271 709686 532154 457034 104147 114526 ,46362 49216 53163 54432 55213 66101 66454 69199 70128 70148 
422548 547550 222600 23449 105252 327926 143853 18416 454409 892717 ,44355 46219 47938 50382 50435 51773 51891 52069 52273 53008 ,422548 547550 222600 23449 105252 327926 143853 18416 454409 892717 ,44355 46219 47938 50382 50435 51773 51891 52069 52273 53008 
119657 895600 826028 963507 898460 417285 557063 964564 996082 471826 ,41073 43030 43521 45819 46364 47095 47800 47871 48007 50511 ,119657 895600 826028 963507 898460 417285 557063 964564 996082 471826 ,41073 43030 43521 45819 46364 47095 47800 47871 48007 50511 
118065 451772 603188 108080 769368 133742 795398 566348 293198 129520 ,57400 62361 62503 63519 63719 64323 64466 65177 66031 66379 ,451772 603188 293198 129520 565230 231836 83480 866378 637714 879100 ,62361 62503 66031 66379 66705 67717 70666 71608 72556 72984 
8253 978451 990253 783320 86817 501242 807916 546416 997811 702498 ,53224 53991 58863 60224 63352 64374 66106 66728 66891 68196 ,8253 978451 990253 783320 86817 501242 807916 546416 702498 649623 ,53224 53991 58863 60224 63352 64374 66106 66728 68196 68261 
471688 417256 604275 155055 657707 637054 243419 919212 212323 126673 ,51068 54736 55652 57366 57984 59840 60113 62158 63429 64251 ,471688 417256 604275 155055 657707 637054 243419 919212 212323 126673 ,51068 54736 55652 57366 57984 59840 60113 62158 63429 64251 
987576 987104 506258 983082 646402 366733 301188 841387 726024 754906 ,64554 72222 72799 75439 78110 83867 85680 88768 88927 91307 ,987576 987104 506258 983082 646402 366733 301188 726024 754906 832610 ,64554 72222 72799 75439 78110 83867 85680 88927 91307 91617 
804224 600881 465707 180434 406574 796205 306722 821934 677793 451673 ,40482 43423 43698 43735 43775 44014 45803 45926 45976 46286 ,804224 600881 465707 180434 406574 796205 306722 821934 677793 451673 ,40482 43423 43698 43735 43775 44014 45803 45926 45976 46286 
153329 987684 433649 514881 634345 337095 751827 62250 716513 175282 ,60109 63193 67443 70722 73155 74122 74253 74767 75062 75135 ,987684 433649 514881 634345 337095 62250 716513 175282 170280 960558 ,63193 67443 70722 73155 74122 74767 75062 75135 75336 75708 
980274 741100 138668 794317 974097 298796 946303 806273 933412 398341 ,86168 96257 102955 106923 107156 107488 108966 110493 111480 112007 ,980274 741100 138668 794317 974097 298796 946303 806273 933412 398341 ,86168 96257 102955 106923 107156 107488 108966 110493 111480 112007 
350659 414654 152521 658163 337175 59272 502476 685887 254068 433120 ,52694 58639 59971 60379 61461 62019 62276 62468 65982 66070 ,350659 414654 152521 658163 337175 59272 502476 685887 254068 433120 ,52694 58639 59971 60379 61461 62019 62276 62468 65982 66070 
620077 766995 972480 671643 639726 896645 697038 892327 746874 631383 ,78419 80813 81243 87092 87354 87820 91892 93549 95201 95896 ,620077 766995 972480 639726 896645 697038 892327 746874 619863 726456 ,78419 80813 81243 87354 87820 91892 93549 95201 96673 96813 
427296 391898 984251 280445 97280 548460 861083 900748 723069 755068 ,57771 65272 73143 78888 81492 82914 84195 85181 87298 88906 ,427296 391898 984251 280445 97280 548460 861083 900748 723069 755068 ,57771 65272 73143 78888 81492 82914 84195 85181 87298 88906 
317817 186098 309526 244665 340983 780332 451611 948697 456552 70157 ,73838 90220 91314 93288 93796 94101 96208 96410 97770 98052 ,317817 186098 309526 244665 340983 780332 451611 948697 456552 70157 ,73838 90220 91314 93288 93796 94101 96208 96410 97770 98052 
411131 492098 967173 621019 883753 355814 274426 152458 610131 683519 ,58032 58669 60726 61839 62818 63044 64581 67795 68419 69805 ,411131 492098 967173 621019 883753 355814 274426 152458 610131 683519 ,58032 58669 60726 61839 62818 63044 64581 67795 68419 69805 
81944 494747 355720 570911 626790 56357 687376 419772 701514 821236 ,37100 40988 42406 43480 44244 44631 46007 47172 48352 48907 ,81944 494747 355720 570911 626790 56357 687376 419772 701514 821236 ,37100 40988 42406 43480 44244 44631 46007 47172 48352 48907 
237372 897669 49382 54525 521695 512326 952589 481848 907596 457037 ,81744 83666 85609 85723 87765 90077 91314 91781 91948 92297 ,237372 897669 49382 54525 521695 512326 952589 481848 907596 457037 ,81744 83666 85609 85723 87765 90077 91314 91781 91948 92297 
163472 936756 34284 338744 387873 947439 334940 353641 295084 296554 ,104191 107749 117379 118409 120453 120878 121071 122152 122663 123391 ,163472 936756 34284 338744 387873 947439 334940 353641 295084 296554 ,104191 107749 117379 118409 120453 120878 121071 122152 122663 123391 
426558 964014 351650 102623 637146 82479 38729 661722 169088 972183 ,35645 36971 37033 37589 37702 39518 39757 40017 40237 40480 ,426558 964014 351650 102623 637146 82479 38729 661722 169088 972183 ,35645 36971 37033 37589 37702 39518 39757 40017 40237 40480 
256201 510376 9774 9916 746386 39885 919195 39982 918981 921355 ,45988 46251 46411 47386 47844 47896 48112 48728 51953 52083 ,9774 746386 39885 39982 918981 921355 876168 97885 5569 474738 ,46411 47844 47896 48728 51953 52083 53843 54167 54310 54384 
222687 923250 484613 975599 744456 497259 485136 942555 694203 94250 ,75379 76144 78659 80744 83203 84305 87613 88012 89762 90034 ,222687 923250 484613 975599 744456 497259 485136 942555 94250 365570 ,75379 76144 78659 80744 83203 84305 87613 88012 90034 90431 
28899 474381 11073 462529 708073 333929 404904 509906 440650 52936 ,76395 80864 84347 84366 84470 85353 87095 89456 89743 89784 ,28899 11073 462529 708073 333929 404904 509906 440650 52936 302814 ,76395 84347 84366 84470 85353 87095 89456 89743 89784 90941 
16036 13504 181391 238394 861074 225161 971609 224241 929181 514918 ,45839 51205 51505 52913 53023 53100 53896 53998 54725 54827 ,16036 13504 181391 238394 861074 225161 971609 224241 929181 514918 ,45839 51205 51505 52913 53023 53100 53896 53998 54725 54827 
575369 16718 731014 348853 813318 98087 78051 63583 282688 670396 ,76045 114672 118636 129249 132334 136090 138174 140203 141991 143837 ,575369 16718 731014 348853 813318 98087 78051 63583 282688 670396 ,76045 114672 118636 129249 132334 136090 138174 140203 141991 143837 
810592 945849 864434 131493 180937 20037 725555 139356 545510 76188 ,84980 86598 86919 88684 90780 91121 94184 94374 94445 94668 ,864434 131493 180937 20037 725555 139356 545510 76188 185976 259681 ,86919 88684 90780 91121 94184 94374 94445 94668 94752 95057 
238759 822117 1808 834734 97230 524825 61303 883321 791692 435707 ,98963 102745 103983 106735 113004 115984 116484 141994 144795 144847 ,238759 822117 1808 834734 97230 524825 61303 883321 791692 435707 ,98963 102745 103983 106735 113004 115984 116484 141994 144795 144847 
889259 895408 890288 754322 533698 807423 889887 895829 754776 44075 ,14463 16460 17212 18425 18718 19274 19440 20248 20726 20763 ,889259 895408 890288 754322 533698 807423 889887 895829 754776 44075 ,14463 16460 17212 18425 18718 19274 19440 20248 20726 20763 
185885 656727 83764 83454 941799 460709 657735 630740 159375 751042 ,78946 79339 82181 85070 86924 88040 88855 88980 89445 89968 ,185885 656727 83764 83454 941799 460709 657735 630740 159375 751042 ,78946 79339 82181 85070 86924 88040 88855 88980 89445 89968 
678979 702656 60778 656152 857718 842092 472513 678631 852158 641618 ,50998 51722 54546 55203 55867 57109 58028 60495 62603 63217 ,678979 702656 60778 656152 857718 842092 472513 678631 852158 641618 ,50998 51722 54546 55203 55867 57109 58028 60495 62603 63217 
895865 364960 502284 305277 416571 77736 317898 322639 727978 943096 ,58534 58998 59576 59639 62839 64012 64084 64134 65083 65850 ,895865 364960 502284 305277 416571 77736 317898 322639 727978 943096 ,58534 58998 59576 59639 62839 64012 64084 64134 65083 65850 
70613 262381 379823 514750 390315 104694 85064 192791 364498 462665 ,66902 67121 70321 70634 72455 72559 75100 76964 77370 80265 ,70613 262381 379823 514750 104694 85064 192791 364498 462665 408450 ,66902 67121 70321 70634 72559 75100 76964 77370 80265 80677 
774838 985893 963400 780594 522092 449333 691256 404105 272381 23451 ,74129 74784 74983 78058 78546 78901 79901 81008 81580 81949 ,774838 985893 963400 780594 522092 449333 691256 404105 272381 23451 ,74129 74784 74983 78058 78546 78901 79901 81008 81580 81949 
162471 991564 757962 147965 375512 147960 19800 46329 46670 300470 ,58640 60272 67808 76689 77723 78627 82196 82367 84367 85751 ,162471 991564 757962 147965 375512 147960 19800 46329 46670 300470 ,58640 60272 67808 76689 77723 78627 82196 82367 84367 85751 
656316 426874 651935 186401 659911 948472 59428 374670 771590 648286 ,55247 60444 66243 66691 66935 69312 70066 70546 72342 73026 ,656316 426874 651935 186401 659911 948472 59428 374670 771590 648286 ,55247 60444 66243 66691 66935 69312 70066 70546 72342 73026 
678943 795599 20311 244059 622083 918436 633456 329021 631159 174862 ,49135 55700 56886 56925 58455 59790 60178 62494 64121 64171 ,678943 795599 244059 622083 918436 633456 329021 631159 174862 686438 ,49135 55700 56925 58455 59790 60178 62494 64121 64171 64311 
753216 931092 916639 997068 963176 989185 142075 764231 362505 239676 ,64232 64436 65516 69374 70607 72641 73157 73436 73518 73639 ,753216 931092 916639 997068 963176 989185 142075 764231 362505 225713 ,64232 64436 65516 69374 70607 72641 73157 73436 73518 73755 
942368 128017 902596 683427 611206 693333 263027 281518 67984 277167 ,77983 84039 84773 86333 86976 87690 89402 89480 89495 89547 ,942368 128017 683427 611206 263027 281518 67984 277167 689198 262877 ,77983 84039 86333 86976 89402 89480 89495 89547 89905 90219 
325214 953436 478322 953454 463640 234612 556439 97370 838797 323651 ,49784 54185 57302 58161 59294 59695 59745 59882 60136 60230 ,325214 953454 234612 97370 454051 280573 460559 822359 322630 811975 ,49784 58161 59695 59882 61224 61340 61537 61788 61826 63038 
785983 618998 557894 629393 91764 939753 327191 974366 127302 480646 ,85920 88339 88649 88932 89482 93756 94328 94677 94866 96668 ,785983 618998 557894 629393 91764 939753 327191 974366 127302 480646 ,85920 88339 88649 88932 89482 93756 94328 94677 94866 96668 
933320 216183 608337 496004 967835 971446 452116 901641 494701 965616 ,80070 95867 96528 97148 99496 100069 101865 102282 102766 103618 ,933320 216183 608337 496004 967835 971446 452116 901641 494701 965616 ,80070 95867 96528 97148 99496 100069 101865 102282 102766 103618 
728778 511728 841938 210688 732523 907895 257139 182988 821294 17703 ,69531 83173 84956 85925 86041 87078 87575 87966 89893 90799 ,728778 511728 841938 210688 907895 257139 182988 821294 17703 937544 ,69531 83173 84956 85925 87078 87575 87966 89893 90799 91425 
183089 728828 234999 477833 488006 65141 438449 220094 275429 10179 ,62028 66829 67152 68297 69842 71388 72126 73959 74902 75132 ,183089 234999 477833 488006 65141 220094 275429 10179 604831 83261 ,62028 67152 68297 69842 71388 73959 74902 75132 75741 75772 
515906 109762 703496 551350 580944 267592 541623 199730 988390 100253 ,70934 72940 80151 83432 83553 85272 86662 88855 89117 90139 ,515906 109762 703496 551350 580944 267592 541623 199730 988390 100253 ,70934 72940 80151 83432 83553 85272 86662 88855 89117 90139 
105799 196726 592470 147146 311678 391186 88753 934095 176516 990981 ,81967 84739 85453 87675 88140 90403 91829 92512 94638 95168 ,105799 196726 592470 147146 311678 391186 88753 934095 990981 519631 ,81967 84739 85453 87675 88140 90403 91829 92512 95168 96498 
102169 229884 152414 709884 344677 573741 520434 632492 965667 969066 ,52482 54854 59785 59843 61179 65918 65923 67335 67723 67861 ,102169 229884 152414 709884 344677 573741 520434 632492 965667 969066 ,52482 54854 59785 59843 61179 65918 65923 67335 67723 67861 
48961 718974 803775 863520 182160 978504 519715 275416 59524 620866 ,68758 80319 88782 90164 92713 93855 94600 99022 99621 99976 ,48961 718974 803775 863520 182160 978504 519715 275416 59524 620866 ,68758 80319 88782 90164 92713 93855 94600 99022 99621 99976 
632550 933667 391386 790167 661143 402303 845087 183527 327215 552849 ,98289 101977 107034 108818 109578 110408 110655 111354 112701 113073 ,933667 391386 790167 661143 402303 845087 183527 327215 552849 165687 ,101977 107034 108818 109578 110408 110655 111354 112701 113073 113457 
433041 917135 885995 618007 918887 743527 118668 56520 100373 17073 ,79211 89462 93085 104914 105401 107146 108005 108154 115005 115405 ,433041 917135 885995 618007 918887 743527 118668 56520 100373 17073 ,79211 89462 93085 104914 105401 107146 108005 108154 115005 115405 
159472 521531 80640 123970 413869 837689 718974 475776 488761 661700 ,122909 146720 152842 153878 156878 157109 157679 163224 164449 167808 ,159472 521531 80640 123970 413869 837689 718974 475776 488761 661700 ,122909 146720 152842 153878 156878 157109 157679 163224 164449 167808 
365895 470539 392221 780116 292571 529143 525185 528402 151153 190431 ,30906 32811 34526 34603 35436 35676 35739 35981 36033 36042 ,365895 470539 392221 780116 292571 529143 525185 528402 151153 190431 ,30906 32811 34526 34603 35436 35676 35739 35981 36033 36042 
14951 598958 721200 61978 741660 778742 911787 9501 324254 584382 ,72706 77292 77500 77928 77989 79534 79936 80164 80566 80906 ,14951 598958 721200 61978 741660 778742 911787 324254 204603 268881 ,72706 77292 77500 77928 77989 79534 79936 80566 80945 80945 
485837 955816 277143 597427 532665 286695 531703 600309 24929 432087 ,58713 60305 65536 66992 67126 70609 70773 72080 72217 72418 ,485837 955816 277143 597427 532665 286695 531703 600309 432087 966695 ,58713 60305 65536 66992 67126 70609 70773 72080 72418 73029 
509862 397083 188237 281254 117032 719771 830984 841233 460857 453510 ,54453 54567 57356 59044 59164 60248 60537 60852 62055 62953 ,509862 397083 188237 281254 117032 719771 830984 841233 460857 284835 ,54453 54567 57356 59044 59164 60248 60537 60852 62055 63045 
450895 280351 281256 497899 450541 633110 33357 322918 365357 279950 ,46667 49233 49848 53170 57701 59032 59178 59408 59705 60159 ,450895 280351 281256 497899 450541 633110 33357 322918 365357 64255 ,46667 49233 49848 53170 57701 59032 59178 59408 59705 60713 
182924 748290 106889 206339 711579 393022 122860 834915 961709 853621 ,43148 52253 53206 53276 54669 55338 55476 55718 55854 57567 ,182924 748290 106889 206339 711579 393022 122860 834915 853621 989100 ,43148 52253 53206 53276 54669 55338 55476 55718 57567 57757 
407583 785780 720837 250796 279208 153578 127726 859105 484077 806242 ,56433 57546 58775 60818 61217 61940 61989 62625 63254 64290 ,407583 785780 720837 250796 153578 127726 859105 484077 806242 770986 ,56433 57546 58775 60818 61940 61989 62625 63254 64290 64379 
647305 649832 782094 713761 656550 650655 650404 713723 681214 218163 ,42237 45170 47340 51334 53197 53270 54695 55017 55339 55509 ,647305 649832 782094 713761 656550 650655 650404 713723 681214 218163 ,42237 45170 47340 51334 53197 53270 54695 55017 55339 55509 
15702 45312 259006 274474 506830 206339 12546 967424 137584 358328 ,69164 75495 77538 78205 80301 81360 81451 82689 83054 83865 ,15702 45312 259006 274474 506830 206339 12546 967424 137584 358328 ,69164 75495 77538 78205 80301 81360 81451 82689 83054 83865 
735639 238589 590441 341247 876720 238406 93244 94926 952863 865271 ,67863 69271 70633 73372 78188 79739 80321 82991 84029 84080 ,735639 238589 341247 876720 238406 93244 94926 952863 865271 500447 ,67863 69271 73372 78188 79739 80321 82991 84029 84080 84970 
394198 339005 928144 739448 534245 165497 871717 881103 353631 76218 ,78431 109013 114118 119618 121940 124229 125636 126657 126695 127794 ,394198 339005 928144 739448 534245 165497 871717 881103 353631 76218 ,78431 109013 114118 119618 121940 124229 125636 126657 126695 127794 
740775 690641 487695 776107 571569 152009 206893 728257 679965 727747 ,73359 73726 74622 76621 78143 80075 80132 80725 80984 83286 ,740775 690641 487695 776107 571569 152009 206893 728257 679965 727747 ,73359 73726 74622 76621 78143 80075 80132 80725 80984 83286 
209887 554898 923129 166335 64645 399204 166313 196477 478463 915733 ,45727 45741 47159 47745 48770 49045 49398 50521 50939 51086 ,209887 554898 923129 166335 64645 399204 166313 196477 478463 915733 ,45727 45741 47159 47745 48770 49045 49398 50521 50939 51086 
229563 83381 720869 845813 19468 267337 903290 822117 404127 402428 ,60614 70329 70541 73045 76442 76679 76886 77112 78261 81179 ,229563 83381 720869 845813 19468 267337 903290 822117 404127 402428 ,60614 70329 70541 73045 76442 76679 76886 77112 78261 81179 
958327 810363 879258 766028 186807 816801 907085 412309 958321 899225 ,25512 34409 36766 39675 41055 41210 43997 44260 44715 44911 ,412309 657744 420984 536923 520837 421059 411773 688260 604800 887048 ,44260 45935 46951 48746 49567 49589 51180 51493 51598 53415 
19218 693447 377211 485695 771349 988630 770994 682926 347271 975567 ,81273 82525 84677 87369 88835 93684 93743 93896 96231 96257 ,19218 693447 377211 485695 771349 988630 770994 347271 105562 725872 ,81273 82525 84677 87369 88835 93684 93743 96231 96816 98387 
704637 679297 623398 933070 870365 751559 171926 746941 441575 973366 ,112999 114144 119366 120353 124091 127465 127749 128329 128428 128484 ,704637 679297 623398 933070 870365 751559 171926 746941 441575 973366 ,112999 114144 119366 120353 124091 127465 127749 128329 128428 128484 
796440 270814 375720 225248 335909 242236 37374 226240 780836 823522 ,54732 55022 55666 56916 57034 59161 59260 61355 62136 62868 ,796440 270814 375720 225248 335909 242236 37374 226240 780836 823522 ,54732 55022 55666 56916 57034 59161 59260 61355 62136 62868 
691631 659880 796196 261706 751990 907750 61438 80170 293352 416511 ,68358 69343 70070 76071 78875 81851 83284 84278 84463 84996 ,691631 659880 796196 261706 751990 907750 61438 80170 293352 416511 ,68358 69343 70070 76071 78875 81851 83284 84278 84463 84996 
71173 456535 59894 129518 462652 495900 524606 714246 155816 484159 ,74850 75986 84246 85243 86431 86449 86678 86691 87929 88238 ,71173 456535 59894 129518 462652 495900 524606 714246 155816 484159 ,74850 75986 84246 85243 86431 86449 86678 86691 87929 88238 
195411 228808 398861 827596 664905 475402 628628 478755 338616 141077 ,39316 40927 41016 43527 44995 45971 46431 46484 46501 47180 ,195411 228808 398861 827596 664905 475402 628628 478755 338616 141077 ,39316 40927 41016 43527 44995 45971 46431 46484 46501 47180 
233503 632485 421803 822718 201671 771594 436532 597081 874215 243550 ,63485 65452 72642 73437 75192 75444 76067 78305 79579 80257 ,233503 632485 421803 822718 201671 771594 436532 597081 874215 243550 ,63485 65452 72642 73437 75192 75444 76067 78305 79579 80257 
89340 261198 205617 586003 550746 699452 275384 86109 343075 134030 ,63851 66514 71345 71738 72072 73334 73919 74881 75761 77279 ,89340 261198 205617 586003 550746 699452 275384 86109 343075 134030 ,63851 66514 71345 71738 72072 73334 73919 74881 75761 77279 
149803 273598 607012 615364 789357 779194 330905 203759 289240 297931 ,114242 117323 121477 131140 132632 135008 135896 139785 141500 142233 ,149803 273598 607012 615364 789357 779194 330905 203759 289240 297931 ,114242 117323 121477 131140 132632 135008 135896 139785 141500 142233 
967966 180596 527243 319755 691353 963074 209050 1580 949530 385762 ,93572 105326 109179 110263 110286 110792 111965 112437 113812 115543 ,967966 180596 527243 319755 691353 963074 209050 1580 949530 385762 ,93572 105326 109179 110263 110286 110792 111965 112437 113812 115543 
351731 346142 177802 159926 433411 364152 157578 237857 237976 547719 ,64060 70685 74586 75090 76323 76439 76750 76978 77228 80224 ,351731 346142 177802 159926 433411 364152 157578 237857 237976 547719 ,64060 70685 74586 75090 76323 76439 76750 76978 77228 80224 
808430 514144 293666 151324 518416 524630 140883 262073 442033 432626 ,40982 45548 47371 48993 49235 49260 49510 50346 50435 50994 ,808430 514144 293666 151324 518416 140883 262073 442033 432626 607291 ,40982 45548 47371 48993 49235 49510 50346 50435 50994 51094 
664073 396463 274138 779194 324709 797319 622533 659586 243670 524222 ,78820 79210 83781 84511 86244 86882 88811 89347 90275 95597 ,664073 396463 274138 779194 324709 797319 622533 659586 243670 524222 ,78820 79210 83781 84511 86244 86882 88811 89347 90275 95597 
9845 43800 225621 320072 112384 492152 321108 84273 270514 861177 ,49818 53616 56163 56282 56883 59174 60258 60630 61718 62268 ,9845 225621 320072 112384 492152 321108 84273 270514 861177 114261 ,49818 56163 56282 56883 59174 60258 60630 61718 62268 63363 
65206 701336 555774 413380 807489 559905 425915 779138 754488 951595 ,37184 38697 39235 40957 41610 42063 42951 43515 43599 43684 ,65206 701336 555774 413380 807489 559905 425915 779138 754488 951595 ,37184 38697 39235 40957 41610 42063 42951 43515 43599 43684 
785437 186796 642299 642460 981976 227602 717251 24033 787887 616150 ,25164 27998 29417 29629 30665 30746 30772 31107 31131 31606 ,785437 642299 24033 642295 642995 905736 642506 785586 644619 717896 ,25164 29417 31107 32396 33043 34096 34295 37994 38173 39246 
439594 987336 819758 60379 227039 563332 388463 395782 950232 692747 ,137584 139445 140958 148940 152077 152769 155121 155207 155574 159075 ,439594 987336 819758 60379 227039 563332 388463 395782 950232 692747 ,137584 139445 140958 148940 152077 152769 155121 155207 155574 159075 
934585 380180 857271 215760 374985 730072 852918 847624 350706 536061 ,21504 27887 30830 31186 32560 32638 33221 33428 34010 34305 ,934585 380180 857271 215760 374985 730072 852918 847624 350706 536061 ,21504 27887 30830 31186 32560 32638 33221 33428 34010 34305 
654592 905634 53861 656716 654563 667324 955593 837446 122928 446176 ,10945 11414 12586 12838 13654 13998 14395 14943 15421 15715 ,654592 905634 53861 656716 654563 667324 955593 837446 122928 446176 ,10945 11414 12586 12838 13654 13998 14395 14943 15421 15715 
508353 186337 294648 422764 903322 38637 638513 428251 609122 710288 ,60333 64778 65534 69031 70260 70616 70710 71080 71625 73094 ,508353 186337 294648 422764 903322 38637 638513 428251 609122 710288 ,60333 64778 65534 69031 70260 70616 70710 71080 71625 73094 
124337 256810 3179 170438 680764 896147 895791 861763 896264 455226 ,69896 72188 73383 75907 77265 77649 80285 81600 82240 82297 ,124337 256810 3179 170438 680764 896147 895791 861763 896264 455226 ,69896 72188 73383 75907 77265 77649 80285 81600 82240 82297 
251713 543528 345438 954435 752299 85018 270550 786545 401529 851038 ,94286 100989 105154 112721 114969 115722 117297 117933 118094 120368 ,251713 543528 345438 954435 752299 85018 270550 786545 401529 851038 ,94286 100989 105154 112721 114969 115722 117297 117933 118094 120368 
822631 813244 778856 971783 794147 661265 11031 141815 368070 196336 ,67562 69121 70874 72490 73301 74372 74522 75805 75954 76003 ,822631 813244 778856 971783 794147 661265 11031 141815 368070 196336 ,67562 69121 70874 72490 73301 74372 74522 75805 75954 76003 
186714 186677 198466 178327 809567 197356 276172 784593 393053 194541 ,4582 42587 44797 47223 51094 51846 51846 56770 57039 58346 ,186714 186677 198466 178327 809567 197356 276172 784593 393053 194541 ,4582 42587 44797 47223 51094 51846 51846 56770 57039 58346 
305866 406166 523925 555793 303886 682415 594390 385591 337071 568262 ,47475 53299 55720 59593 60204 61441 67623 67999 69684 71324 ,305866 406166 523925 555793 303886 682415 594390 385591 337071 568262 ,47475 53299 55720 59593 60204 61441 67623 67999 69684 71324 
890468 284676 889772 899393 253438 239957 216984 374075 848079 830039 ,56010 59115 59674 63308 66388 67430 68236 69490 70036 70413 ,890468 284676 889772 899393 253438 239957 216984 374075 848079 830039 ,56010 59115 59674 63308 66388 67430 68236 69490 70036 70413 
683701 896319 988174 636180 818963 461753 61328 912833 126323 260154 ,72759 77710 93021 96870 97641 99515 102445 102494 106405 106459 ,683701 896319 988174 636180 818963 461753 61328 126323 260154 526951 ,72759 77710 93021 96870 97641 99515 102445 106405 106459 108844 
874740 43852 825379 785908 654755 816709 654963 422974 655482 536566 ,11104 13392 13713 13932 13999 14112 14646 15066 15297 15300 ,874740 43852 654963 536566 655102 953335 656718 445793 112580 538606 ,11104 13392 14646 15300 15714 16094 16200 16634 16808 16832 
186514 186341 777525 445197 445965 958342 641908 42101 666684 808778 ,16175 26938 28087 28652 29118 31682 32213 32294 32532 35885 ,186514 186341 777525 445197 445965 958342 641908 42101 666684 808778 ,16175 26938 28087 28652 29118 31682 32213 32294 32532 35885 
572667 663664 653140 925064 918133 607523 972691 28156 822132 304643 ,35099 36005 52395 53161 53189 53804 53918 53921 57204 58172 ,572667 663664 653140 925064 918133 607523 972691 28156 822132 304643 ,35099 36005 52395 53161 53189 53804 53918 53921 57204 58172 
237219 351143 719086 575789 753787 336946 781561 781145 630468 213011 ,40480 40818 47479 48004 48036 48867 48914 48946 48985 49482 ,351143 575789 753787 781561 630468 213011 341238 631294 754246 228256 ,40818 48004 48036 48914 48985 49482 50861 53341 56485 56674 
548812 440656 954839 977087 647034 677082 494636 727707 115107 378935 ,58966 69608 73645 81857 84891 85743 92236 93276 94455 96871 ,548812 440656 954839 977087 647034 677082 494636 727707 115107 378935 ,58966 69608 73645 81857 84891 85743 92236 93276 94455 96871 
54343 501001 406992 902537 441648 210481 48273 57748 108555 236533 ,36106 36157 39026 40082 44572 45502 47871 50521 51303 51782 ,54343 501001 406992 902537 441648 210481 48273 57748 108555 236533 ,36106 36157 39026 40082 44572 45502 47871 50521 51303 51782 
540 987757 988903 863707 219457 924784 861973 988768 237933 871632 ,48706 49454 50408 51249 51610 52292 53391 53572 53588 55877 ,540 987757 988903 863707 219457 924784 861973 988768 237933 871632 ,48706 49454 50408 51249 51610 52292 53391 53572 53588 55877 
59085 431346 869019 334888 232689 169845 135916 510431 262114 971887 ,36071 42221 43517 43659 45463 47338 49208 50080 50943 51314 ,59085 431346 869019 334888 232689 169845 135916 510431 262114 971887 ,36071 42221 43517 43659 45463 47338 49208 50080 50943 51314 
537379 40200 128205 492710 512058 852468 379791 485984 793789 268539 ,127254 129387 131699 138098 139385 139831 140761 143474 144768 144950 ,537379 40200 128205 492710 512058 852468 379791 485984 793789 268539 ,127254 129387 131699 138098 139385 139831 140761 143474 144768 144950 
469869 52135 351364 640641 236818 880087 432469 979794 216446 600989 ,19853 30655 31598 31695 33627 33703 35098 35182 37194 39510 ,469869 52135 351364 640641 236818 880087 432469 979794 216446 600989 ,19853 30655 31598 31695 33627 33703 35098 35182 37194 39510 
116990 13039 426154 752570 966996 967327 933025 13523 752369 884852 ,65993 68814 70474 72116 73384 73815 76542 76562 76765 78156 ,966996 13523 884852 14860 837126 713492 256072 354813 705272 440621 ,73384 76562 78156 80821 82428 83251 84249 84320 85934 86109 
635193 357654 901632 50176 336406 55650 718422 743601 743815 267670 ,41999 43143 56398 56422 57638 58830 60674 61239 61622 62612 ,635193 901632 50176 336406 55650 718422 743601 743815 267670 55354 ,41999 56398 56422 57638 58830 60674 61239 61622 62612 62727 
955366 99554 380718 96014 929738 141887 276612 13949 224864 73447 ,56555 60449 61910 61952 62641 62677 63122 63373 64059 66260 ,955366 99554 380718 96014 929738 141887 276612 13949 224864 73447 ,56555 60449 61910 61952 62641 62677 63122 63373 64059 66260 
789320 56276 660632 42152 701492 55811 596110 483727 760198 66922 ,78885 104067 107942 114752 116084 117913 122714 125349 131636 136625 ,789320 56276 660632 42152 701492 55811 596110 483727 760198 66922 ,78885 104067 107942 114752 116084 117913 122714 125349 131636 136625 
61132 61775 209603 604975 527624 354918 208712 518828 198728 850174 ,80947 82407 82418 85166 88550 90059 90604 90969 92328 92507 ,61132 61775 209603 604975 527624 354918 208712 518828 198728 850174 ,80947 82407 82418 85166 88550 90059 90604 90969 92328 92507 
351689 795401 535819 65601 194404 64706 681405 470545 384232 790447 ,61514 63202 70739 79829 81218 81545 81803 83750 88091 88208 ,351689 795401 535819 65601 194404 64706 681405 470545 384232 790447 ,61514 63202 70739 79829 81218 81545 81803 83750 88091 88208 
226481 480425 338034 422045 159001 72818 192533 208836 830234 95819 ,55543 58977 60435 60558 61064 62100 62399 62868 63100 63189 ,226481 480425 338034 422045 159001 72818 192533 208836 830234 95819 ,55543 58977 60435 60558 61064 62100 62399 62868 63100 63189 
426515 427283 305537 325463 905059 515483 232665 363475 363509 75460 ,28502 30408 30654 32129 32769 34450 34520 34802 35047 37811 ,426515 427283 305537 325463 905059 515483 232665 363475 363509 75460 ,28502 30408 30654 32129 32769 34450 34520 34802 35047 37811 
348385 987506 2926 840031 603571 834071 305155 527456 820848 185640 ,65305 70357 70741 75183 77190 78022 79663 80525 81591 84392 ,348385 987506 2926 840031 603571 834071 305155 527456 820848 185640 ,65305 70357 70741 75183 77190 78022 79663 80525 81591 84392 
875413 339978 336691 690086 258217 925931 741783 251824 253568 287283 ,56323 58108 60478 62446 64243 65884 67981 68077 69039 69534 ,875413 339978 336691 690086 741783 251824 253568 347077 350992 136127 ,56323 58108 60478 62446 67981 68077 69039 70297 70731 70787 
712875 215401 879209 196605 442208 241203 418979 930296 613938 838466 ,55941 56294 57557 58358 61655 61878 62849 62965 63395 63751 ,712875 215401 879209 196605 442208 241203 418979 930296 613938 838466 ,55941 56294 57557 58358 61655 61878 62849 62965 63395 63751 
669385 895459 919820 131153 542766 880054 956478 870009 436093 902934 ,49811 50438 52193 54419 54482 55157 55199 55483 56546 57194 ,669385 895459 919820 131153 542766 880054 956478 870009 436093 902934 ,49811 50438 52193 54419 54482 55157 55199 55483 56546 57194 
66093 519305 938302 277222 1131 274531 165633 14496 765737 10270 ,81607 82772 85221 90625 90712 92443 95087 99235 100548 101237 ,66093 519305 938302 277222 1131 274531 165633 14496 765737 10270 ,81607 82772 85221 90625 90712 92443 95087 99235 100548 101237 
944238 245750 619459 14793 20942 635998 392896 369851 3123 236669 ,79088 88629 97643 99255 101075 102485 103393 107071 108077 108531 ,944238 245750 619459 14793 20942 635998 392896 369851 3123 236669 ,79088 88629 97643 99255 101075 102485 103393 107071 108077 108531 
283598 989472 74339 332118 387425 198457 134227 977829 972982 923653 ,66098 71872 73919 75193 75268 76816 77184 78646 79274 79888 ,283598 989472 74339 332118 387425 198457 134227 977829 972982 923653 ,66098 71872 73919 75193 75268 76816 77184 78646 79274 79888 
385891 180430 385982 386503 144871 131714 178483 350860 337368 324917 ,63137 64333 64698 65392 65584 69894 70066 70519 70771 70919 ,385891 180430 385982 386503 144871 131714 178483 350860 337368 324917 ,63137 64333 64698 65392 65584 69894 70066 70519 70771 70919 
226065 241518 64532 749020 681566 909581 705126 256663 230119 514988 ,60411 62772 66379 67000 67803 68962 69088 71115 71168 71601 ,226065 241518 64532 749020 681566 909581 705126 256663 230119 514988 ,60411 62772 66379 67000 67803 68962 69088 71115 71168 71601 
814585 914620 52799 878389 793324 282823 652241 410856 934598 663045 ,60281 82207 87716 101761 102551 104087 106167 108042 111281 118367 ,814585 914620 52799 878389 793324 282823 652241 410856 934598 663045 ,60281 82207 87716 101761 102551 104087 106167 108042 111281 118367 
592431 887704 760869 222639 450398 633796 849957 474501 700309 979857 ,39304 47332 51072 51775 53269 54159 57185 57932 58296 58529 ,760869 849957 979857 814844 540807 979811 682263 80831 951874 697082 ,51072 57185 58529 59362 60205 62841 64138 64702 65203 65604 
250877 343284 841520 174900 289020 398829 731079 364940 733156 550471 ,48737 77260 79864 80421 81704 82661 82663 82891 83606 83871 ,250877 174900 289020 398829 733156 550471 740151 202099 671492 839538 ,48737 80421 81704 82661 83606 83871 85137 85275 85372 86560 
471219 554144 979562 92501 147375 593033 904620 507371 551093 108781 ,75084 81250 82625 84900 85305 86063 88493 89385 94438 94775 ,471219 554144 979562 92501 147375 593033 507371 551093 108781 313704 ,75084 81250 82625 84900 85305 86063 89385 94438 94775 95525 
747432 977122 242155 323632 323841 777600 86498 162256 56856 659647 ,54206 55609 55764 56039 56804 61726 62226 62357 62825 62878 ,747432 977122 242155 323632 323841 777600 86498 162256 56856 659647 ,54206 55609 55764 56039 56804 61726 62226 62357 62825 62878 
262305 379342 536360 175484 312651 375954 701265 21915 770264 606753 ,32672 36912 39307 40901 41441 41455 41520 42436 42443 42839 ,262305 379342 536360 175484 312651 375954 701265 21915 770264 606753 ,32672 36912 39307 40901 41441 41455 41520 42436 42443 42839 
560726 531364 189435 719200 48537 604110 306072 788310 514088 820732 ,55463 74213 77707 90823 101212 103366 103557 104119 106343 107308 ,560726 531364 189435 719200 48537 604110 306072 788310 514088 820732 ,55463 74213 77707 90823 101212 103366 103557 104119 106343 107308 
188995 189140 188936 236994 227307 757326 714214 36751 237968 25952 ,8068 8733 13223 27921 31214 31280 34270 37471 37633 38421 ,188995 189140 188936 236994 227307 757326 714214 36751 237968 25952 ,8068 8733 13223 27921 31214 31280 34270 37471 37633 38421 
622520 30525 977048 439376 435485 924057 729160 69737 198225 277041 ,56847 58539 58999 61312 62782 65281 66219 67572 68504 68504 ,622520 30525 977048 439376 435485 924057 729160 69737 198225 277041 ,56847 58539 58999 61312 62782 65281 66219 67572 68504 68504 
967069 681009 696197 182004 795819 792064 406241 229834 929492 878212 ,59403 59642 66970 67342 68122 69346 69797 70141 70191 71223 ,696197 182004 795819 792064 229834 929492 878212 395379 615939 795591 ,66970 67342 68122 69346 70141 70191 71223 71842 72650 73699 
188852 188915 188844 40571 188879 340073 912138 188894 114793 704627 ,7216 23358 25186 41108 43208 44837 45483 45782 45948 47922 ,188852 188915 188844 40571 188879 340073 912138 188894 114793 704627 ,7216 23358 25186 41108 43208 44837 45483 45782 45948 47922 
272545 777143 60223 449585 39851 797396 597172 6366 514341 754129 ,49800 58897 67439 68961 69515 70187 70824 71720 74099 74492 ,272545 777143 60223 449585 39851 797396 597172 6366 514341 754129 ,49800 58897 67439 68961 69515 70187 70824 71720 74099 74492 
210997 637326 127253 627800 965399 732962 281543 612128 24792 685109 ,29827 33541 33828 34261 35838 36214 38114 38197 38992 39092 ,210997 637326 127253 965399 732962 281543 612128 24792 685109 738458 ,29827 33541 33828 35838 36214 38114 38197 38992 39092 39993 
61354 346012 59203 234730 322813 168705 434509 529143 465604 439697 ,69818 77637 77867 79035 79474 80233 80276 81182 81447 81997 ,61354 346012 59203 234730 322813 168705 434509 529143 465604 439697 ,69818 77637 77867 79035 79474 80233 80276 81182 81447 81997 
637879 128848 143074 466722 341824 20089 928174 248013 724518 389930 ,62984 75437 81620 82783 84081 84562 86443 87883 87949 89163 ,637879 128848 143074 466722 341824 20089 928174 248013 724518 389930 ,62984 75437 81620 82783 84081 84562 86443 87883 87949 89163 
678540 122672 280540 718897 947281 932523 964639 966310 715434 233946 ,30743 33868 36111 37709 39167 39466 39552 39588 39602 40717 ,932523 95215 311127 230563 481024 678975 526397 987365 978044 964844 ,39466 42298 45705 46269 46457 49947 53150 53206 53233 53597 
445206 444883 355890 606171 995340 810041 24552 140754 869242 134410 ,26438 27797 32575 34680 39671 39703 39850 39881 40887 46580 ,445206 444883 355890 606171 995340 810041 24552 140754 869242 134410 ,26438 27797 32575 34680 39671 39703 39850 39881 40887 46580 
263498 426786 637059 636826 820554 974387 656510 130925 539565 449277 ,21212 23388 24835 24961 25352 26989 28282 28705 29619 30082 ,263498 426786 637059 820554 974387 656510 130925 539565 449277 5712 ,21212 23388 24835 25352 26989 28282 28705 29619 30082 30162 
349017 258831 233936 665898 356855 780044 662919 244500 359390 27757 ,23850 24073 29514 29608 30830 30981 31244 31604 31729 32118 ,349017 258831 233936 665898 356855 780044 662919 359390 27757 663193 ,23850 24073 29514 29608 30830 30981 31244 31729 32118 32273 
933412 139999 997991 637997 781781 265651 718854 824463 390950 181043 ,93556 105850 111713 115403 115758 116806 118846 120556 123400 124980 ,933412 139999 997991 637997 781781 265651 718854 824463 390950 181043 ,93556 105850 111713 115403 115758 116806 118846 120556 123400 124980 
305612 523092 279733 469673 777222 292434 292185 536016 227993 337611 ,19527 26627 26762 28308 29066 30347 31503 31535 32241 32407 ,305612 523092 279733 469673 777222 292434 292185 536016 227993 337611 ,19527 26627 26762 28308 29066 30347 31503 31535 32241 32407 
853797 147034 717722 316773 541026 520450 718305 869803 423255 355296 ,43466 48646 50604 50933 51074 52070 53888 54093 54136 54215 ,853797 147034 717722 316773 541026 520450 718305 869803 423255 355296 ,43466 48646 50604 50933 51074 52070 53888 54093 54136 54215 
766138 822413 995033 390793 569451 826443 423134 599853 601746 373468 ,18201 23599 25002 26484 26519 27470 27530 27590 28143 28151 ,766138 995033 826443 400805 792073 654720 825312 826430 251447 424217 ,18201 25002 27470 30983 31773 31849 32074 33136 33258 33501 
769347 381408 812745 959672 890193 497588 722563 773892 42353 465685 ,103015 108129 113588 115059 117642 118585 122993 126472 144053 147074 ,769347 381408 812745 959672 890193 497588 722563 773892 42353 465685 ,103015 108129 113588 115059 117642 118585 122993 126472 144053 147074 
51567 729998 82975 340338 957084 5788 537403 83080 601056 640221 ,32064 33941 36413 36921 37637 37845 38208 38297 38482 38625 ,51567 5788 83080 640221 559013 901637 79443 846720 428100 120241 ,32064 37845 38297 38625 38671 41307 42011 42041 42260 42940 
609892 311669 883093 288758 845451 609783 303295 656519 309759 30904 ,49982 51330 52067 52800 53735 54119 54685 55315 55910 57273 ,609892 311669 883093 288758 845451 609783 303295 656519 30904 846914 ,49982 51330 52067 52800 53735 54119 54685 55315 57273 59839 
936807 569977 774471 154878 492351 318187 16816 913712 6185 972378 ,47801 59425 59839 59951 61793 66020 68683 69165 69410 69819 ,936807 569977 774471 154878 492351 318187 16816 913712 6185 972378 ,47801 59425 59839 59951 61793 66020 68683 69165 69410 69819 
556620 555599 792718 120657 199546 9655 154146 941212 24506 539734 ,62181 79929 81991 88411 88724 88726 90827 91752 91911 93599 ,556620 555599 792718 120657 199546 9655 154146 941212 24506 539734 ,62181 79929 81991 88411 88724 88726 90827 91752 91911 93599 
271758 788326 15805 94481 242008 168995 129220 663374 153059 739139 ,59253 64651 67407 68401 70225 70752 71675 71793 71888 72037 ,271758 788326 15805 94481 242008 168995 129220 663374 153059 739139 ,59253 64651 67407 68401 70225 70752 71675 71793 71888 72037 
730072 313047 799823 645657 53141 905216 913380 861358 414029 417166 ,23769 28596 29976 30045 32375 34609 35383 36183 37103 37905 ,414029 429355 337674 662002 375101 645178 426658 536063 861463 201060 ,37103 39865 41710 41769 41977 42128 42193 42419 43433 43723 
991872 328528 530688 940987 293832 507228 834505 616880 16793 896715 ,49180 50791 51145 51764 52273 53087 55646 58887 59807 59865 ,991872 328528 530688 940987 293832 507228 834505 616880 16793 896715 ,49180 50791 51145 51764 52273 53087 55646 58887 59807 59865 
949276 34906 504763 355012 549785 523589 11609 579570 185703 914026 ,64507 68241 69649 73243 75204 75592 78714 78761 78948 79613 ,949276 34906 504763 355012 549785 523589 579570 185703 914026 205445 ,64507 68241 69649 73243 75204 75592 78761 78948 79613 79621 
281073 336172 696032 312975 543282 635461 684963 701809 401365 259114 ,49558 53045 59268 60072 60938 61497 62919 62938 63019 63037 ,281073 336172 312975 543282 635461 684963 701809 401365 259114 259485 ,49558 53045 60072 60938 61497 62919 62938 63019 63037 64380 
414114 474713 368782 552102 907670 540698 873830 714107 697003 753212 ,98439 109069 113495 113804 117580 118905 120096 122668 125388 125921 ,414114 474713 368782 552102 907670 540698 873830 714107 697003 753212 ,98439 109069 113495 113804 117580 118905 120096 122668 125388 125921 
854572 955101 480781 101339 833310 235968 539677 224777 217218 847659 ,25329 26528 26630 27219 28334 31838 32211 32781 33047 33077 ,854572 955101 480781 101339 833310 235968 539677 224777 217218 847659 ,25329 26528 26630 27219 28334 31838 32211 32781 33047 33077 
427452 309325 694167 210990 245348 806344 700243 770753 432487 613366 ,65063 71202 74049 75146 77138 80087 81178 82037 83444 84278 ,309325 694167 210990 245348 806344 700243 770753 432487 613366 921413 ,71202 74049 75146 77138 80087 81178 82037 83444 84278 85824 
421861 462955 529072 105244 684161 754254 621413 496652 473369 698362 ,41057 53722 55415 57772 58076 58598 60118 60771 60946 61342 ,421861 462955 529072 105244 684161 754254 621413 496652 473369 698362 ,41057 53722 55415 57772 58076 58598 60118 60771 60946 61342 
816466 816052 816520 777071 817446 777125 570877 959746 886273 890738 ,27824 30703 33416 33503 34054 37783 38178 38360 40434 41150 ,816466 816052 816520 777071 817446 777125 570877 959746 886273 890738 ,27824 30703 33416 33503 34054 37783 38178 38360 40434 41150 
580925 534605 525830 686262 552306 875411 939229 267581 534684 876060 ,70849 71544 74036 77354 82357 82520 82726 82892 84170 84289 ,534605 525830 686262 875411 939229 267581 534684 876060 726588 185022 ,71544 74036 77354 82520 82726 82892 84170 84289 84481 84569 
456111 34265 653244 863745 28794 77195 345859 132921 873818 358877 ,93415 131906 133172 134421 138230 140076 141424 142185 142408 144511 ,456111 34265 653244 863745 28794 77195 345859 132921 873818 358877 ,93415 131906 133172 134421 138230 140076 141424 142185 142408 144511 
549465 523530 421100 351847 576731 285853 317757 830787 262189 548637 ,97138 98762 99373 102383 103113 104125 104440 105119 106365 110153 ,549465 523530 421100 351847 576731 285853 317757 830787 262189 548637 ,97138 98762 99373 102383 103113 104125 104440 105119 106365 110153 
730246 539609 796374 316255 892668 240472 241031 963604 622621 251336 ,47861 51267 52010 56416 57653 57827 60074 62685 63296 63299 ,730246 796374 316255 892668 240472 241031 963604 622621 251336 820045 ,47861 52010 56416 57653 57827 60074 62685 63296 63299 63523 
80629 891372 73475 42184 651852 726313 398765 327661 645352 627457 ,92185 92806 106664 113624 113997 115925 116012 119644 121709 123225 ,80629 891372 73475 726313 398765 327661 645352 627457 345010 567504 ,92185 92806 106664 115925 116012 119644 121709 123225 124735 124851 
923706 206559 352913 271341 348032 96815 98463 518496 555711 348882 ,101323 104102 104420 105962 109484 109595 110859 111448 112055 112122 ,923706 206559 352913 271341 348032 96815 98463 518496 555711 348882 ,101323 104102 104420 105962 109484 109595 110859 111448 112055 112122 
32282 834048 774793 212313 972124 962057 725982 748742 943358 714970 ,69931 72897 74927 75915 78462 80657 82174 82400 84273 85782 ,32282 774793 212313 972124 962057 725982 748742 943358 714970 634319 ,69931 74927 75915 78462 80657 82174 82400 84273 85782 85994 
975229 91375 654394 135576 317930 77456 335768 747377 170280 916266 ,78824 83505 88288 88913 92347 93349 95637 96063 97663 98544 ,975229 91375 654394 135576 317930 77456 335768 747377 170280 916266 ,78824 83505 88288 88913 92347 93349 95637 96063 97663 98544 
659613 444474 782408 916060 935950 824042 684240 607386 103817 445645 ,35084 37104 39524 41631 41718 45758 45884 47143 47590 48577 ,659613 444474 782408 916060 935950 824042 684240 607386 103817 445645 ,35084 37104 39524 41631 41718 45758 45884 47143 47590 48577 
953335 912953 643077 446767 655482 656652 642892 887584 639933 446176 ,2573 3690 3726 3751 3836 3885 4161 4190 4200 4248 ,446176 536406 656871 446160 207134 667224 446938 446545 446356 763333 ,4248 4766 5266 5325 5508 5673 5791 5874 5886 5898 
763179 89259 905162 754242 507228 432306 825494 829491 903190 283537 ,47785 55151 55208 58114 58916 59523 59537 59745 60576 60770 ,763179 89259 905162 754242 507228 432306 825494 829491 903190 283537 ,47785 55151 55208 58114 58916 59523 59537 59745 60576 60770 
411888 38387 411903 886153 476963 6003 315503 561972 901260 602759 ,28072 28942 30901 32879 33237 33707 34205 34576 34669 34712 ,411888 38387 411903 886153 476963 6003 315503 561972 901260 602759 ,28072 28942 30901 32879 33237 33707 34205 34576 34669 34712 
830464 863567 862973 404732 831993 661071 35598 116843 757621 612760 ,26536 35060 37639 38422 38544 38656 40550 41141 42638 44248 ,830464 863567 862973 404732 831993 661071 35598 116843 757621 612760 ,26536 35060 37639 38422 38544 38656 40550 41141 42638 44248 
5449 662398 372219 672537 855234 648252 150664 117716 673059 668730 ,60042 64503 66254 69254 71327 72196 74342 75628 76304 76577 ,5449 662398 372219 672537 855234 648252 150664 117716 673059 668730 ,60042 64503 66254 69254 71327 72196 74342 75628 76304 76577 
113537 62127 370042 845569 173797 392147 81492 286442 621864 601812 ,78832 80874 81503 81642 81693 83204 85264 86283 86866 88304 ,113537 62127 370042 845569 173797 81492 621864 601812 506278 171344 ,78832 80874 81503 81642 81693 85264 86866 88304 88622 88889 
545162 996908 855362 867688 849192 997059 848818 858945 853636 191394 ,3451 4634 5230 5927 6321 6416 6502 6985 7242 7323 ,997059 848818 850925 852239 854794 858717 997058 545462 846844 996909 ,6416 6502 7401 7943 8068 8299 9108 11130 11317 11365 
846687 997056 996900 996933 996965 824015 768224 867667 846136 867730 ,5343 5859 6353 8031 8058 8215 8250 8412 8648 8832 ,996900 867730 996909 854855 867743 443809 852660 190532 867685 190894 ,6353 8832 10308 11099 11363 11893 12161 12274 13354 13861 
62141 768753 924173 548867 806142 261665 872611 208392 245451 386174 ,40858 42883 43508 47042 49567 49664 49936 50025 51289 52015 ,62141 768753 924173 548867 806142 261665 872611 208392 245451 386174 ,40858 42883 43508 47042 49567 49664 49936 50025 51289 52015 
503520 759780 500793 389826 326378 351379 389851 932468 529009 150374 ,49581 50202 51292 53254 54768 55425 56636 56639 56746 56885 ,503520 759780 389826 326378 351379 389851 932468 529009 826487 69915 ,49581 50202 53254 54768 55425 56636 56639 56746 57273 57696 
125260 677012 81635 490300 990135 345891 341595 243924 381568 220929 ,161435 162416 170561 171508 187458 189820 193393 201191 205959 229630 ,125260 677012 81635 490300 990135 345891 341595 243924 381568 220929 ,161435 162416 170561 171508 187458 189820 193393 201191 205959 229630 
352465 374443 320916 307653 500558 478305 919967 520645 568193 793605 ,57894 95632 106768 111664 117124 121297 128270 137356 138762 140931 ,352465 374443 320916 307653 500558 478305 919967 520645 568193 793605 ,57894 95632 106768 111664 117124 121297 128270 137356 138762 140931 
655625 739335 593430 191815 218025 674019 899922 912936 755783 101840 ,46313 52213 55693 56470 57358 58237 58566 62407 62620 65898 ,655625 739335 593430 191815 218025 674019 899922 912936 755783 101840 ,46313 52213 55693 56470 57358 58237 58566 62407 62620 65898 
100161 45804 758660 972047 191182 191053 403181 558587 375151 190990 ,28091 30615 34118 34491 34878 36247 36492 36543 37171 37421 ,758660 191182 763396 99480 986718 985708 839322 830670 101576 406620 ,34118 34878 39780 42180 42625 42652 42942 44175 45207 46193 
445471 627915 618341 106771 355017 793722 813031 168982 312265 291535 ,63708 88895 91595 92894 115614 122220 123421 125033 130432 135702 ,445471 627915 618341 106771 355017 793722 813031 168982 312265 291535 ,63708 88895 91595 92894 115614 122220 123421 125033 130432 135702 
672708 416054 204546 337093 555495 716136 539574 487962 768341 354462 ,59052 79319 94486 99002 104143 106732 109161 111262 118896 120672 ,672708 416054 204546 337093 555495 716136 539574 487962 768341 354462 ,59052 79319 94486 99002 104143 106732 109161 111262 118896 120672 
774132 884695 41037 119657 914658 902016 190010 606270 836601 832070 ,14686 20178 23658 23687 28434 32494 33087 33886 34052 35245 ,774132 884695 41037 119657 914658 902016 190010 606270 836601 832070 ,14686 20178 23658 23687 28434 32494 33087 33886 34052 35245 
997913 974137 588263 576888 997735 992940 574026 36148 259374 757715 ,54779 60575 66722 67229 68265 68817 69658 70010 70250 70268 ,997913 588263 576888 997735 992940 574026 36148 259374 757715 759618 ,54779 66722 67229 68265 68817 69658 70010 70250 70268 70956 
832644 487475 957990 113232 762056 473991 554847 449179 292791 560485 ,52184 53148 56028 56732 57623 58298 58662 58881 59152 59396 ,832644 487475 957990 113232 762056 473991 554847 449179 292791 560485 ,52184 53148 56028 56732 57623 58298 58662 58881 59152 59396 
2140 748619 597270 533321 467667 465363 549012 170119 127511 537778 ,74706 76112 77378 81247 87478 87818 88440 88896 91376 92003 ,2140 748619 597270 533321 467667 465363 549012 170119 127511 537778 ,74706 76112 77378 81247 87478 87818 88440 88896 91376 92003 
597107 670858 574205 87670 223958 707408 461786 249623 454652 63659 ,67793 71476 75380 76795 77158 77747 78502 78580 80925 81171 ,597107 670858 574205 87670 223958 707408 461786 249623 454652 63659 ,67793 71476 75380 76795 77158 77747 78502 78580 80925 81171 
211396 637146 238206 338286 971814 364626 200388 274393 200621 650634 ,18537 23190 27203 31762 32917 33932 34781 35115 36041 36958 ,211396 637146 238206 338286 971814 364626 200388 274393 200621 650634 ,18537 23190 27203 31762 32917 33932 34781 35115 36041 36958 
248203 38513 638959 352465 890066 22384 846718 677252 821774 226498 ,55844 59030 59227 59466 60435 64403 68205 69289 70281 71577 ,248203 38513 638959 352465 890066 22384 846718 677252 821774 226498 ,55844 59030 59227 59466 60435 64403 68205 69289 70281 71577 
642755 768133 768111 642697 191782 86747 84497 207419 768141 799965 ,23968 24513 25245 25247 26176 27827 28396 28411 28474 29314 ,207419 793666 768170 824277 49889 99582 832724 37959 770531 906324 ,28411 29753 29756 30189 30768 31088 31190 31555 32475 32817 
961382 862083 682463 21437 197869 753372 425956 74926 411652 390739 ,61807 62923 65673 67271 68613 69066 69355 69796 70082 70247 ,961382 862083 682463 21437 197869 753372 425956 74926 411652 390739 ,61807 62923 65673 67271 68613 69066 69355 69796 70082 70247 
53197 112359 790990 29426 446874 353738 163684 180949 942057 54329 ,69877 77643 82443 82685 83171 84526 84721 85327 86280 86389 ,53197 112359 790990 29426 446874 353738 163684 180949 942057 54329 ,69877 77643 82443 82685 83171 84526 84721 85327 86280 86389 
626300 1599 238099 299211 22870 868170 178960 585611 734686 580695 ,94422 96525 96910 98580 98741 99929 101778 103873 103988 104020 ,626300 1599 238099 299211 22870 868170 178960 585611 734686 580695 ,94422 96525 96910 98580 98741 99929 101778 103873 103988 104020 
768306 710501 768141 793183 38860 216039 785518 48881 870182 189309 ,18556 18620 23169 23178 23428 32992 33608 33747 35270 36137 ,768306 710501 768141 793183 38860 216039 785518 48881 870182 189309 ,18556 18620 23169 23178 23428 32992 33608 33747 35270 36137 
610061 785011 763792 982422 389877 130334 854500 66810 527735 248048 ,54633 68270 71617 71981 73909 74061 74077 76820 77450 78719 ,610061 785011 763792 982422 389877 130334 854500 66810 527735 248048 ,54633 68270 71617 71981 73909 74061 74077 76820 77450 78719 
923797 638600 759729 830476 980153 759147 624776 830510 604725 28898 ,50707 53996 56036 56051 56325 56816 56986 59573 61547 62464 ,923797 638600 759729 830476 759147 624776 830510 604725 28898 976982 ,50707 53996 56036 56051 56816 56986 59573 61547 62464 64171 
293103 144063 38948 1382 293444 498365 166622 976988 544923 283006 ,59133 60776 66418 67346 67829 70370 70545 71981 72707 74921 ,293103 144063 38948 1382 293444 166622 976988 544923 283006 137905 ,59133 60776 66418 67346 67829 70545 71981 72707 74921 74984 
442731 955500 98764 187092 652522 631862 538493 892641 606595 631281 ,41876 49836 50656 51677 53244 53670 54091 55717 59607 61051 ,442731 955500 98764 187092 652522 631862 538493 892641 606595 631281 ,41876 49836 50656 51677 53244 53670 54091 55717 59607 61051 
983551 560726 659613 441029 531166 195289 326725 599177 349406 517056 ,74039 95615 97977 101012 102010 105585 106977 107438 108087 108659 ,983551 560726 659613 441029 531166 195289 326725 599177 349406 517056 ,74039 95615 97977 101012 102010 105585 106977 107438 108087 108659 
668533 535955 998354 997216 203105 152792 770041 726346 887861 924409 ,38313 41154 45732 46450 47070 47882 48004 48095 49082 49107 ,668533 997216 922862 665478 593957 418096 757804 943918 570140 770013 ,38313 46450 51056 51406 51925 53443 53871 55127 55566 55829 
834820 654304 518326 508136 955262 8828 655902 229136 600758 835191 ,68628 75018 76164 79147 80835 82766 82935 83613 84210 84807 ,834820 654304 518326 508136 955262 8828 655902 229136 600758 835191 ,68628 75018 76164 79147 80835 82766 82935 83613 84210 84807 
800407 938230 118302 304140 235762 827043 184318 116997 16357 246356 ,79904 88411 91366 91938 92455 93823 96243 96487 97095 97124 ,938230 118302 304140 235762 827043 184318 116997 16357 16091 678972 ,88411 91366 91938 92455 93823 96243 96487 97095 98054 98526 
310163 141047 318248 596651 659951 149306 500558 1984 12992 434873 ,155777 167654 187321 190297 191872 192637 192802 193089 194805 195388 ,310163 141047 318248 596651 659951 149306 500558 1984 12992 434873 ,155777 167654 187321 190297 191872 192637 192802 193089 194805 195388 
278962 624960 364003 188942 157018 700052 363757 661875 33608 433716 ,45637 48341 49472 49732 49827 50566 52776 53788 53819 54360 ,278962 624960 364003 188942 157018 700052 363757 661875 433716 724514 ,45637 48341 49472 49732 49827 50566 52776 53788 54360 54418 
905189 809072 795381 210736 497494 998874 649670 407973 49928 913074 ,30654 46628 47858 50365 51082 52828 53126 53457 54244 55006 ,905189 809072 795381 210736 497494 998874 649670 407973 49928 913074 ,30654 46628 47858 50365 51082 52828 53126 53457 54244 55006 
452562 884550 636577 480760 919202 310694 760198 97491 432755 256152 ,40001 44023 51557 54165 54321 56946 57941 59500 60532 61041 ,452562 884550 636577 480760 919202 310694 760198 97491 432755 256152 ,40001 44023 51557 54165 54321 56946 57941 59500 60532 61041 
169815 96848 378546 725877 389700 533606 96219 523308 306950 663900 ,54933 56481 60361 61945 62577 63641 63954 63987 64696 65184 ,96848 378546 725877 389700 533606 96219 523308 306950 663900 744302 ,56481 60361 61945 62577 63641 63954 63987 64696 65184 66972 
353041 540682 518266 58969 800747 859421 352293 236942 515173 658165 ,29180 30973 32305 33147 33887 34156 34990 35025 35453 35650 ,353041 540682 518266 58969 800747 859421 352293 236942 515173 658165 ,29180 30973 32305 33147 33887 34156 34990 35025 35453 35650 
966149 337182 615106 431665 615500 20893 500109 551718 630310 188871 ,47262 47512 47685 48035 48498 48815 48999 49365 49583 49633 ,966149 337182 615106 431665 615500 20893 500109 630310 188871 514539 ,47262 47512 47685 48035 48498 48815 48999 49583 49633 50298 
385095 406652 850355 945205 539165 541926 600325 442689 559480 385128 ,28019 31452 31636 32241 35491 36309 37587 37672 37768 37841 ,385095 406652 850355 945205 539165 541926 600325 442689 559480 385128 ,28019 31452 31636 32241 35491 36309 37587 37672 37768 37841 
201947 266225 635590 745546 976089 662555 607625 480265 633211 284571 ,28930 28930 30931 32599 33198 33293 33447 34208 35244 35665 ,201947 266225 635590 745546 976089 662555 607625 480265 633211 15542 ,28930 28930 30931 32599 33198 33293 33447 34208 35244 35896 
527344 661722 770378 654803 450071 806415 667048 657642 561481 655930 ,53142 55043 57437 58103 59300 60086 61933 62274 63195 64365 ,527344 661722 770378 654803 450071 806415 667048 657642 561481 655930 ,53142 55043 57437 58103 59300 60086 61933 62274 63195 64365 
158306 725467 631828 498827 713982 84335 306383 809503 610138 323431 ,33146 34726 36314 38991 39135 39320 39338 40721 40928 41118 ,158306 725467 631828 498827 713982 84335 306383 809503 610138 323431 ,33146 34726 36314 38991 39135 39320 39338 40721 40928 41118 
151368 195620 516439 132040 960990 698634 429779 390187 400721 338033 ,45860 48177 48682 53043 55859 57185 57253 58074 58265 58313 ,151368 195620 516439 132040 960990 698634 429779 400721 701829 94404 ,45860 48177 48682 53043 55859 57185 57253 58265 58821 58889 
714014 804910 721162 714655 831923 312289 987240 466268 330813 965505 ,41631 44230 47300 48268 50007 51276 51615 51630 51652 51661 ,804910 714655 312289 429028 229916 527471 20829 168489 245348 502234 ,44230 48268 51276 55006 55529 56295 56358 56722 57084 57242 
825538 710449 362407 116604 93521 534515 151912 438834 190483 663667 ,54210 60053 60516 60965 62023 65635 66261 68287 68883 69385 ,825538 710449 362407 116604 93521 534515 151912 438834 190483 663667 ,54210 60053 60516 60965 62023 65635 66261 68287 68883 69385 
997491 839349 979602 640613 877515 640484 894452 217236 837664 881086 ,29863 33294 34586 38354 44839 47001 48222 48514 49111 49422 ,997491 839349 979602 640613 877515 640484 894452 217236 837664 881086 ,29863 33294 34586 38354 44839 47001 48222 48514 49111 49422 
91767 338087 323192 83286 111429 289445 504220 526117 69545 614314 ,69361 78001 92349 97923 98509 99089 99184 99255 100564 102697 ,91767 338087 83286 111429 289445 504220 526117 69545 614314 882512 ,69361 78001 97923 98509 99089 99184 99255 100564 102697 103549 
182741 727294 721507 234219 665655 617724 346340 809206 840762 423695 ,39848 42753 43875 45767 46618 46730 47065 47967 48667 49251 ,182741 727294 721507 234219 665655 617724 346340 809206 840762 423695 ,39848 42753 43875 45767 46618 46730 47065 47967 48667 49251 
132449 81574 104840 280337 535022 20762 78906 524877 364114 104784 ,25169 25683 26867 29047 29666 32704 33095 33230 33929 33998 ,132449 81574 104840 280337 535022 20762 78906 524877 364114 104784 ,25169 25683 26867 29047 29666 32704 33095 33230 33929 33998 
517350 326945 519829 517589 37278 474611 517778 520149 518041 645273 ,30517 31261 33202 33308 36843 37392 37419 37438 37793 38073 ,517350 326945 519829 517589 37278 474611 520149 518041 645273 951973 ,30517 31261 33202 33308 36843 37392 37438 37793 38073 38168 
288253 929695 14953 967728 400789 20845 491758 833224 483214 198887 ,58057 58279 61488 64839 66549 67912 67914 69464 72376 73169 ,288253 929695 14953 967728 400789 20845 491758 833224 483214 198887 ,58057 58279 61488 64839 66549 67912 67914 69464 72376 73169 
90086 832416 94259 823745 305594 894094 261999 634518 87081 91254 ,33081 34560 36990 37188 37383 40680 41249 41734 41769 42613 ,90086 832416 94259 823745 305594 894094 261999 634518 87081 91254 ,33081 34560 36990 37188 37383 40680 41249 41734 41769 42613 
112537 310466 858224 337258 279181 123315 372280 406942 30866 309191 ,48040 49502 49586 50303 52287 52887 52968 54349 54401 54522 ,112537 310466 858224 337258 279181 123315 372280 406942 30866 309191 ,48040 49502 49586 50303 52287 52887 52968 54349 54401 54522 
34173 35394 107777 779901 478756 123122 150496 598301 30343 122977 ,50330 52514 59621 60394 61505 61646 61752 62165 62504 62883 ,34173 35394 107777 779901 478756 123122 150496 598301 19947 177560 ,50330 52514 59621 60394 61505 61646 61752 62165 63180 63325 
202371 268845 561204 480100 201118 942710 844141 224710 413448 929890 ,23700 27769 30359 37448 40359 41723 42695 44287 45133 45935 ,202371 268845 561204 480100 201118 942710 844141 224710 413448 929890 ,23700 27769 30359 37448 40359 41723 42695 44287 45133 45935 
696914 541317 966233 960281 432196 100773 271118 913231 31185 909576 ,64026 64896 67612 69776 74805 80198 81206 85863 87471 87563 ,696914 541317 966233 960281 432196 100773 271118 913231 31185 909576 ,64026 64896 67612 69776 74805 80198 81206 85863 87471 87563 
427047 581111 106349 94446 245523 682078 619019 170024 554635 130505 ,67293 67440 67711 68495 68602 69479 69812 71541 71771 71952 ,427047 581111 106349 94446 245523 682078 619019 170024 554635 130505 ,67293 67440 67711 68495 68602 69479 69812 71541 71771 71952 
90322 363852 279467 89450 389988 747679 280895 693981 389897 830114 ,33048 35161 35905 36675 36727 36826 37860 38362 38374 38392 ,90322 363852 279467 89450 389988 747679 280895 693981 389897 830114 ,33048 35161 35905 36675 36727 36826 37860 38362 38374 38392 
596735 810001 800654 19133 560887 834280 60421 877567 906054 336408 ,53780 61244 61327 64795 70615 73885 74850 75723 75723 75842 ,596735 810001 800654 19133 560887 834280 60421 906054 877567 336408 ,53780 61244 61327 64795 70615 73885 74850 75723 75723 75842 
514161 827713 112967 94512 710358 30564 912363 578530 72315 607069 ,42559 47898 49792 49871 51161 51296 52020 52443 53220 54082 ,514161 827713 112967 94512 710358 912363 578530 72315 607069 673296 ,42559 47898 49792 49871 51161 52020 52443 53220 54082 54457 
723045 391904 457311 886716 222380 817890 748739 994634 427104 632254 ,32048 41670 42560 45071 45561 46204 47050 47977 48088 50583 ,723045 391904 457311 886716 817890 748739 994634 427104 632254 93957 ,32048 41670 42560 45071 46204 47050 47977 48088 50583 51058 
293099 279908 720108 278829 308272 961166 212045 279852 278722 52195 ,44699 46230 46950 47081 47162 48037 48189 48232 48275 48868 ,293099 279908 720108 278829 308272 961166 212045 279852 278722 52195 ,44699 46230 46950 47081 47162 48037 48189 48232 48275 48868 
304068 237147 497522 921671 351191 557598 75179 688029 581999 979621 ,50281 55785 60466 60540 60660 64205 64384 66932 67367 67829 ,304068 237147 497522 921671 351191 557598 75179 688029 581999 979621 ,50281 55785 60466 60540 60660 64205 64384 66932 67367 67829 
665664 86788 315762 121916 86999 426706 121977 30718 304994 788791 ,52540 54296 56011 57192 58897 59929 60463 60797 62653 62787 ,665664 86788 315762 121916 86999 426706 121977 30718 304994 788791 ,52540 54296 56011 57192 58897 59929 60463 60797 62653 62787 
247876 658640 551582 69409 247468 124994 247265 225603 860006 16923 ,41907 44191 45616 47158 47642 47904 48115 48506 50580 50947 ,247876 658640 551582 69409 124994 247265 225603 860006 16923 596243 ,41907 44191 45616 47158 47904 48115 48506 50580 50947 51243 
561074 820092 274383 773723 271895 407109 531648 895566 123018 544386 ,40077 45373 47083 47602 47998 48375 49226 49460 49588 49730 ,561074 820092 773723 271895 407109 531648 895566 123018 544386 896703 ,40077 45373 47602 47998 48375 49226 49460 49588 49730 49799 
353539 556126 59264 503437 561074 669098 390191 50343 188049 478940 ,31379 37798 47272 47301 48220 48990 49162 49879 50067 50234 ,353539 556126 59264 503437 561074 669098 390191 50343 188049 478940 ,31379 37798 47272 47301 48220 48990 49162 49879 50067 50234 
629205 248048 512460 280629 430354 282260 629495 125085 285312 41903 ,44870 48297 48437 48697 49121 49263 50842 51306 51741 51750 ,629205 248048 512460 280629 282260 629495 125085 285312 41903 925941 ,44870 48297 48437 48697 49263 50842 51306 51741 51750 51991 
311237 357211 346574 184175 805389 941045 788087 461629 273573 123715 ,71900 72137 73291 76013 77897 78634 82866 83041 83905 85188 ,311237 357211 346574 184175 805389 941045 788087 461629 273573 123715 ,71900 72137 73291 76013 77897 78634 82866 83041 83905 85188 
111647 522538 212614 212514 437845 60894 599448 130620 82062 238236 ,43371 43925 44290 48351 50747 50885 51282 52133 52884 53318 ,111647 522538 212614 212514 437845 60894 599448 130620 82062 238236 ,43371 43925 44290 48351 50747 50885 51282 52133 52884 53318 
345301 394693 717261 23333 193088 271904 479600 255820 260542 542241 ,46817 47896 50439 50688 50741 50741 51080 52747 52884 53587 ,345301 394693 717261 23333 193088 271904 479600 255820 260542 893289 ,46817 47896 50439 50688 50741 50741 51080 52747 52884 54399 
202937 229222 357422 76032 885687 998004 658763 101215 795381 202251 ,56803 60403 62442 63099 65118 69167 70449 72796 73764 75937 ,202937 229222 357422 76032 885687 998004 658763 101215 795381 202251 ,56803 60403 62442 63099 65118 69167 70449 72796 73764 75937 
393759 771411 187705 151417 169903 702584 290740 403517 308802 533858 ,96871 104597 115522 118314 126020 127044 132318 134034 134926 142272 ,393759 771411 187705 151417 169903 702584 290740 403517 308802 533858 ,96871 104597 115522 118314 126020 127044 132318 134034 134926 142272 
644317 643155 824841 313847 886407 640120 545785 3427 272367 140975 ,47837 48766 53059 58901 59513 61314 61423 62962 64166 64892 ,644317 643155 824841 313847 886407 640120 545785 3427 272367 140975 ,47837 48766 53059 58901 59513 61314 61423 62962 64166 64892 
788822 884503 483124 241988 354229 627800 549426 502410 717821 785075 ,34189 36113 43124 43393 43853 44438 45422 47437 48607 48728 ,788822 884503 483124 241988 354229 549426 502410 717821 785075 94146 ,34189 36113 43124 43393 43853 45422 47437 48607 48728 49284 
689961 16573 913871 410627 616369 78113 267618 789798 188711 795292 ,62087 63008 64270 67378 69128 69892 73868 75063 77192 77661 ,689961 16573 913871 410627 616369 78113 267618 789798 188711 795292 ,62087 63008 64270 67378 69128 69892 73868 75063 77192 77661 
80840 176718 95292 550220 267475 746471 178866 838935 285493 529244 ,63003 64284 64407 65335 65801 66808 67324 67767 69160 69260 ,80840 176718 95292 550220 267475 746471 178866 838935 285493 529244 ,63003 64284 64407 65335 65801 66808 67324 67767 69160 69260 
978838 13104 984332 979346 213206 669656 562556 531641 96754 905974 ,37309 45822 46430 47577 47674 48830 51169 51635 51727 51747 ,978838 13104 984332 979346 213206 669656 562556 531641 96754 905974 ,37309 45822 46430 47577 47674 48830 51169 51635 51727 51747 
932948 678762 614134 325391 950640 925140 629031 630843 592817 943073 ,94732 108455 109807 111494 116268 117458 118730 118981 119258 120316 ,932948 678762 614134 325391 950640 925140 629031 630843 592817 943073 ,94732 108455 109807 111494 116268 117458 118730 118981 119258 120316 
886434 191297 857602 487797 396583 255423 261181 886476 997196 100812 ,48034 51933 53094 55086 58953 59170 63762 63835 64756 65243 ,886434 191297 857602 487797 396583 255423 261181 886476 997196 100812 ,48034 51933 53094 55086 58953 59170 63762 63835 64756 65243 
239895 134243 960124 616496 77623 742121 391430 866308 731592 616687 ,48292 56062 56824 60962 64359 66248 67951 68605 70099 72795 ,239895 134243 960124 616496 77623 742121 391430 866308 731592 616687 ,48292 56062 56824 60962 64359 66248 67951 68605 70099 72795 
591531 579726 503403 580135 687700 230522 567481 245837 504154 504734 ,13794 20995 25966 29095 30630 32226 32372 32620 32672 33100 ,591531 579726 503403 580135 687700 230522 567481 245837 504154 504734 ,13794 20995 25966 29095 30630 32226 32372 32620 32672 33100 
978051 114033 218969 586919 640591 267381 568826 739157 661805 642681 ,41717 43957 45630 46451 47686 47816 48609 48736 48859 49562 ,978051 114033 218969 586919 640591 267381 568826 739157 661805 642681 ,41717 43957 45630 46451 47686 47816 48609 48736 48859 49562 
310047 357793 185495 688229 194272 310770 902391 807579 184505 679666 ,46461 46540 49910 52520 55296 59239 61694 63126 64820 64840 ,357793 185495 688229 194272 310770 902391 184505 679666 909603 701962 ,46540 49910 52520 55296 59239 61694 64820 64840 65013 65150 
396812 64764 78295 868889 947111 403671 877995 798930 192975 271791 ,47537 48432 48765 50354 51467 51741 52317 52364 52373 52373 ,396812 64764 78295 868889 947111 403671 877995 798930 271791 192975 ,47537 48432 48765 50354 51467 51741 52317 52364 52373 52373 
868292 203319 425998 481267 769094 949446 520434 396416 253562 500558 ,70688 71632 73198 80184 89602 90276 90905 93530 94004 94117 ,868292 203319 425998 481267 769094 949446 520434 396416 253562 500558 ,70688 71632 73198 80184 89602 90276 90905 93530 94004 94117 
503206 721507 522932 727294 187951 798606 2814 686433 526708 612627 ,62242 66517 67330 67797 68533 69191 69682 70176 70469 70485 ,503206 721507 522932 727294 187951 798606 2814 686433 526708 612627 ,62242 66517 67330 67797 68533 69191 69682 70176 70469 70485 
751671 349394 978145 519042 989250 866420 355451 741074 166374 933103 ,72377 75973 77703 78911 79189 80492 80784 81583 82844 83061 ,751671 349394 978145 519042 989250 866420 355451 741074 166374 933103 ,72377 75973 77703 78911 79189 80492 80784 81583 82844 83061 
366606 497632 112093 4215 50628 322896 347109 5149 322541 213405 ,85692 88358 93952 94953 97338 99855 100299 100810 101222 102853 ,366606 497632 112093 4215 50628 322896 347109 5149 322541 213405 ,85692 88358 93952 94953 97338 99855 100299 100810 101222 102853 
298910 464511 696572 72779 396934 310764 431962 301559 676266 731156 ,64531 66816 68884 70162 71374 74313 74568 74698 74820 75515 ,298910 464511 696572 72779 396934 310764 431962 301559 731156 183094 ,64531 66816 68884 70162 71374 74313 74568 74698 75515 75732 
261574 524865 321918 271987 420078 152559 106725 345501 337913 482242 ,55771 58435 58538 58562 58898 60064 60128 60800 61329 63110 ,261574 524865 321918 271987 420078 152559 106725 345501 337913 482242 ,55771 58435 58538 58562 58898 60064 60128 60800 61329 63110 
61758 870333 831538 130138 905653 946961 846625 546682 205261 541684 ,28633 31059 33636 42232 42296 44777 46562 46760 47256 48210 ,61758 870333 831538 130138 905653 946961 846625 546682 205261 541684 ,28633 31059 33636 42232 42296 44777 46562 46760 47256 48210 
329141 178623 809559 325635 576495 490688 173826 703479 529657 988737 ,57086 57897 58296 58683 60104 60591 61223 61490 62205 62641 ,329141 178623 809559 325635 576495 173826 703479 529657 988737 242206 ,57086 57897 58296 58683 60104 61223 61490 62205 62641 63151 
123450 732054 369223 769842 772352 321853 69634 833961 69881 249921 ,42672 45937 46218 47640 51666 52221 52668 52737 53184 53558 ,123450 732054 369223 769842 772352 321853 69634 833961 69881 249921 ,42672 45937 46218 47640 51666 52221 52668 52737 53184 53558 
854705 202901 267179 85726 818202 84238 30808 684732 501135 637040 ,16825 18474 18474 19235 19686 20523 21582 21903 22150 22206 ,818202 30808 974730 428597 653517 31460 685504 788426 652964 824636 ,19686 21582 22295 22942 23253 23909 24320 26314 26333 26475 
474309 380305 595635 392147 988248 649669 432528 944239 200875 875290 ,57343 58858 59119 60416 61551 61722 62515 62523 62828 63323 ,474309 380305 595635 988248 649669 432528 944239 200875 875290 71814 ,57343 58858 59119 61551 61722 62515 62523 62828 63323 63451 
210509 978278 261243 982096 993673 333802 504036 170157 512814 742084 ,51969 67352 69242 70360 71809 72104 76229 77528 80778 81168 ,210509 978278 261243 982096 993673 333802 504036 170157 512814 742084 ,51969 67352 69242 70360 71809 72104 76229 77528 80778 81168 
743911 496017 745492 549225 369035 595996 537938 787759 678542 858870 ,66795 68290 68960 72938 81364 82352 82754 82921 83094 83565 ,743911 496017 745492 549225 595996 537938 787759 678542 858870 273533 ,66795 68290 68960 72938 82352 82754 82921 83094 83565 83943 
265207 994010 497638 137081 544082 633249 68109 232749 888361 382283 ,58087 58470 76823 81350 91548 91623 92608 92866 94552 94613 ,265207 994010 497638 137081 544082 633249 68109 232749 888361 382283 ,58087 58470 76823 81350 91548 91623 92608 92866 94552 94613 
483155 234497 364498 487832 628188 355197 772671 176796 403517 509326 ,71228 82431 84810 87254 89410 89506 98325 113990 114942 115976 ,483155 234497 364498 487832 628188 355197 772671 176796 403517 509326 ,71228 82431 84810 87254 89410 89506 98325 113990 114942 115976 
980353 284154 875824 668623 618355 150734 434554 836360 150164 587415 ,77778 80101 82426 83533 84001 84413 84765 86655 89239 89327 ,980353 284154 875824 668623 618355 150734 434554 836360 150164 587415 ,77778 80101 82426 83533 84001 84413 84765 86655 89239 89327 
67214 558004 904027 272354 152953 453527 301484 417232 865527 571443 ,29870 34078 37952 39384 39709 40146 40284 40717 41786 42343 ,67214 558004 904027 272354 152953 453527 301484 417232 865527 571443 ,29870 34078 37952 39384 39709 40146 40284 40717 41786 42343 
248198 364095 605612 341898 506570 330273 292374 350805 663782 230789 ,33227 34853 35833 38534 38623 39061 39712 40095 40159 40741 ,364095 605612 341898 506570 330273 292374 350805 663782 230789 350950 ,34853 35833 38534 38623 39061 39712 40095 40159 40741 41373 
631584 466884 697010 109167 484860 9217 395644 456580 697177 406311 ,59413 62384 66409 69121 70589 70683 70880 72530 75123 75442 ,466884 697010 109167 484860 9217 395644 456580 697177 406311 393840 ,62384 66409 69121 70589 70683 70880 72530 75123 75442 76008 
697087 185906 72657 515201 489742 106543 932537 813343 472549 924175 ,64242 76612 78768 83373 87234 87661 87690 89319 89793 91414 ,697087 185906 72657 515201 489742 106543 932537 813343 472549 924175 ,64242 76612 78768 83373 87234 87661 87690 89319 89793 91414 
200676 264954 919403 284688 99688 128611 475748 637322 416084 236320 ,51016 51016 51785 54491 59796 60300 60338 61010 63412 64490 ,200676 264954 919403 284688 99688 128611 475748 637322 416084 236320 ,51016 51016 51785 54491 59796 60300 60338 61010 63412 64490 
539271 15937 14946 183958 13594 599292 931811 436354 329333 254853 ,90379 110427 115011 116990 120318 123973 129162 130325 134474 136474 ,539271 15937 14946 183958 13594 599292 931811 436354 329333 254853 ,90379 110427 115011 116990 120318 123973 129162 130325 134474 136474 
263883 107631 760312 351638 768773 818357 266306 758994 317716 348465 ,35372 61160 62236 65176 71066 72125 75402 77445 79001 81029 ,263883 107631 760312 351638 768773 818357 266306 758994 317716 348465 ,35372 61160 62236 65176 71066 72125 75402 77445 79001 81029 
492519 613842 611679 124932 871585 704812 613462 399883 617496 260982 ,107709 107840 108786 109997 113096 113479 113526 114278 115462 119493 ,492519 613842 611679 124932 871585 704812 613462 399883 617496 260982 ,107709 107840 108786 109997 113096 113479 113526 114278 115462 119493 
811023 678725 549624 669368 828095 684739 669248 81169 991242 27036 ,48267 51589 52023 52205 52443 53740 54192 54872 59270 59421 ,811023 678725 549624 669368 828095 684739 669248 81169 991242 27036 ,48267 51589 52023 52205 52443 53740 54192 54872 59270 59421 
503418 811697 669353 719 141861 210471 683352 521695 487962 247417 ,87496 95260 98665 100521 105843 109135 109378 112597 114474 114919 ,503418 811697 669353 719 141861 210471 683352 521695 487962 247417 ,87496 95260 98665 100521 105843 109135 109378 112597 114474 114919 
19198 124275 256130 840638 800706 575066 291441 431452 338657 733382 ,67668 67761 69033 73122 74478 74805 78200 78247 78648 78676 ,19198 124275 256130 840638 800706 575066 431452 733382 849599 349002 ,67668 67761 69033 73122 74478 74805 78247 78676 78852 79184 
883683 10319 557000 448899 571284 465901 973755 355213 709338 333104 ,67454 67854 69757 70496 72342 72978 73134 73246 73510 76652 ,10319 557000 448899 571284 465901 973755 355213 709338 930932 699847 ,67854 69757 70496 72342 72978 73134 73246 73510 76790 77825 
158755 565190 825236 931187 131266 735866 468092 693581 903852 63195 ,56124 57036 58995 63078 63239 63735 65460 67481 67894 67918 ,158755 565190 825236 931187 131266 735866 468092 693581 903852 63195 ,56124 57036 58995 63078 63239 63735 65460 67481 67894 67918 
966191 965587 353851 537379 337565 134217 389602 391150 728484 301040 ,60320 68519 70223 75994 77331 79684 82712 83055 83386 83839 ,966191 965587 353851 537379 337565 134217 389602 391150 728484 301040 ,60320 68519 70223 75994 77331 79684 82712 83055 83386 83839 
632439 608293 374400 997403 295104 290338 663895 294084 849927 301868 ,48922 52944 53865 53891 54101 54816 55353 55575 56317 58187 ,294084 113633 961304 585128 864449 234874 902586 877621 374440 88651 ,55575 59141 63788 65630 65845 66188 66242 66674 66949 67187 
193541 272357 571407 296289 77746 359236 517687 637863 922439 664612 ,29136 29136 30826 31222 31691 31902 32276 32898 33056 33240 ,296289 218374 273199 67990 660520 540328 916876 830609 966649 104610 ,31222 34056 34098 35119 36010 36435 37486 38305 38460 39065 
360052 628897 501331 511626 297805 66879 74133 966722 591114 989417 ,59371 61680 64986 66191 67090 68939 69816 70271 72486 73722 ,360052 628897 501331 511626 66879 74133 966722 591114 989417 501010 ,59371 61680 64986 66191 68939 69816 70271 72486 73722 75720 
800396 596815 800229 597164 598008 813855 329605 349639 489315 315182 ,40061 41233 44587 45397 46028 49927 51046 51268 54167 54958 ,596815 800229 341222 295904 752410 260396 70316 253734 824106 166576 ,41233 44587 61025 62931 63590 64313 65150 65807 66670 67030 
982758 480737 708169 598701 254510 519566 540222 711946 714952 752844 ,38763 45739 46648 47784 47878 49323 49736 49827 50591 50639 ,982758 480737 708169 598701 519566 540222 711946 714952 752844 48561 ,38763 45739 46648 47784 49323 49736 49827 50591 50639 51128 
739013 226162 224331 80814 802461 2435 391014 3645 61822 982959 ,67469 68957 69043 74293 76044 76209 78103 78238 78962 79573 ,226162 224331 80814 802461 2435 391014 3645 61822 982959 572899 ,68957 69043 74293 76044 76209 78103 78238 78962 79573 79640 
80659 80263 525122 512696 705283 95101 957088 668723 203928 268206 ,57555 59259 63794 64993 65924 66144 66903 68676 68884 68884 ,80659 80263 525122 512696 705283 95101 957088 668723 268206 203928 ,57555 59259 63794 64993 65924 66144 66903 68676 68884 68884 
702673 96823 669383 2075 19769 742439 233060 232921 111147 185699 ,141469 154072 156785 158297 158871 160733 161993 163701 163712 166410 ,702673 96823 669383 2075 19769 742439 233060 232921 111147 185699 ,141469 154072 156785 158297 158871 160733 161993 163701 163712 166410 
531690 61372 800131 268856 75486 845014 386399 388524 684685 429976 ,54290 62175 66975 68030 72317 73042 74995 75097 75554 75606 ,61372 800131 268856 75486 845014 386399 388524 684685 429976 87501 ,62175 66975 68030 72317 73042 74995 75097 75554 75606 75833 
692327 465848 813119 15998 16145 402554 343930 917154 286661 193851 ,74830 81826 83463 83921 84561 86248 86856 87431 88657 88922 ,692327 465848 813119 15998 16145 402554 343930 917154 286661 193851 ,74830 81826 83463 83921 84561 86248 86856 87431 88657 88922 
79872 61303 942016 17868 242842 855110 46935 273221 802102 938567 ,60072 60539 60913 69331 70104 73116 73556 74116 74705 76471 ,79872 61303 942016 17868 242842 855110 46935 273221 802102 938567 ,60072 60539 60913 69331 70104 73116 73556 74116 74705 76471 
206254 389276 994105 897382 234683 322758 9857 897761 851324 798211 ,64383 73887 74023 75442 76724 78976 79238 79276 79506 80882 ,206254 389276 994105 897382 234683 322758 9857 897761 851324 798211 ,64383 73887 74023 75442 76724 78976 79238 79276 79506 80882 
354523 429461 203351 150019 757349 698777 836814 499111 720005 505362 ,52656 54576 60069 60155 61100 61337 61816 62697 65787 65971 ,354523 429461 203351 150019 757349 698777 836814 499111 720005 505362 ,52656 54576 60069 60155 61100 61337 61816 62697 65787 65971 
97203 484954 198799 257771 304069 268091 905871 885624 422056 185496 ,39727 44762 57734 57830 60753 61786 66905 67923 68334 68467 ,97203 484954 198799 257771 304069 268091 905871 885624 422056 540479 ,39727 44762 57734 57830 60753 61786 66905 67923 68334 68890 
570906 864636 694618 685470 76703 496198 873870 81986 397626 476205 ,35948 45511 47974 49065 51427 52874 53129 54156 54969 56127 ,570906 864636 694618 685470 76703 496198 873870 81986 397626 476205 ,35948 45511 47974 49065 51427 52874 53129 54156 54969 56127 
157219 450582 570528 716130 603173 627932 204835 646605 382115 830031 ,23229 27437 27479 27987 28626 29008 29059 29333 29919 29977 ,157219 450582 570528 716130 603173 627932 204835 646605 382115 830031 ,23229 27437 27479 27987 28626 29008 29059 29333 29919 29977 
584613 573929 316976 669966 858568 62751 801052 465937 136209 35213 ,74368 87186 89988 90100 90705 92094 92193 92928 101375 101468 ,584613 316976 669966 858568 62751 801052 465937 136209 35213 783904 ,74368 89988 90100 90705 92094 92193 92928 101375 101468 103646 
780320 32736 222873 432535 495333 497406 358 808891 193743 363827 ,62000 71812 73182 73448 75280 77893 79631 81066 81754 82460 ,780320 32736 222873 432535 495333 497406 358 808891 193743 363827 ,62000 71812 73182 73448 75280 77893 79631 81066 81754 82460 
324723 72547 247239 275995 516903 483684 654268 698840 566713 517386 ,39588 44269 44315 44551 44669 44807 46716 47153 47292 50177 ,324723 72547 247239 275995 516903 483684 654268 698840 566713 517386 ,39588 44269 44315 44551 44669 44807 46716 47153 47292 50177 
245516 680855 887499 93033 629352 923636 925565 482198 276183 369063 ,75386 83881 84607 85878 86827 88419 88711 88724 90040 90124 ,245516 680855 887499 93033 629352 923636 925565 482198 276183 369063 ,75386 83881 84607 85878 86827 88419 88711 88724 90040 90124 
427201 217706 954211 185212 280948 390704 419485 592262 927881 949207 ,79827 82168 86814 89077 89354 90156 90989 91042 91493 93169 ,427201 217706 954211 185212 280948 390704 419485 592262 927881 949207 ,79827 82168 86814 89077 89354 90156 90989 91042 91493 93169 
51520 16423 11614 47681 603259 867371 942852 143462 676689 833702 ,58433 59566 59811 63666 65675 66252 66573 68584 69578 71504 ,51520 16423 11614 47681 603259 867371 942852 143462 676689 833702 ,58433 59566 59811 63666 65675 66252 66573 68584 69578 71504 
872209 903852 478643 897253 12505 585492 158755 63195 739122 272330 ,58033 62785 68423 69215 69493 69627 70665 74359 75144 75481 ,872209 903852 478643 897253 12505 585492 158755 63195 739122 272330 ,58033 62785 68423 69215 69493 69627 70665 74359 75144 75481 
230817 830565 65189 353731 820794 799635 424217 126956 912036 85345 ,89099 91461 92069 93343 94902 95714 95843 100457 100951 101322 ,230817 830565 65189 353731 820794 799635 424217 126956 912036 85345 ,89099 91461 92069 93343 94902 95714 95843 100457 100951 101322 
59115 389198 845330 875904 805985 99189 138675 968373 194815 479315 ,67389 74012 76297 78078 78131 78558 79620 82088 82853 82872 ,59115 389198 845330 875904 805985 99189 138675 968373 194815 270462 ,67389 74012 76297 78078 78131 78558 79620 82088 82853 83145 
323850 775362 125546 633117 151627 361335 326316 244728 254598 928136 ,41558 53931 57833 59354 60219 67603 68631 68866 70757 71232 ,323850 775362 125546 633117 151627 361335 326316 244728 254598 928136 ,41558 53931 57833 59354 60219 67603 68631 68866 70757 71232 
313875 358327 696282 118721 143332 690700 298646 87971 302748 665164 ,66457 67488 68625 69058 69302 69547 70733 70790 71828 71848 ,313875 358327 696282 118721 143332 690700 298646 302748 665164 29923 ,66457 67488 68625 69058 69302 69547 70733 71828 71848 72645 
40870 757336 132259 407638 117007 104155 900887 457123 595657 59323 ,64844 69170 69295 72938 76848 81115 81731 81735 81839 82169 ,40870 757336 132259 407638 117007 900887 457123 59323 311016 453397 ,64844 69170 69295 72938 76848 81731 81735 82169 83171 84090 
88910 193701 272517 195186 274002 748633 751730 226215 904298 48560 ,33283 34887 34887 35731 35731 37202 37998 38411 38883 39767 ,88910 193701 272517 274002 195186 748633 751730 226215 904298 48560 ,33283 34887 34887 35731 35731 37202 37998 38411 38883 39767 
1708 354887 439752 239921 513027 432191 457332 889693 208797 540866 ,70087 72866 73668 76469 77604 78932 81375 81491 81914 82079 ,1708 354887 439752 239921 513027 432191 457332 208797 540866 875697 ,70087 72866 73668 76469 77604 78932 81375 81914 82079 82614 
342256 223987 177228 454019 15641 58734 67557 469312 526703 508658 ,58157 63936 64224 65191 65619 66179 66361 66524 68562 68933 ,342256 223987 177228 454019 15641 58734 67557 469312 526703 508658 ,58157 63936 64224 65191 65619 66179 66361 66524 68562 68933 
837665 886254 629240 145127 704488 129829 184095 897334 762226 503195 ,83448 84605 85112 85413 87482 88568 88951 90865 92597 93309 ,837665 886254 629240 145127 704488 129829 184095 897334 762226 503195 ,83448 84605 85112 85413 87482 88568 88951 90865 92597 93309 
594492 228314 181899 26061 723545 921535 402129 684262 21110 929942 ,56919 63623 67619 72025 74174 76085 76733 77510 78031 79745 ,594492 228314 181899 26061 723545 921535 402129 684262 21110 929942 ,56919 63623 67619 72025 74174 76085 76733 77510 78031 79745 
988339 486967 701020 240814 821835 501469 485058 700949 965007 608811 ,66665 72494 73401 76689 77009 78228 80828 81607 82980 83228 ,988339 486967 701020 240814 821835 501469 485058 700949 965007 608811 ,66665 72494 73401 76689 77009 78228 80828 81607 82980 83228 
692903 635099 599431 174734 215031 723010 923908 481278 193630 214509 ,60397 62009 62310 63333 66370 67449 68661 70108 72731 73043 ,692903 599431 174734 215031 723010 923908 481278 193630 214509 438118 ,60397 62310 63333 66370 67449 68661 70108 72731 73043 73445 
394696 157620 463550 437461 296277 232368 242616 696436 686647 940067 ,79989 94593 94723 96150 99947 103732 104353 104473 104661 105906 ,394696 463550 296277 232368 696436 940067 680977 805358 998655 698189 ,79989 94723 99947 103732 104473 105906 106453 109125 109285 109465 
265594 296291 362328 107631 109166 48510 407198 176696 121441 372760 ,60341 65975 77270 78669 81000 83275 84497 84540 85835 86681 ,265594 296291 362328 107631 109166 48510 407198 176696 121441 372760 ,60341 65975 77270 78669 81000 83275 84497 84540 85835 86681 
401498 398069 555203 532004 18001 27950 932459 286444 798750 748991 ,66382 68502 69569 70179 73822 75938 76258 76396 77738 78253 ,401498 398069 555203 532004 18001 27950 932459 286444 798750 748991 ,66382 68502 69569 70179 73822 75938 76258 76396 77738 78253 
46410 100213 47137 602569 962169 443090 416706 346820 209444 645945 ,47006 47796 48676 49613 51516 51868 52562 52691 52767 56382 ,46410 100213 47137 602569 962169 443090 416706 346820 209444 645945 ,47006 47796 48676 49613 51516 51868 52562 52691 52767 56382 
492958 256316 533814 887147 227841 288822 90443 717693 687804 427138 ,37954 49924 50324 50372 50669 51290 51569 51971 52326 52348 ,492958 256316 533814 887147 227841 288822 90443 717693 687804 427138 ,37954 49924 50324 50372 50669 51290 51569 51971 52326 52348 
197533 276349 970623 977552 270853 114191 961948 120894 272388 139967 ,34752 34752 43548 44041 44848 45671 45992 46083 46652 46882 ,276349 197533 970623 977552 270853 114191 961948 120894 272388 139967 ,34752 34752 43548 44041 44848 45671 45992 46083 46652 46882 
274824 618245 511090 438185 778951 693381 23022 755118 597317 551571 ,59088 69961 72520 73550 74324 78445 79368 79424 80610 82047 ,274824 618245 511090 438185 778951 693381 23022 755118 597317 551571 ,59088 69961 72520 73550 74324 78445 79368 79424 80610 82047 
690216 915747 636115 441510 253941 735623 663851 376631 199197 741220 ,55212 58475 59344 62383 64482 67037 68058 69066 69637 70361 ,690216 915747 636115 441510 253941 735623 663851 376631 199197 741220 ,55212 58475 59344 62383 64482 67037 68058 69066 69637 70361 
931707 241504 123545 930251 990741 842294 207111 10114 539782 541976 ,49924 49959 50100 50302 50398 52863 53910 54703 55007 55090 ,931707 241504 123545 930251 990741 842294 207111 10114 539782 541976 ,49924 49959 50100 50302 50398 52863 53910 54703 55007 55090 
728162 793304 153181 107919 456530 92485 713409 66491 203107 248196 ,68283 68403 73394 74949 75145 75916 76008 78884 79753 80015 ,728162 793304 153181 107919 456530 92485 713409 66491 155743 810392 ,68283 68403 73394 74949 75145 75916 76008 78884 80671 81018 
106565 620509 333494 941626 97988 255964 295323 77921 727181 789437 ,117484 136497 155425 156400 165395 172123 175179 176489 182737 184405 ,106565 620509 333494 941626 97988 255964 295323 77921 727181 789437 ,117484 136497 155425 156400 165395 172123 175179 176489 182737 184405 
559361 854416 512195 513633 739595 939724 77265 483535 989301 987947 ,68758 69721 71340 71344 78789 80136 80345 83295 83350 83404 ,559361 854416 512195 513633 739595 939724 77265 483535 989301 987947 ,68758 69721 71340 71344 78789 80136 80345 83295 83350 83404 
397473 207073 170821 171377 615626 894889 906244 905344 207608 191881 ,27695 28032 28164 29791 31010 32866 32922 33245 33438 33560 ,397473 207073 170821 171377 615626 894889 906244 905344 207608 191881 ,27695 28032 28164 29791 31010 32866 32922 33245 33438 33560 
610361 115757 259526 854617 985887 862339 374549 837555 879834 412037 ,47319 47771 55408 57260 62214 65206 65560 65692 66064 69720 ,610361 115757 259526 854617 985887 862339 374549 837555 879834 412037 ,47319 47771 55408 57260 62214 65206 65560 65692 66064 69720 
446007 922629 886645 885887 887721 539037 919780 668155 905569 566471 ,17305 34537 34809 40502 40667 41206 42863 42886 43158 43898 ,446007 922629 886645 885887 887721 539037 919780 668155 905569 566471 ,17305 34537 34809 40502 40667 41206 42863 42886 43158 43898 
16295 668514 838001 456586 245265 168362 989334 134835 179261 870007 ,77449 78197 80945 81364 86468 88634 88962 92093 93410 93842 ,16295 668514 838001 456586 245265 168362 989334 134835 870007 396583 ,77449 78197 80945 81364 86468 88634 88962 92093 93842 93974 
655067 101576 655811 446143 639915 447787 445958 447419 445788 446606 ,5238 6530 6738 6796 7079 7422 7691 7791 8063 8350 ,655067 101576 655811 446143 639915 447787 445958 447419 445788 446606 ,5238 6530 6738 6796 7079 7422 7691 7791 8063 8350 
35952 885776 756077 532914 981282 885848 710183 675920 877088 915333 ,19146 31545 32981 34351 35468 36278 37689 39361 39399 39618 ,35952 885776 756077 532914 981282 885848 710183 675920 877088 915333 ,19146 31545 32981 34351 35468 36278 37689 39361 39399 39618 
138489 863956 787267 602252 888011 253475 189091 536932 88120 186150 ,54187 55702 57540 59610 61748 64257 64297 68536 68810 70503 ,138489 863956 787267 602252 888011 253475 189091 536932 88120 186150 ,54187 55702 57540 59610 61748 64257 64297 68536 68810 70503 
535244 780057 932431 832488 450433 901465 491894 892768 932026 757033 ,51387 51465 53513 54236 55929 56341 57328 57412 57498 57578 ,535244 780057 932431 832488 450433 901465 491894 892768 932026 757033 ,51387 51465 53513 54236 55929 56341 57328 57412 57498 57578 
208003 207835 207685 207745 614929 957482 780977 962201 51638 614887 ,18087 20711 22740 23706 25590 26068 26963 27545 27861 28029 ,208003 207835 207685 207745 614929 957482 780977 962201 51638 614887 ,18087 20711 22740 23706 25590 26068 26963 27545 27861 28029 
619116 769075 49548 90655 453908 814727 526986 595250 825160 848936 ,37776 63898 66088 67633 72374 75879 79617 86381 91037 91720 ,619116 769075 49548 90655 453908 814727 526986 595250 825160 848936 ,37776 63898 66088 67633 72374 75879 79617 86381 91037 91720 
673083 673355 673738 824384 445279 113269 952660 611834 536330 446759 ,8458 8692 10415 11097 11373 11726 12326 12344 12530 12576 ,673083 673355 673738 824384 445279 113269 952660 611834 536330 446759 ,8458 8692 10415 11097 11373 11726 12326 12344 12530 12576 
203958 258146 457896 70199 431198 193076 598413 490956 411809 405090 ,43827 45079 45332 45892 45972 46461 48878 49717 51728 52089 ,203958 258146 457896 70199 431198 193076 598413 490956 411809 405090 ,43827 45079 45332 45892 45972 46461 48878 49717 51728 52089 
987336 877666 872209 891401 488976 403884 1290 997123 635998 273188 ,90373 90412 94161 103036 104718 110094 111132 113141 113349 116503 ,987336 877666 872209 891401 488976 403884 1290 997123 635998 273188 ,90373 90412 94161 103036 104718 110094 111132 113141 113349 116503 
292408 87278 93119 547961 305001 488383 85357 517053 315762 524708 ,41364 42390 43125 44514 45901 47266 47385 48142 48305 48365 ,292408 87278 93119 547961 305001 488383 85357 517053 315762 524708 ,41364 42390 43125 44514 45901 47266 47385 48142 48305 48365 
990730 555887 666662 834166 225832 421151 193938 272754 478696 561202 ,27469 28733 34582 34765 35049 35936 36012 36012 37059 37062 ,990730 555887 666662 834166 225832 421151 272754 193938 478696 561202 ,27469 28733 34582 34765 35049 35936 36012 36012 37059 37062 
9513 84299 245803 703414 834867 928944 598611 752011 376778 580894 ,61096 61355 62475 65529 68630 69990 70361 70949 71466 72371 ,9513 84299 245803 703414 834867 928944 598611 752011 376778 580894 ,61096 61355 62475 65529 68630 69990 70361 70949 71466 72371 
320374 160548 318868 522530 503382 396510 569317 189257 963427 503822 ,52054 56064 59395 62877 63651 65826 69301 71188 72918 74200 ,320374 160548 318868 522530 503382 396510 569317 189257 963427 503822 ,52054 56064 59395 62877 63651 65826 69301 71188 72918 74200 
485384 371942 44198 305968 827757 284063 3640 286600 610441 936003 ,78851 85129 85656 87018 90265 91555 91671 91721 93630 96366 ,485384 371942 44198 305968 827757 284063 3640 286600 610441 936003 ,78851 85129 85656 87018 90265 91555 91671 91721 93630 96366 
115175 123376 165349 493870 739652 972312 931993 820102 536857 791690 ,82243 88814 104985 105887 107248 107361 107769 107854 110978 111409 ,115175 123376 165349 493870 739652 931993 820102 536857 791690 282332 ,82243 88814 104985 105887 107248 107769 107854 110978 111409 113267 
500067 549364 549099 293049 425447 965125 370864 355329 583722 756157 ,48978 51869 57016 60543 60733 61270 61898 62548 63546 64257 ,549099 293049 425447 965125 370864 355329 583722 756157 756461 743244 ,57016 60543 60733 61270 61898 62548 63546 64257 64582 64827 
229120 285859 244991 933625 274930 938009 107539 99050 864653 43425 ,39960 44934 48593 49114 49410 54411 55082 55149 56194 56748 ,229120 285859 244991 933625 274930 938009 107539 99050 864653 43425 ,39960 44934 48593 49114 49410 54411 55082 55149 56194 56748 
618672 659032 484875 288251 396783 574094 600406 986058 163406 274431 ,86530 92143 93688 94600 96343 96565 99312 99683 102622 102812 ,618672 659032 484875 288251 396783 574094 600406 986058 163406 274431 ,86530 92143 93688 94600 96343 96565 99312 99683 102622 102812 
151432 43898 338524 742198 690143 616145 930968 614913 522635 206604 ,26735 29180 30236 33980 34915 36336 36777 38061 38084 38524 ,151432 43898 338524 742198 690143 616145 930968 614913 522635 206604 ,26735 29180 30236 33980 34915 36336 36777 38061 38084 38524 
407710 408115 415545 989484 148300 213717 209190 422180 604028 332494 ,80235 87299 88037 91601 91827 92739 95017 96004 98087 102838 ,407710 408115 415545 989484 148300 213717 209190 422180 604028 332494 ,80235 87299 88037 91601 91827 92739 95017 96004 98087 102838 
587148 977598 312679 810013 381229 227108 727454 631124 384754 430904 ,69100 74410 86645 88492 93828 94033 94451 94634 94685 96127 ,587148 977598 312679 810013 381229 227108 727454 631124 384754 430904 ,69100 74410 86645 88492 93828 94033 94451 94634 94685 96127 
703517 17267 744290 379342 757444 267829 277244 603000 458270 500109 ,71870 79346 82952 88176 88376 89149 89817 93405 93587 93659 ,703517 17267 744290 379342 757444 267829 277244 603000 458270 500109 ,71870 79346 82952 88176 88376 89149 89817 93405 93587 93659 
455229 458972 494274 505622 569023 951145 139333 161682 65985 587398 ,63546 67355 68224 68878 71170 72565 73276 74368 75305 75737 ,455229 458972 494274 505622 569023 951145 139333 161682 65985 587398 ,63546 67355 68224 68878 71170 72565 73276 74368 75305 75737 
344803 887198 92672 61871 954145 421628 385712 58422 70405 69758 ,35296 38369 40318 41326 42014 42378 42841 43043 43447 44093 ,344803 887198 92672 61871 954145 421628 385712 58422 70405 69758 ,35296 38369 40318 41326 42014 42378 42841 43043 43447 44093 
985417 386869 15801 725083 200680 981053 484186 820092 260515 596020 ,56103 58856 60263 61119 61988 63199 66360 66474 70102 71147 ,985417 386869 15801 725083 200680 981053 484186 820092 260515 596020 ,56103 58856 60263 61119 61988 63199 66360 66474 70102 71147 
875167 868609 917479 632918 887766 425486 700094 854435 519289 273100 ,53835 59957 60423 60601 61453 62576 65245 66334 66581 66690 ,875167 868609 917479 632918 887766 425486 700094 854435 519289 273100 ,53835 59957 60423 60601 61453 62576 65245 66334 66581 66690 
566409 279674 969041 530961 306383 153704 363832 662641 349402 534872 ,39017 42244 43773 45311 47558 49132 49417 49689 50124 50809 ,566409 279674 969041 530961 306383 153704 363832 662641 349402 534872 ,39017 42244 43773 45311 47558 49132 49417 49689 50124 50809 
321773 497360 292378 569301 94457 305431 339928 7805 153454 336701 ,52518 56303 58337 58918 60818 61241 61445 61465 62328 62601 ,321773 497360 292378 569301 94457 305431 339928 7805 153454 336701 ,52518 56303 58337 58918 60818 61241 61445 61465 62328 62601 
223734 223885 971409 226537 561223 562042 9582 869523 130893 912910 ,15898 22459 25176 25665 26503 27464 28148 29302 29965 30020 ,223734 223885 971409 226537 561223 562042 9582 130893 912910 683034 ,15898 22459 25176 25665 26503 27464 28148 29965 30020 30045 
247232 972918 512677 998206 9701 561755 961366 257882 862230 915732 ,49869 51874 52648 53387 55451 56006 56170 56578 56645 57220 ,247232 972918 512677 998206 9701 561755 257882 862230 915732 373626 ,49869 51874 52648 53387 55451 56006 56578 56645 57220 57679 
224926 268264 931707 140559 842556 223692 443324 780706 868796 879720 ,50982 56421 57780 59046 59145 61059 65119 66674 68277 68965 ,224926 268264 931707 140559 842556 223692 443324 780706 868796 879720 ,50982 56421 57780 59046 59145 61059 65119 66674 68277 68965 
542065 868178 372097 226095 542355 487485 942167 585832 843193 540513 ,54418 56434 57601 59724 61837 63229 63244 64794 64858 65291 ,542065 868178 372097 226095 542355 487485 942167 585832 843193 540513 ,54418 56434 57601 59724 61837 63229 63244 64794 64858 65291 
524956 599062 467042 81190 716515 801657 508069 802297 548357 30418 ,29968 34911 35906 37342 37720 39100 39293 39568 40196 40325 ,524956 599062 467042 81190 716515 801657 508069 802297 548357 30418 ,29968 34911 35906 37342 37720 39100 39293 39568 40196 40325 
91636 327324 531499 271962 679417 502886 599348 830422 193307 776528 ,65417 66937 69191 70533 71490 74086 74212 74612 75717 76534 ,91636 531499 271962 679417 502886 599348 830422 776528 97970 849826 ,65417 69191 70533 71490 74086 74212 74612 76534 76911 77374 
564078 483256 424314 670642 406021 508980 842359 845851 751461 875824 ,57103 62603 64967 66193 68964 70119 71796 72198 73436 73592 ,564078 483256 424314 670642 406021 508980 842359 845851 751461 875824 ,57103 62603 64967 66193 68964 70119 71796 72198 73436 73592 
526184 526703 771168 636442 224150 512755 636209 13456 512579 512732 ,45148 49212 51539 53098 53207 53546 53636 53637 53643 56213 ,526184 526703 636442 224150 512755 636209 13456 512579 512732 998242 ,45148 49212 53098 53207 53546 53636 53637 53643 56213 56566 
705453 224593 858422 633895 877605 122843 773712 867959 110994 905442 ,49284 49447 49810 50137 52218 53184 53368 53497 54339 56011 ,705453 224593 858422 633895 877605 122843 773712 867959 110994 905442 ,49284 49447 49810 50137 52218 53184 53368 53497 54339 56011 
453510 838920 94760 392597 516482 297976 21110 756361 527422 183076 ,63421 65752 66999 67051 68200 72284 72337 73032 75182 75870 ,453510 838920 94760 392597 516482 297976 756361 527422 183076 267431 ,63421 65752 66999 67051 68200 72284 73032 75182 75870 76393 
97230 963911 517042 454842 16122 450518 485195 953994 128063 679310 ,70648 81141 82725 86992 88610 88724 88979 89546 89790 90460 ,963911 517042 454842 16122 450518 485195 953994 128063 679310 299049 ,81141 82725 86992 88610 88724 88979 89546 89790 90460 90623 
632614 84623 608335 678679 311148 510313 725399 602299 468743 5116 ,63023 71518 75993 81731 83620 85251 85407 86429 93510 95370 ,632614 84623 608335 678679 311148 510313 725399 602299 468743 5116 ,63023 71518 75993 81731 83620 85251 85407 86429 93510 95370 
867173 916032 530860 2492 995206 841769 227039 686765 842171 200173 ,69565 73140 77274 77400 78353 78440 79211 79297 79439 82078 ,867173 916032 530860 2492 995206 841769 227039 686765 842171 200173 ,69565 73140 77274 77400 78353 78440 79211 79297 79439 82078 
3269 618273 618056 393882 618343 233033 542445 919621 957569 815235 ,43554 43834 44849 45662 45912 46848 48423 49631 49701 50316 ,3269 618273 618056 393882 618343 233033 542445 919621 957569 815235 ,43554 43834 44849 45662 45912 46848 48423 49631 49701 50316 
246717 420906 143412 677392 52135 274947 471357 246750 913380 391948 ,14371 14943 15477 16963 17343 17457 17523 17911 18254 19259 ,246717 420906 143412 677392 52135 274947 471357 246750 913380 391948 ,14371 14943 15477 16963 17343 17457 17523 17911 18254 19259 
396313 679972 34229 609655 832367 665157 684218 791064 278908 298234 ,65200 76517 80534 82319 82826 83779 85812 85818 86426 88127 ,396313 679972 34229 609655 832367 665157 684218 791064 278908 298234 ,65200 76517 80534 82319 82826 83779 85812 85818 86426 88127 
453047 536061 717824 132484 473681 662492 790868 242297 713615 498737 ,18857 21308 21537 24027 24982 27363 27912 27945 29928 30299 ,453047 536061 717824 132484 473681 662492 790868 242297 713615 498737 ,18857 21308 21537 24027 24982 27363 27912 27945 29928 30299 
562805 518581 69376 478673 154973 959243 597535 285503 540043 167095 ,34014 34055 37082 37391 37549 38393 38705 38798 38898 39336 ,562805 518581 69376 478673 154973 959243 597535 285503 540043 167095 ,34014 34055 37082 37391 37549 38393 38705 38798 38898 39336 
138119 413586 72279 342669 780010 285076 550292 278374 288376 273735 ,55811 56615 57978 58099 62636 63364 63372 63457 63553 64062 ,138119 413586 72279 342669 780010 285076 550292 278374 288376 273735 ,55811 56615 57978 58099 62636 63364 63372 63457 63553 64062 
595354 519867 52297 499330 566147 44270 503119 553548 44657 832884 ,46378 49662 55530 56357 56518 57186 58641 58934 58999 59997 ,595354 519867 52297 499330 566147 44270 503119 553548 44657 832884 ,46378 49662 55530 56357 56518 57186 58641 58934 58999 59997 
932039 751461 530781 606005 255260 886254 41693 801305 145127 440179 ,70123 74564 79119 79385 79391 81399 82377 82663 83419 84160 ,932039 751461 530781 606005 255260 886254 41693 801305 145127 440179 ,70123 74564 79119 79385 79391 81399 82377 82663 83419 84160 
972442 81215 309504 311134 592694 130212 182085 927979 182118 298093 ,36481 47513 51146 52298 52408 53072 53072 53952 53971 54125 ,972442 81215 309504 311134 592694 182085 130212 927979 182118 298093 ,36481 47513 51146 52298 52408 53072 53072 53952 53971 54125 
64397 198383 277199 608115 17878 690893 202192 841028 226066 284195 ,34651 40970 40970 42090 44357 45313 45411 46214 46419 46503 ,64397 277199 198383 608115 17878 690893 202192 841028 226066 248091 ,34651 40970 40970 42090 44357 45313 45411 46214 46419 46718 
327783 328482 83684 434620 434416 437400 328677 435761 438244 612627 ,37125 42404 44695 46112 47085 47474 50427 50541 52575 52861 ,327783 328482 83684 434620 434416 437400 328677 435761 438244 612627 ,37125 42404 44695 46112 47085 47474 50427 50541 52575 52861 
514174 4534 834645 513228 840249 923615 418987 583839 809543 896039 ,53400 56303 57491 57654 61080 62022 63241 64719 65055 67287 ,514174 4534 834645 513228 840249 923615 418987 583839 809543 896039 ,53400 56303 57491 57654 61080 62022 63241 64719 65055 67287 
469274 996018 29974 108248 450185 954340 495030 738531 540616 535931 ,18512 19773 26131 27737 32875 32977 33575 33995 34893 35602 ,469274 996018 29974 108248 450185 954340 495030 738531 540616 535931 ,18512 19773 26131 27737 32875 32977 33575 33995 34893 35602 
232261 232233 849669 834420 956721 933105 906803 394164 81439 781591 ,23960 25882 60009 61710 67210 69146 69365 70068 70252 70514 ,232261 232233 849669 834420 956721 933105 906803 394164 81439 781591 ,23960 25882 60009 61710 67210 69146 69365 70068 70252 70514 
769800 817677 607143 442144 445233 759221 846297 654060 911113 112967 ,19876 21772 21806 22716 24352 25281 25511 25722 25729 25962 ,769800 817677 607143 442144 445233 759221 846297 654060 911113 112967 ,19876 21772 21806 22716 24352 25281 25511 25722 25729 25962 
233052 160171 232729 239863 754278 919611 639531 619934 51680 544923 ,18244 32835 33169 34104 36329 36845 39006 39668 41192 41280 ,233052 232729 239863 754278 919611 639531 619934 51680 544923 158729 ,18244 33169 34104 36329 36845 39006 39668 41192 41280 41843 
249336 233457 602618 427427 938755 869345 667285 854575 778856 322896 ,51413 54204 56100 56798 57151 58029 61368 61417 61679 62805 ,249336 233457 602618 427427 938755 869345 667285 854575 778856 322896 ,51413 54204 56100 56798 57151 58029 61368 61417 61679 62805 
357802 615651 221557 96003 821116 324334 729960 968096 80802 371270 ,64933 66916 72908 86133 86140 88791 89150 91011 94003 100587 ,357802 615651 221557 96003 821116 324334 729960 968096 80802 371270 ,64933 66916 72908 86133 86140 88791 89150 91011 94003 100587 
237072 296399 297142 664724 147574 128848 355783 664591 502567 502855 ,17694 48139 48749 50385 53389 54900 55002 56070 57504 61873 ,237072 296399 297142 664724 147574 355783 664591 502567 502855 235128 ,17694 48139 48749 50385 53389 55002 56070 57504 61873 62437 
68472 409111 347399 989197 128601 725272 305882 919481 459034 71003 ,82313 98082 99780 120008 124680 125431 127031 127819 128229 131378 ,68472 409111 347399 989197 128601 725272 305882 919481 459034 71003 ,82313 98082 99780 120008 124680 125431 127031 127819 128229 131378 
598225 234198 508658 890446 942028 412636 985283 99440 502375 507620 ,41538 42965 44638 46253 46902 47275 48987 49130 49139 49718 ,598225 234198 508658 890446 942028 412636 985283 99440 502375 507620 ,41538 42965 44638 46253 46902 47275 48987 49130 49139 49718 
474315 326122 304174 474248 562655 132923 220090 360176 157641 512642 ,67422 73426 75149 75343 76089 78501 80658 81092 81775 81902 ,474315 326122 304174 474248 562655 132923 220090 360176 157641 512642 ,67422 73426 75149 75343 76089 78501 80658 81092 81775 81902 
124171 987336 984373 670866 976617 396403 495461 358273 391082 404167 ,70504 80411 82784 88276 89004 91446 91890 91999 92220 94002 ,124171 987336 984373 670866 976617 396403 495461 358273 391082 404167 ,70504 80411 82784 88276 89004 91446 91890 91999 92220 94002 
862953 881616 411290 315477 904515 753541 275870 331716 450739 117749 ,51871 66754 66931 71162 71327 71409 72620 73715 75087 77022 ,862953 881616 411290 315477 904515 753541 275870 331716 450739 117749 ,51871 66754 66931 71162 71327 71409 72620 73715 75087 77022 
237937 237822 677901 842082 113139 774085 858265 857184 66195 842025 ,31048 31118 36014 40268 41487 43796 44926 46729 46761 46881 ,237937 237822 677901 842082 113139 774085 858265 857184 66195 842025 ,31048 31118 36014 40268 41487 43796 44926 46729 46761 46881 
767382 660455 397975 616022 930927 208138 759796 942455 685687 157193 ,66423 73303 78858 82509 84293 84858 84860 84899 85223 87244 ,767382 660455 397975 616022 930927 208138 759796 942455 685687 157193 ,66423 73303 78858 82509 84293 84858 84860 84899 85223 87244 
288194 656294 340403 230238 393278 581360 610708 682311 746606 251593 ,45245 46280 48008 50098 50234 52164 52197 52566 53327 53621 ,288194 656294 340403 230238 393278 581360 610708 682311 746606 251593 ,45245 46280 48008 50098 50234 52164 52197 52566 53327 53621 
232578 566241 210926 115545 248784 814165 561833 415459 60852 472745 ,8001 11859 15225 16680 17300 17654 17808 19326 20355 20960 ,232578 115545 248784 814165 561833 415459 95358 458460 158559 406182 ,8001 16680 17300 17654 17808 19326 21658 21691 21830 22304 
845183 845379 484031 519702 629727 66218 339290 678728 391485 181428 ,68765 72281 75977 76950 77384 78156 78718 79090 80836 81242 ,845183 845379 484031 519702 629727 66218 339290 678728 391485 181428 ,68765 72281 75977 76950 77384 78156 78718 79090 80836 81242 
230563 140904 351735 306076 567187 363468 246537 216378 353720 151837 ,14159 15939 16365 17415 18713 18946 19115 19213 19226 20269 ,230563 140904 351735 306076 567187 363468 246537 216378 353720 151837 ,14159 15939 16365 17415 18713 18946 19115 19213 19226 20269 
179725 325802 766140 712496 72498 273890 783345 629461 90107 86344 ,79515 84816 86960 90245 91229 95423 96471 96995 97066 99975 ,179725 325802 766140 712496 72498 273890 783345 629461 90107 86344 ,79515 84816 86960 90245 91229 95423 96471 96995 97066 99975 
702614 703609 920942 276114 307438 290844 832908 525109 436585 82808 ,77602 90234 90786 91471 92785 95056 98563 99039 99751 99958 ,702614 703609 920942 276114 307438 290844 832908 525109 436585 82808 ,77602 90234 90786 91471 92785 95056 98563 99039 99751 99958 
665484 233528 607012 233010 426870 294061 638210 490223 769336 47263 ,20109 24543 25022 25192 25712 28673 29108 29580 30146 30742 ,233010 886085 231064 534431 304864 289223 808832 296080 55598 569540 ,25192 31679 32300 34173 36140 36831 37514 38139 38240 38735 
439610 228314 532754 778843 498496 293010 132781 243005 269660 241000 ,29317 31545 35944 42463 42558 42887 43631 43848 44962 45932 ,439610 228314 532754 778843 498496 293010 132781 243005 269660 241000 ,29317 31545 35944 42463 42558 42887 43631 43848 44962 45932 
194621 916678 800182 142525 141796 595049 744452 582968 859302 287762 ,60406 62699 63331 64631 65829 66731 69252 71977 71994 72185 ,194621 916678 800182 142525 141796 595049 744452 582968 859302 287762 ,60406 62699 63331 64631 65829 66731 69252 71977 71994 72185 
953570 487655 883333 330347 256095 226341 516424 635281 488003 860743 ,46689 49053 52597 53367 54559 55588 55737 56088 56613 56676 ,516424 840748 328702 502805 663883 728247 621294 859518 650810 878668 ,55737 59196 59547 60060 66647 67129 67788 68273 68345 69077 
809141 558494 523243 459167 659090 787800 907172 397124 441029 493122 ,56688 66450 67173 76239 77743 78976 81852 84785 84943 85595 ,809141 558494 523243 459167 659090 787800 907172 397124 441029 493122 ,56688 66450 67173 76239 77743 78976 81852 84785 84943 85595 
403368 144271 912042 402970 368716 635216 843862 140360 665116 764775 ,53455 61754 63750 64023 67888 68466 70281 70330 73386 73675 ,403368 144271 912042 402970 368716 635216 843862 140360 665116 764775 ,53455 61754 63750 64023 67888 68466 70281 70330 73386 73675 
237328 876830 529141 236807 703015 410980 524704 424463 429542 658201 ,31957 32677 33506 37519 38481 38924 39506 40233 40980 41611 ,876830 529141 236807 703015 410980 524704 424463 429542 658201 617941 ,32677 33506 37519 38481 38924 39506 40233 40980 41611 41658 
233985 234768 338923 522868 23553 96295 47086 401928 610755 832055 ,21884 36275 46220 46736 51241 52039 52134 52378 52863 53599 ,233985 234768 338923 522868 23553 96295 47086 401928 610755 832055 ,21884 36275 46220 46736 51241 52039 52134 52378 52863 53599 
313482 13973 682033 909423 63913 823102 103638 227464 81692 569983 ,75507 81657 83557 91180 93940 94422 95608 96235 96364 97340 ,313482 13973 682033 909423 63913 823102 103638 227464 81692 569983 ,75507 81657 83557 91180 93940 94422 95608 96235 96364 97340 
1408 18341 550236 271258 622003 949838 101964 890396 835860 531497 ,57665 63674 64156 66035 69052 69199 70868 73441 76374 76383 ,1408 18341 550236 271258 622003 949838 101964 890396 835860 531497 ,57665 63674 64156 66035 69052 69199 70868 73441 76374 76383 
233410 712467 817714 136439 619570 838975 324399 976075 150675 326634 ,42582 51123 52319 53111 57269 57600 61861 63522 63868 64072 ,233410 712467 817714 136439 619570 838975 324399 976075 150675 326634 ,42582 51123 52319 53111 57269 57600 61861 63522 63868 64072 
234394 330905 97551 916422 233922 942862 606940 482167 308122 909429 ,16423 29858 31709 32537 33812 33922 34007 34314 34342 34629 ,234394 330905 97551 916422 233922 942862 606940 482167 308122 909429 ,16423 29858 31709 32537 33812 33922 34007 34314 34342 34629 
447969 190678 539662 604316 603743 569854 443139 446648 158755 917596 ,15372 15783 16706 17544 17911 18239 18743 18956 19841 19934 ,447969 190678 539662 604316 603743 569854 443139 446648 158755 917596 ,15372 15783 16706 17544 17911 18239 18743 18956 19841 19934 
232868 235955 227294 227213 227324 908919 636581 17182 278049 585319 ,48077 50353 56946 62693 63734 64948 70854 72858 73817 74758 ,232868 227294 227213 908919 636581 17182 278049 585319 322559 237044 ,48077 56946 62693 64948 70854 72858 73817 74758 75270 76845 
488761 73799 122867 729205 87730 902312 148300 628479 233741 480148 ,54992 64959 76502 77049 82649 84503 85367 90403 91467 91704 ,73799 122867 729205 87730 902312 148300 628479 233741 480148 474215 ,64959 76502 77049 82649 84503 85367 90403 91467 91704 92428 
234212 267685 441574 70427 313469 32924 668719 229338 575977 169621 ,23607 45652 55815 56363 57392 58659 59749 62426 65637 65938 ,234212 267685 441574 70427 313469 32924 668719 229338 575977 169621 ,23607 45652 55815 56363 57392 58659 59749 62426 65637 65938 
574920 683486 152929 220966 850152 905994 47134 956965 429996 451611 ,60565 61466 61714 62765 63678 64572 64576 65229 67232 67291 ,574920 683486 152929 220966 850152 905994 47134 956965 429996 451611 ,60565 61466 61714 62765 63678 64572 64576 65229 67232 67291 
298433 88717 251621 279627 167904 229683 178447 367417 508868 343152 ,54460 74508 78655 87845 88382 88570 89659 90200 91384 92603 ,298433 88717 251621 279627 167904 229683 178447 367417 508868 343152 ,54460 74508 78655 87845 88382 88570 89659 90200 91384 92603 
703362 490751 491737 843173 908804 842883 596984 260686 703274 703128 ,42377 45311 45446 47701 48333 48440 49416 49623 50051 50323 ,703362 490751 491737 843173 908804 842883 596984 260686 703128 950357 ,42377 45311 45446 47701 48333 48440 49416 49623 50323 50425 
953730 255508 2465 233973 512574 492335 729750 50474 787436 819532 ,34670 36026 37559 37913 41415 43712 44230 44588 45145 45177 ,953730 255508 2465 233973 512574 492335 729750 50474 787436 819532 ,34670 36026 37559 37913 41415 43712 44230 44588 45145 45177 
166322 563867 791181 692771 683173 635873 491261 434082 408444 280970 ,65819 69047 70994 73392 74588 75220 76918 78628 78826 79301 ,692771 635873 491261 226119 968961 380960 836559 388809 551140 902411 ,73392 75220 76918 92068 93879 94368 97000 98940 100901 101191 
561549 842027 257062 464346 296221 861 436471 247677 869181 156282 ,42638 46176 50632 57473 57664 59948 60877 61941 64920 65050 ,561549 842027 257062 464346 296221 861 436471 247677 869181 156282 ,42638 46176 50632 57473 57664 59948 60877 61941 64920 65050 
889809 994440 141408 215586 305657 112160 56828 421479 379342 121922 ,30193 33841 34226 36322 38613 41065 42246 43547 44612 44637 ,889809 994440 141408 215586 305657 112160 56828 421479 379342 121922 ,30193 33841 34226 36322 38613 41065 42246 43547 44612 44637 
636138 151203 153704 532096 390187 567816 306383 68472 262094 154596 ,70290 71286 77810 79832 92138 93289 93932 94084 95938 96069 ,636138 151203 153704 532096 390187 567816 306383 68472 262094 154596 ,70290 71286 77810 79832 92138 93289 93932 94084 95938 96069 
447640 874347 243575 148069 109372 903826 462899 55483 9394 696032 ,45858 48215 51242 51460 51622 51747 54333 54685 54858 55365 ,447640 243575 148069 109372 903826 462899 55483 9394 696032 724291 ,45858 51242 51460 51622 51747 54333 54685 54858 55365 55601 
269397 392214 472274 472085 749170 949817 568058 955085 481028 927610 ,41763 56150 57046 60327 60795 61589 63380 64180 65316 66470 ,269397 392214 472274 472085 749170 949817 568058 955085 481028 927610 ,41763 56150 57046 60327 60795 61589 63380 64180 65316 66470 
893271 734557 632397 341885 40547 464937 279265 85260 420338 455232 ,57428 62763 67361 70084 70451 75729 76710 77255 79182 79672 ,734557 632397 40547 464937 85260 420338 470492 829674 575913 18684 ,62763 67361 70451 75729 77255 79182 79906 80038 80881 81337 
66910 224880 709121 527263 659362 945592 852146 204708 510794 426368 ,40565 42321 47995 49658 49993 51915 54294 54926 55269 56142 ,66910 224880 709121 527263 659362 945592 852146 204708 510794 426368 ,40565 42321 47995 49658 49993 51915 54294 54926 55269 56142 
235078 375002 870408 117360 904499 666424 396816 819280 369928 539855 ,42029 42618 42936 44348 46170 48164 49052 49607 49754 50266 ,235078 375002 870408 117360 904499 666424 396816 819280 369928 767471 ,42029 42618 42936 44348 46170 48164 49052 49607 49754 50448 
834987 302695 117977 153634 57763 520944 312664 362375 562256 860729 ,34257 36319 36608 40321 40474 40565 41118 41262 41272 41558 ,834987 302695 117977 153634 57763 520944 312664 362375 562256 860729 ,34257 36319 36608 40321 40474 40565 41118 41262 41272 41558 
775427 649297 325667 704306 172302 881685 216053 102998 877505 288681 ,42275 58469 59520 65084 66501 68134 68652 69945 76017 79152 ,775427 649297 325667 704306 172302 881685 216053 102998 877505 288681 ,42275 58469 59520 65084 66501 68134 68652 69945 76017 79152 
423327 263101 909172 703790 93637 288810 682584 683807 77959 103571 ,42413 43719 43777 44876 45276 45502 45955 46024 46176 46385 ,423327 263101 909172 703790 93637 288810 682584 683807 77959 103571 ,42413 43719 43777 44876 45276 45502 45955 46024 46176 46385 
234838 232900 290913 468666 232148 468258 603486 960990 355851 194382 ,12240 23772 31583 33775 33912 34154 35274 36825 37994 38547 ,468666 126794 195007 82785 300082 309176 256361 876755 367152 246046 ,33775 38840 45364 46747 46963 47930 47955 48045 48684 48981 
234016 218788 607730 416110 986945 215745 47362 216548 877113 197669 ,30039 40233 45676 48847 51077 52221 53859 54352 55110 55609 ,218788 47362 842133 60361 948320 470590 604547 268624 297614 584444 ,40233 53859 59273 59563 61179 62075 62447 63071 63163 64812 
502476 80801 961928 923198 124408 562959 617758 361718 932361 522952 ,63326 63429 63659 65909 66420 68783 68905 69387 69405 71971 ,502476 80801 961928 923198 124408 562959 617758 361718 932361 522952 ,63326 63429 63659 65909 66420 68783 68905 69387 69405 71971 
639495 783763 631776 655902 421731 46236 363105 762262 638524 213065 ,50037 50787 52089 54495 54541 56802 60553 64588 65797 66270 ,639495 783763 631776 655902 421731 46236 363105 762262 638524 213065 ,50037 50787 52089 54495 54541 56802 60553 64588 65797 66270 
134746 541635 647411 44891 834774 508744 235062 43735 232700 843149 ,74141 76237 79314 79521 80458 81737 82071 82912 83075 88783 ,134746 541635 647411 44891 834774 508744 235062 43735 232700 843149 ,74141 76237 79314 79521 80458 81737 82071 82912 83075 88783 
234433 235508 696223 234280 71501 22667 321966 322414 308379 323863 ,7783 18820 42025 47088 48133 49284 49706 49966 50004 51318 ,234433 235508 696223 71501 321966 322414 308379 323863 503410 910966 ,7783 18820 42025 48133 49706 49966 50004 51318 52105 52160 
622795 17318 453510 629019 573455 226866 466058 123537 522456 976212 ,71249 77408 90070 91708 92116 92546 96193 96424 97574 101141 ,622795 17318 453510 629019 573455 226866 466058 123537 522456 976212 ,71249 77408 90070 91708 92116 92546 96193 96424 97574 101141 
401967 360827 899328 735942 663236 9490 250443 371869 266971 62456 ,38370 41320 43252 43727 46774 47933 48641 49442 53058 53303 ,401967 360827 899328 735942 663236 9490 250443 371869 266971 62456 ,38370 41320 43252 43727 46774 47933 48641 49442 53058 53303 
505622 458559 988499 380489 234143 649526 529666 225807 413925 105392 ,68657 69728 70630 71685 72001 72313 74311 74623 74631 75129 ,505622 458559 988499 380489 234143 649526 529666 225807 413925 105392 ,68657 69728 70630 71685 72001 72313 74311 74623 74631 75129 
962555 773179 464627 921675 774094 670174 772401 929386 305975 251707 ,30444 34321 35259 36480 39135 42180 42590 47377 47610 48586 ,962555 773179 464627 921675 774094 670174 772401 929386 251707 919308 ,30444 34321 35259 36480 39135 42180 42590 47377 48586 51105 
328681 489674 942465 289728 81876 191453 322200 823672 762645 6800 ,42082 46504 48431 50578 50960 52358 53475 53678 55182 55323 ,489674 942465 289728 81876 191453 322200 823672 762645 6800 735740 ,46504 48431 50578 50960 52358 53475 53678 55182 55323 55999 
845160 225048 182138 164034 425496 96141 162355 261821 844857 377007 ,55002 56966 57825 58037 58190 59065 59201 59918 62640 62917 ,845160 225048 182138 164034 425496 96141 162355 261821 844857 377007 ,55002 56966 57825 58037 58190 59065 59201 59918 62640 62917 
30011 525487 524966 815303 104889 307139 790734 220184 804490 487832 ,50787 50901 57695 58965 60380 61320 61826 62727 63370 63581 ,30011 525487 524966 815303 104889 307139 790734 220184 804490 487832 ,50787 50901 57695 58965 60380 61320 61826 62727 63370 63581 
193051 633608 564707 973994 730247 777115 187502 579239 13251 12460 ,71352 74984 83199 87457 90518 90772 91304 91744 94802 95064 ,193051 633608 564707 973994 730247 777115 187502 579239 13251 12460 ,71352 74984 83199 87457 90518 90772 91304 91744 94802 95064 
78001 777473 523610 525120 785129 544915 516213 822701 523965 53487 ,43643 54732 58537 58845 64094 65341 65706 66751 67395 67567 ,78001 777473 523610 525120 785129 544915 516213 822701 523965 53487 ,43643 54732 58537 58845 64094 65341 65706 66751 67395 67567 
717806 936625 571267 862105 60363 564707 643112 947553 606002 372063 ,73873 74804 76840 88612 89363 90708 90877 90946 90948 91688 ,717806 936625 571267 862105 60363 564707 643112 947553 606002 262723 ,73873 74804 76840 88612 89363 90708 90877 90946 90948 93016 
236366 88745 236138 348964 8203 997210 552268 751924 418976 702688 ,47461 47503 54557 66052 66732 69612 69707 70975 71797 72299 ,236366 88745 236138 348964 8203 997210 552268 751924 418976 702688 ,47461 47503 54557 66052 66732 69612 69707 70975 71797 72299 
421787 732431 392237 302938 204968 695161 152206 682677 99836 438319 ,92873 94133 96267 96436 103962 105284 106371 106407 107238 107757 ,421787 732431 392237 302938 204968 695161 152206 682677 99836 438319 ,92873 94133 96267 96436 103962 105284 106371 106407 107238 107757 
636615 683508 832884 332240 157284 204827 27878 923220 62092 942340 ,55385 62014 62332 63527 67192 68774 68931 69096 71011 71266 ,636615 683508 832884 332240 157284 204827 27878 923220 62092 942340 ,55385 62014 62332 63527 67192 68774 68931 69096 71011 71266 
667787 932161 18330 109583 376294 58195 389042 472271 59966 964615 ,76310 84760 86905 87569 87648 91592 93462 94197 97031 97633 ,667787 932161 18330 109583 376294 58195 389042 472271 59966 964615 ,76310 84760 86905 87569 87648 91592 93462 94197 97031 97633 
594700 491388 551081 267794 66409 266318 524619 527165 467387 512935 ,59039 65661 66135 67386 69327 69350 69847 69916 70580 70792 ,594700 491388 551081 267794 266318 524619 527165 467387 512935 455691 ,59039 65661 66135 67386 69350 69847 69916 70580 70792 70803 
325681 30041 504557 601086 431865 685945 314839 59678 236454 30583 ,38982 47414 47944 48686 48789 51025 51515 51823 53606 54527 ,325681 30041 504557 601086 431865 685945 314839 59678 236454 30583 ,38982 47414 47944 48686 48789 51025 51515 51823 53606 54527 
29628 918559 579307 477064 157787 52336 975433 659354 1935 27206 ,58208 63254 70180 74461 76418 76479 77524 78436 79521 79595 ,29628 918559 579307 477064 157787 52336 975433 659354 1935 27206 ,58208 63254 70180 74461 76418 76479 77524 78436 79521 79595 
117824 362579 371295 151056 731459 915644 373964 573162 592560 774251 ,56068 56289 61894 67702 69267 78107 80027 80347 81269 83751 ,117824 362579 371295 151056 731459 915644 373964 573162 592560 774251 ,56068 56289 61894 67702 69267 78107 80027 80347 81269 83751 
528573 525272 154826 122481 959929 709366 272370 89625 606924 524356 ,55688 57292 59022 59468 61180 61547 62326 62335 64237 64332 ,528573 525272 154826 122481 959929 709366 272370 89625 524356 950136 ,55688 57292 59022 59468 61180 61547 62326 62335 64332 66230 
233049 636683 682300 635743 608520 638499 236945 607001 330905 984027 ,27517 40222 40488 41307 42176 46358 46648 46934 47567 48144 ,233049 636683 682300 635743 608520 638499 236945 607001 330905 984027 ,27517 40222 40488 41307 42176 46358 46648 46934 47567 48144 
236745 145264 574114 591062 516474 522302 841331 918061 193414 804457 ,21879 33736 34449 37330 39241 39463 39623 40452 40863 43353 ,236745 145264 591062 516474 522302 918061 804457 589651 162731 743738 ,21879 33736 37330 39241 39463 40452 43353 43501 43723 43736 
240982 775014 773463 922381 819086 482874 990226 772690 567007 919147 ,23891 26024 27539 29510 32491 32695 33273 34916 35625 35717 ,240982 775014 773463 922381 819086 482874 990226 772690 567007 919147 ,23891 26024 27539 29510 32491 32695 33273 34916 35625 35717 
793831 893450 894367 188028 643844 828275 837842 379746 773467 445599 ,31748 32498 33706 33830 34118 34602 34934 35115 37250 37347 ,793831 893450 894367 188028 643844 828275 837842 379746 773467 445599 ,31748 32498 33706 33830 34118 34602 34934 35115 37250 37347 
905943 108812 555215 962973 666774 478643 756994 410598 773043 824261 ,20921 23152 23309 25381 25924 26289 28833 29975 30409 31462 ,905943 108812 555215 962973 666774 478643 756994 410598 773043 824261 ,20921 23152 23309 25381 25924 26289 28833 29975 30409 31462 
671882 155590 521387 508806 157926 20453 267536 512066 139295 23134 ,77331 79827 83510 84975 85934 90142 91291 93192 93381 93642 ,155590 521387 508806 157926 20453 267536 512066 139295 23134 142523 ,79827 83510 84975 85934 90142 91291 93192 93381 93642 93970 
632299 632155 683675 632905 514206 221160 231978 465980 130784 443897 ,33731 34468 41969 42257 43585 47814 48063 48342 48689 48944 ,632299 632155 683675 632905 514206 221160 231978 465980 130784 443897 ,33731 34468 41969 42257 43585 47814 48063 48342 48689 48944 
336469 747267 987700 842779 957508 919042 663467 150911 705474 842203 ,52194 52514 56176 56392 57146 57244 58283 58286 59158 59618 ,336469 747267 987700 842779 957508 919042 663467 150911 705474 842203 ,52194 52514 56176 56392 57146 57244 58283 58286 59158 59618 
733429 895825 223919 95527 896669 871510 751669 697044 273664 221737 ,45982 46881 49048 49946 54079 57051 58880 59879 60688 60985 ,733429 895825 223919 95527 896669 871510 751669 697044 273664 221737 ,45982 46881 49048 49946 54079 57051 58880 59879 60688 60985 
203352 870415 224615 730408 876484 630356 678202 997098 396583 856189 ,35319 39731 45286 45415 46890 47433 49334 49426 50197 50223 ,203352 870415 224615 730408 876484 630356 678202 997098 396583 856189 ,35319 39731 45286 45415 46890 47433 49334 49426 50197 50223 
823744 351600 306776 237498 906888 621763 122777 13709 56 548884 ,43961 44335 45815 46170 46626 47086 47116 48968 50027 50458 ,823744 351600 306776 237498 906888 621763 122777 13709 56 548884 ,43961 44335 45815 46170 46626 47086 47116 48968 50027 50458 
502152 59432 389095 883620 60336 79382 600128 953991 966803 295600 ,53402 53548 55661 56399 56621 58793 59367 59688 62548 63292 ,59432 389095 883620 60336 600128 953991 722980 726243 473369 740825 ,53548 55661 56399 56621 59367 59688 63866 63957 64665 65382 
392696 140621 448353 560345 415453 123527 470882 175344 635657 81514 ,38386 46554 47711 48467 48761 49113 49824 52327 52639 53639 ,736264 524952 4778 630288 411103 105224 208392 103572 738318 473328 ,55483 56350 57198 58580 58926 59993 62024 64445 64859 65036 
497284 954 523901 146601 480638 932219 298654 245878 194779 833734 ,43548 53646 61008 62142 62521 63639 66961 67637 69253 70478 ,497284 954 523901 146601 480638 932219 298654 245878 194779 833734 ,43548 53646 61008 62142 62521 63639 66961 67637 69253 70478 
510318 428167 565970 510404 971597 942417 606835 976339 47154 406361 ,39540 49183 49901 50485 51126 51744 51870 52882 53440 53450 ,510318 428167 565970 942417 606835 976339 47154 406361 218458 67029 ,39540 49183 49901 51744 51870 52882 53440 53450 53607 54193 
328812 705521 666216 754770 535856 683044 64270 944732 836757 312002 ,50123 56126 56432 56719 56755 59517 60081 61125 61744 63140 ,705521 666216 535856 64270 944732 312002 541414 344634 45552 582566 ,56126 56432 56755 60081 61125 63140 63206 63833 65553 65931 
311012 629982 348221 265426 412523 401041 687622 944974 134605 277657 ,77492 84678 88306 88680 92582 96406 100607 102651 104961 105085 ,311012 629982 348221 265426 412523 401041 687622 944974 134605 277657 ,77492 84678 88306 88680 92582 96406 100607 102651 104961 105085 
371731 828078 311220 442153 10290 396792 863312 440037 399734 356442 ,35589 42058 42914 43018 43690 45748 45841 48313 48381 48428 ,371731 828078 311220 396792 863312 440037 399734 356442 383873 418979 ,35589 42058 42914 45748 45841 48313 48381 48428 48458 49292 
511795 365248 276878 108901 564489 665559 512898 513068 376843 880728 ,51411 52087 52170 54600 55282 55351 55389 57295 57459 57641 ,511795 365248 276878 108901 564489 665559 512898 376843 880728 521878 ,51411 52087 52170 54600 55282 55351 55389 57459 57641 58513 
435866 882953 873302 706251 979296 224725 540909 224086 484678 163226 ,56062 63134 63218 64442 64681 65017 67191 68966 70137 70184 ,435866 882953 873302 706251 979296 224725 540909 224086 484678 163226 ,56062 63134 63218 64442 64681 65017 67191 68966 70137 70184 
530215 811660 547740 433907 723158 66203 694783 878373 724510 379978 ,47655 48971 51787 52720 52812 53456 53764 54534 54622 54736 ,530215 547740 433907 723158 66203 724510 379978 748230 547305 109407 ,47655 51787 52720 52812 53456 54622 54736 54777 54828 54907 
571098 396449 470545 263370 111401 672364 503517 526935 968674 32375 ,73877 76421 77957 78893 79622 81079 83590 84023 84311 84313 ,571098 396449 470545 263370 111401 672364 503517 526935 968674 32375 ,73877 76421 77957 78893 79622 81079 83590 84023 84311 84313 
872933 865200 81674 417949 391780 655119 355338 929834 841183 868911 ,50130 52092 52266 52588 53253 55326 55489 55834 55944 56137 ,872933 865200 81674 391780 929834 841183 868911 733357 343911 834470 ,50130 52092 52266 53253 55834 55944 56137 56207 56674 58429 
823331 717100 719811 4460 207061 354724 23926 518524 471727 469806 ,33559 45466 49673 50981 51327 51400 51662 51662 51796 53237 ,823331 717100 719811 4460 207061 354724 518524 23926 471727 469806 ,33559 45466 49673 50981 51327 51400 51662 51662 51796 53237 
237971 531166 851125 473257 406521 292631 106348 68757 151441 452838 ,38680 62136 64956 66712 67502 69819 71411 74407 75003 76257 ,237971 531166 851125 473257 406521 292631 106348 68757 151441 452838 ,38680 62136 64956 66712 67502 69819 71411 74407 75003 76257 
124260 15431 958650 876948 672996 824493 996224 846416 882636 114942 ,45017 47954 49353 49468 49947 50424 51455 51612 51700 51721 ,124260 15431 958650 876948 672996 824493 996224 846416 882636 114942 ,45017 47954 49353 49468 49947 50424 51455 51612 51700 51721 
564493 249779 542687 14570 867086 796493 560931 983433 295425 326870 ,40529 41182 41685 42294 44034 44077 44320 44468 44793 45427 ,564493 249779 542687 14570 867086 796493 560931 983433 295425 326870 ,40529 41182 41685 42294 44034 44077 44320 44468 44793 45427 
90117 729977 59588 11610 59579 738696 61324 788484 722147 696575 ,52521 54811 55979 61422 62107 63605 65226 66252 68956 68967 ,90117 729977 59588 11610 59579 738696 61324 788484 722147 696575 ,52521 54811 55979 61422 62107 63605 65226 66252 68956 68967 
694663 861758 176336 691864 965552 311615 871077 870029 707460 632461 ,59172 65615 66154 67962 68975 69805 70386 72054 72556 72608 ,694663 861758 176336 691864 965552 311615 871077 870029 707460 632461 ,59172 65615 66154 67962 68975 69805 70386 72054 72556 72608 
912968 855288 126528 969800 563985 847144 955119 916319 90986 502462 ,40691 40699 41975 42286 43076 43999 44605 46171 46945 46976 ,912968 855288 126528 969800 563985 847144 955119 916319 90986 502462 ,40691 40699 41975 42286 43076 43999 44605 46171 46945 46976 
719976 748074 953328 340330 104820 363948 960682 261574 396899 834645 ,26556 28296 31300 31484 32034 32293 32385 33095 33220 33421 ,719976 748074 953328 340330 104820 363948 960682 261574 396899 834645 ,26556 28296 31300 31484 32034 32293 32385 33095 33220 33421 
393067 753771 277601 91683 15333 845696 396678 130999 72667 783415 ,53276 66769 71762 73799 73914 74120 74499 74537 75135 75286 ,393067 753771 91683 15333 845696 396678 130999 72667 783415 868698 ,53276 66769 73799 73914 74120 74499 74537 75135 75286 75373 
465343 851960 242501 861139 204595 400277 421679 173572 859003 441150 ,59460 59631 60739 62532 63123 63624 64123 65788 65895 65999 ,465343 851960 242501 861139 204595 400277 421679 173572 859003 441150 ,59460 59631 60739 62532 63123 63624 64123 65788 65895 65999 
141493 192710 189249 115246 89210 508686 113295 548736 722598 550104 ,60760 64689 68877 69792 69808 70020 70828 71011 72723 72877 ,141493 192710 189249 115246 89210 508686 113295 548736 722598 550104 ,60760 64689 68877 69792 69808 70020 70828 71011 72723 72877 
531716 203365 679939 730500 337623 966230 987928 166459 514920 493523 ,58010 59256 62391 62549 63704 63959 64911 64926 65389 66487 ,531716 203365 679939 730500 337623 966230 987928 166459 493523 489791 ,58010 59256 62391 62549 63704 63959 64911 64926 66487 66976 
948481 518852 610451 555302 868475 508462 629153 62583 78155 289514 ,81454 83530 86272 87736 89134 91646 92637 93619 93682 94304 ,948481 518852 610451 555302 868475 508462 629153 62583 78155 289514 ,81454 83530 86272 87736 89134 91646 92637 93619 93682 94304 
703660 505231 926330 660291 927836 988881 399459 420736 606205 440279 ,59385 60735 64343 65776 72469 73139 73812 74966 76283 77002 ,703660 505231 926330 927836 988881 399459 420736 606205 440279 212618 ,59385 60735 64343 72469 73139 73812 74966 76283 77002 78382 
367699 434665 339114 367703 815034 158710 356546 814924 324785 242060 ,25732 27001 30692 32726 35456 37455 37939 38395 38585 38746 ,367699 434665 339114 367703 815034 158710 356546 814924 324785 242060 ,25732 27001 30692 32726 35456 37455 37939 38395 38585 38746 
754354 498692 278696 811265 366309 365719 295788 709026 353126 100523 ,30469 33119 34915 35236 35521 36036 36177 36291 36604 36656 ,754354 498692 278696 811265 366309 365719 295788 709026 100523 749473 ,30469 33119 34915 35236 35521 36036 36177 36291 36656 36776 
64326 875997 750790 924762 988931 348139 513152 76560 465363 512393 ,63364 68252 71299 73074 73844 74561 74629 75646 76646 76704 ,64326 875997 750790 924762 988931 348139 513152 76560 465363 512393 ,63364 68252 71299 73074 73844 74561 74629 75646 76646 76704 
597866 708047 869474 259821 625501 731123 454380 953397 171597 230173 ,98606 99175 100415 102228 104953 105291 105837 106176 106655 107128 ,597866 869474 259821 625501 731123 454380 953397 171597 230173 77505 ,98606 100415 102228 104953 105291 105837 106176 106655 107128 108108 
931958 890768 397957 226588 861988 563458 61066 541845 561409 747267 ,49266 49489 52628 52682 53177 53518 54153 54459 54811 55051 ,931958 890768 397957 226588 861988 61066 541845 561409 747267 546766 ,49266 49489 52628 52682 53177 54153 54459 54811 55051 56286 
337996 397215 351204 607004 458749 952944 177764 355940 121707 687508 ,41481 42386 43462 44295 44928 46209 47542 48397 49065 49427 ,337996 351204 607004 458749 952944 177764 355940 121707 687508 459600 ,41481 43462 44295 44928 46209 47542 48397 49065 49427 50368 
833869 804130 486333 562575 991206 856664 512119 765303 840492 13442 ,68901 70005 72224 72259 73016 73106 73241 73494 73819 75081 ,833869 804130 486333 562575 991206 856664 512119 765303 840492 13442 ,68901 70005 72224 72259 73016 73106 73241 73494 73819 75081 
500781 688372 830372 997313 3331 341670 974548 747031 21216 330154 ,81935 98463 102625 103213 108093 109287 109387 109798 112855 115035 ,500781 688372 830372 997313 3331 341670 974548 747031 21216 330154 ,81935 98463 102625 103213 108093 109287 109387 109798 112855 115035 
758043 133332 945666 413286 724089 618955 738754 613706 690101 943643 ,104072 105274 106034 108178 108445 109608 115974 116383 116813 120925 ,758043 133332 945666 413286 724089 618955 738754 613706 690101 943643 ,104072 105274 106034 108178 108445 109608 115974 116383 116813 120925 
611189 183525 407823 408219 364016 488100 469750 203269 861083 766699 ,58592 59485 66084 66203 66969 69732 70727 70737 71752 72554 ,611189 183525 407823 408219 488100 469750 203269 766699 202041 597098 ,58592 59485 66084 66203 69732 70727 70737 72554 73780 73835 
260843 124111 275182 86639 54751 894127 387615 504281 537928 507724 ,96032 101389 103236 105382 105934 110344 113267 114572 114658 116214 ,260843 124111 275182 86639 54751 894127 387615 504281 537928 507724 ,96032 101389 103236 105382 105934 110344 113267 114572 114658 116214 
842562 842411 908357 842754 77383 239919 178644 514431 600621 18781 ,56479 56560 60018 65903 66628 67844 68713 68872 70459 70606 ,842562 842411 908357 842754 77383 239919 514431 18781 179492 70725 ,56479 56560 60018 65903 66628 67844 68872 70606 70741 71372 
932461 237589 755201 2299 455249 811284 338599 596614 936494 668136 ,106135 138931 139370 148608 150290 151575 152315 152706 153402 154451 ,932461 237589 755201 2299 455249 811284 338599 596614 936494 668136 ,106135 138931 139370 148608 150290 151575 152315 152706 153402 154451 
796154 181929 999684 931472 741678 466828 161896 978068 996823 502727 ,65525 68978 69327 70169 73009 74632 75373 76942 77454 77738 ,796154 181929 999684 931472 741678 466828 161896 978068 996823 517280 ,65525 68978 69327 70169 73009 74632 75373 76942 77454 77749 
146774 937592 806465 102780 940120 923591 143616 17244 369931 596410 ,66616 67998 68369 69273 69507 71389 71747 71850 74143 74392 ,146774 937592 806465 102780 923591 143616 17244 596410 470782 806879 ,66616 67998 68369 69273 71389 71747 71850 74392 76290 76522 
530457 866781 356997 261601 474425 426730 442935 431888 37290 474363 ,49595 49725 50832 53457 56424 57165 58519 59075 59136 59996 ,196072 105328 525989 940580 308661 217520 661291 989840 500964 953141 ,60496 63681 64338 66768 67251 67966 68425 69603 70302 70471 
776177 565902 370094 975396 301540 701423 410434 908634 776859 529315 ,67876 69065 70018 70108 70492 70961 71610 73939 76411 77031 ,776177 565902 370094 975396 301540 701423 410434 908634 776859 529315 ,67876 69065 70018 70108 70492 70961 71610 73939 76411 77031 
44173 353682 674052 721067 225985 170021 95664 108453 263933 353160 ,66445 74179 78948 80363 82713 82803 83048 83843 83884 84145 ,44173 353682 674052 721067 225985 170021 95664 108453 263933 353160 ,66445 74179 78948 80363 82713 82803 83048 83843 83884 84145 
860008 625980 237436 682464 543539 805504 181526 175297 933976 840574 ,79365 79381 80821 81213 82762 83026 83125 83804 84354 85765 ,860008 237436 682464 543539 805504 181526 175297 933976 840574 844162 ,79365 80821 81213 82762 83026 83125 83804 84354 85765 88301 
860588 584656 938164 894142 326518 311899 40931 390489 194280 407096 ,45016 47819 54885 59077 59279 59753 60004 60395 62075 62388 ,860588 194280 848059 994255 320162 152610 531800 243360 894422 879059 ,45016 62075 62883 63198 65175 66459 67001 68214 68409 69595 
856787 346384 256864 256798 466691 738453 544232 103553 284492 469771 ,87030 87512 89720 90944 91977 92802 95208 95798 96102 96418 ,856787 346384 256864 256798 466691 738453 544232 103553 284492 469771 ,87030 87512 89720 90944 91977 92802 95208 95798 96102 96418 
628339 628153 741664 231287 155938 166300 745440 230520 736849 737817 ,50282 52577 53442 54747 56221 56378 56409 57325 57936 58530 ,628339 628153 741664 231287 155938 745440 230520 736849 737817 251635 ,50282 52577 53442 54747 56221 56409 57325 57936 58530 59054 
96247 95822 863456 469715 206159 270437 451604 231702 135916 66315 ,45910 48549 49106 49212 49553 49553 51427 54792 55403 55426 ,96247 95822 863456 469715 206159 270437 451604 135916 66315 265437 ,45910 48549 49106 49212 49553 49553 51427 55403 55426 55524 
935344 235535 828224 284903 271294 396739 416579 744221 691547 256043 ,78800 90268 93017 99831 102418 103863 105041 105304 106065 106199 ,935344 235535 828224 284903 271294 396739 416579 744221 691547 256043 ,78800 90268 93017 99831 102418 103863 105041 105304 106065 106199 
249181 194375 463963 132621 394487 607813 285199 76817 729785 873709 ,86001 91551 97527 102477 103518 104869 106373 108962 112555 115622 ,249181 194375 463963 132621 394487 607813 285199 729785 523875 876143 ,86001 91551 97527 102477 103518 104869 106373 112555 115829 116910 
214834 68826 507409 521504 692917 675363 687105 89860 353362 860922 ,73309 77850 81624 82811 84155 85564 85685 85983 86247 86952 ,214834 68826 507409 521504 692917 675363 687105 89860 353362 860922 ,73309 77850 81624 82811 84155 85564 85685 85983 86247 86952 
245613 802732 243435 392151 803324 243719 195004 273820 194337 273153 ,65086 65105 68448 68932 69241 69811 69934 69934 70642 70642 ,245613 802732 243435 392151 803324 243719 195004 273820 273153 194337 ,65086 65105 68448 68932 69241 69811 69934 69934 70642 70642 
899286 886272 836344 673479 888649 540209 948222 615373 858010 544466 ,31464 38740 38953 39199 40716 40793 41261 41984 42365 42544 ,899286 886272 836344 673479 888649 540209 948222 615373 858010 544466 ,31464 38740 38953 39199 40716 40793 41261 41984 42365 42544 
987679 486636 982125 82355 882726 25470 360408 842809 335259 934347 ,40482 47255 49292 49936 56320 57035 57610 59121 60542 61295 ,987679 486636 982125 82355 882726 25470 360408 842809 335259 934347 ,40482 47255 49292 49936 56320 57035 57610 59121 60542 61295 
270161 881381 132427 57419 210238 298099 285091 276026 348915 543647 ,118293 124666 124708 135780 148979 149070 149998 152994 155001 156121 ,270161 881381 132427 57419 210238 298099 285091 276026 348915 543647 ,118293 124666 124708 135780 148979 149070 149998 152994 155001 156121 
844030 477509 681791 400538 847326 564915 61428 842294 181372 538689 ,71946 73429 74213 75419 76320 77211 77774 78668 78869 79351 ,844030 477509 681791 400538 847326 564915 61428 842294 181372 413881 ,71946 73429 74213 75419 76320 77211 77774 78668 78869 80023 
915386 480782 915362 283687 255262 969156 18127 224776 886451 19133 ,25489 25518 26211 29773 30504 30647 31106 31276 31323 31932 ,915386 480782 915362 283687 255262 969156 18127 224776 886451 19133 ,25489 25518 26211 29773 30504 30647 31106 31276 31323 31932 
268280 546190 891557 463761 284174 98492 390561 488024 257228 655992 ,80918 84418 86141 91333 91739 92030 93286 97449 98124 99182 ,268280 546190 891557 463761 284174 98492 390561 488024 257228 655992 ,80918 84418 86141 91333 91739 92030 93286 97449 98124 99182 
419865 714809 727070 681661 414025 172121 789807 362244 2138 5573 ,80918 82769 92576 94822 96173 96344 96371 97280 97811 99854 ,419865 714809 727070 681661 414025 172121 789807 362244 2138 5573 ,80918 82769 92576 94822 96173 96344 96371 97280 97811 99854 
377203 362197 243769 289648 966855 135175 424836 695382 208644 991708 ,105942 112980 127093 138010 143078 144357 144993 145236 147464 149448 ,377203 362197 243769 289648 966855 135175 424836 695382 208644 991708 ,105942 112980 127093 138010 143078 144357 144993 145236 147464 149448 
377459 689550 429771 699860 531379 698478 597731 295172 243669 611719 ,58866 63497 67677 68962 69759 70520 71727 71985 73148 73444 ,377459 689550 429771 699860 531379 597731 295172 243669 611719 3544 ,58866 63497 67677 68962 69759 71727 71985 73148 73444 74981 
637506 747517 42067 202959 834959 286824 183923 740450 366421 681108 ,59485 71063 72095 73886 74399 74957 76156 78291 79103 83154 ,637506 747517 42067 202959 834959 286824 183923 740450 366421 681108 ,59485 71063 72095 73886 74399 74957 76156 78291 79103 83154 
749261 228649 90253 11764 322826 485342 837172 299626 437717 585618 ,77303 78080 79392 80869 81624 82061 82521 85219 86164 86403 ,749261 228649 90253 11764 322826 837172 299626 437717 585618 578707 ,77303 78080 79392 80869 81624 82521 85219 86164 86403 87352 
359128 302648 131375 506242 173272 514963 509335 818277 923217 82305 ,94023 95520 97863 98718 102193 103117 104374 107449 107975 108032 ,359128 302648 131375 506242 173272 514963 509335 818277 923217 82305 ,94023 95520 97863 98718 102193 103117 104374 107449 107975 108032 
380931 252984 20355 611713 313976 659446 250345 784442 724904 900004 ,47353 51842 55065 55552 56086 57589 59149 59243 59521 60560 ,380931 252984 20355 611713 313976 250345 784442 724904 900004 823770 ,47353 51842 55065 55552 56086 59149 59243 59521 60560 60708 
885778 867763 272727 727412 99153 849770 844607 704045 396499 493428 ,66825 69318 70152 73992 74331 74413 76229 78243 78625 80613 ,885778 867763 272727 727412 99153 849770 844607 704045 396499 493428 ,66825 69318 70152 73992 74331 74413 76229 78243 78625 80613 
256976 734354 200216 264494 916965 117298 317353 361338 286022 145043 ,45152 46015 48850 48850 49489 52052 52158 52297 52719 56409 ,256976 734354 200216 264494 916965 117298 317353 361338 286022 145043 ,45152 46015 48850 48850 49489 52052 52158 52297 52719 56409 
246492 431112 59974 866132 112231 866185 877278 393549 211555 54200 ,34986 40099 41129 42406 43472 43687 44509 45353 45473 45522 ,246492 431112 59974 866132 112231 866185 877278 393549 211555 54200 ,34986 40099 41129 42406 43472 43687 44509 45353 45473 45522 
877400 561622 251683 272230 253799 917369 812607 877770 669518 809838 ,31291 33822 33851 34193 34213 35510 35695 35926 36325 36380 ,877400 561622 251683 253799 917369 812607 877770 669518 809838 301484 ,31291 33822 33851 34213 35510 35695 35926 36325 36380 36517 
804855 229062 174949 176134 706918 697498 745077 796179 470321 698161 ,61468 65299 66480 67809 69078 69530 69582 70078 70244 70631 ,804855 229062 174949 176134 706918 697498 745077 796179 470321 698161 ,61468 65299 66480 67809 69078 69530 69582 70078 70244 70631 
398471 815131 390040 611132 826343 13710 941799 166791 529014 93465 ,69917 72138 74020 80756 83081 83730 85104 86567 86572 87057 ,398471 815131 390040 611132 826343 13710 941799 166791 529014 93465 ,69917 72138 74020 80756 83081 83730 85104 86567 86572 87057 
23403 888296 691981 912250 503507 158350 753626 586367 404237 278098 ,58259 60875 66814 68696 70160 71738 72526 72986 72999 73274 ,23403 912250 503507 753626 586367 404237 278098 745800 796597 170105 ,58259 68696 70160 72526 72986 72999 73274 73402 73863 75246 
547959 330514 799920 326407 158475 329465 809903 821426 689224 547928 ,53162 54412 57214 59868 60657 62460 62938 63105 63543 63693 ,547959 330514 799920 326407 158475 329465 809903 821426 689224 547928 ,53162 54412 57214 59868 60657 62460 62938 63105 63543 63693 
727652 635588 212674 175495 388320 108965 69188 287748 823476 700782 ,62135 62746 64544 72562 75382 76513 77217 78478 78942 79143 ,727652 212674 69188 242687 404991 124379 704126 769662 348635 504529 ,62135 64544 77217 84457 86666 87279 89565 89652 89936 90052 
675698 476768 232442 305294 502295 658633 367625 645399 58968 376697 ,27317 29907 30391 32105 33418 33567 36609 36652 36723 36815 ,675698 476768 232442 305294 502295 658633 645399 58968 376697 736607 ,27317 29907 30391 32105 33418 33567 36652 36723 36815 37381 
777177 889256 592734 539041 960090 722919 885363 929269 19132 58215 ,41347 49567 50029 52380 52474 53121 54329 54336 56120 56419 ,777177 889256 592734 539041 960090 722919 885363 929269 19132 58215 ,41347 49567 50029 52380 52474 53121 54329 54336 56120 56419 
563997 745054 212429 839555 202086 169412 771542 390760 398208 193654 ,74172 75753 84817 90876 92059 93492 94547 94595 95843 96140 ,563997 745054 212429 839555 202086 169412 771542 390760 398208 193654 ,74172 75753 84817 90876 92059 93492 94547 94595 95843 96140 
618355 457896 654661 954634 70199 836381 560980 833594 865272 542320 ,52541 53832 54157 55554 56386 56590 57311 59481 60419 61161 ,618355 457896 654661 954634 70199 836381 560980 833594 865272 542320 ,52541 53832 54157 55554 56386 56590 57311 59481 60419 61161 
614942 627800 854331 22115 826265 241988 571406 607801 419706 847198 ,41205 42167 42766 42909 43305 43752 44710 47402 49382 50431 ,614942 627800 854331 22115 826265 241988 571406 607801 419706 847198 ,41205 42167 42766 42909 43305 43752 44710 47402 49382 50431 
82313 280040 280729 337400 188521 83308 262271 68639 496941 449053 ,18226 22135 23071 23725 24126 25974 26698 27397 27575 27645 ,417866 232651 353439 222084 517289 324164 305557 418024 489073 292836 ,27952 29854 31333 31585 31663 33117 34106 34165 34378 34534 
432521 708759 501008 977454 521862 158060 257008 92319 498852 363919 ,33824 35543 40219 40586 41650 42944 43290 43379 43699 44229 ,708759 158060 92319 327875 305811 498195 923824 638079 24104 525185 ,35543 42944 43379 44870 45386 45870 46230 46743 47009 47324 
228115 350948 237915 279098 44400 673990 862176 350815 559612 350661 ,28338 32998 33474 33939 36223 36754 37120 37414 38458 39847 ,228115 237915 279098 44400 673990 862176 350815 559612 350661 90180 ,28338 33474 33939 36223 36754 37120 37414 38458 39847 40561 
615037 574377 523207 305110 986194 441029 517006 533951 524963 583790 ,45593 50455 54788 55495 55596 56827 57180 57570 57834 58134 ,615037 574377 523207 305110 986194 441029 517006 533951 524963 583790 ,45593 50455 54788 55495 55596 56827 57180 57570 57834 58134 
735368 942684 469789 439376 978389 780010 466750 450373 130334 434169 ,57203 57281 57760 58768 62744 65430 65704 65803 67285 68060 ,735368 942684 469789 439376 978389 780010 466750 450373 130334 434169 ,57203 57281 57760 58768 62744 65430 65704 65803 67285 68060 
899938 352491 674717 240857 639875 522706 312717 516733 672765 250163 ,59421 60320 60397 61458 63665 64122 64949 65088 66103 66481 ,899938 352491 674717 240857 639875 522706 312717 516733 672765 250163 ,59421 60320 60397 61458 63665 64122 64949 65088 66103 66481 
58901 59974 58692 574115 528978 143219 885363 863037 932026 299903 ,38561 42229 43389 46268 49348 50918 51003 51085 51339 52031 ,809072 634877 220917 434178 742875 2363 685627 618589 933488 252579 ,53076 57797 57871 59421 60210 60469 60612 60935 61408 62181 
461445 306265 863066 214612 829734 471784 242115 524467 940806 214806 ,34003 40076 40324 41480 42008 42388 42829 43057 43573 44179 ,471784 473208 694001 504834 889556 727886 554779 821254 522587 672163 ,42388 50372 53533 53898 55828 57404 57812 59024 59151 59731 
635651 430045 998002 685524 961342 545266 632682 887493 806434 617938 ,39830 40995 42316 42692 45854 46194 46667 47035 47136 47289 ,635651 430045 998002 685524 961342 545266 632682 887493 806434 617938 ,39830 40995 42316 42692 45854 46194 46667 47035 47136 47289 
830947 637421 690330 294864 261999 558524 600721 828704 738985 717111 ,19785 22049 23510 27242 27787 28846 29259 29347 29962 31728 ,830947 637421 690330 294864 261999 558524 600721 828704 738985 717111 ,19785 22049 23510 27242 27787 28846 29259 29347 29962 31728 
85615 84061 686829 84408 600646 429887 528957 530832 662845 832453 ,39176 40496 43817 45125 45263 46404 48940 49432 49963 50017 ,85615 84061 686829 84408 600646 429887 528957 662845 832453 82767 ,39176 40496 43817 45125 45263 46404 48940 49963 50017 51194 
229898 354281 515371 493903 528423 280739 305573 526041 364330 461487 ,36988 40276 40564 41859 42978 43112 43444 44445 44671 45030 ,229898 515371 528423 488742 501419 717016 259902 236994 337369 58843 ,36988 40564 42978 45886 46447 47633 48906 49255 49347 49660 
335482 772944 183873 186775 581308 557100 751705 968534 136041 656206 ,87497 91210 92863 100841 103893 105477 106185 106822 107406 107591 ,335482 183873 186775 581308 557100 751705 968534 136041 656206 390236 ,87497 92863 100841 103893 105477 106185 106822 107406 107591 108368 
198394 822693 194399 14837 481928 36361 886230 832562 239401 390137 ,60420 63183 66726 71508 73723 74620 77116 77119 78122 79813 ,198394 822693 194399 14837 481928 36361 886230 832562 239401 390137 ,60420 63183 66726 71508 73723 74620 77116 77119 78122 79813 
62250 224669 700389 157490 797614 391890 565869 790033 433609 13660 ,85269 89715 89894 94782 96969 102380 102725 102883 103376 109222 ,62250 224669 700389 157490 797614 391890 565869 790033 433609 13660 ,85269 89715 89894 94782 96969 102380 102725 102883 103376 109222 
639049 646406 156428 434519 495928 433292 449720 428732 918841 541253 ,38838 42427 42491 43274 43681 44720 45098 45542 45644 46025 ,639049 646406 156428 434519 495928 433292 449720 428732 918841 541253 ,38838 42427 42491 43274 43681 44720 45098 45542 45644 46025 
227421 231798 619886 815241 242080 374414 230895 586490 959960 506803 ,37810 46603 48874 54353 54901 55241 55981 56077 56127 56461 ,231798 619886 815241 242080 374414 230895 586490 959960 506803 508391 ,46603 48874 54353 54901 55241 55981 56077 56127 56461 56680 
316010 866993 934600 138367 238389 676157 765063 19725 530020 318311 ,55844 55914 57006 59150 59780 60396 60708 61788 62127 63833 ,316010 866993 934600 138367 238389 765063 19725 530020 318311 248071 ,55844 55914 57006 59150 59780 60708 61788 62127 63833 64412 
245024 461324 744492 771359 992330 247500 105621 978312 907338 159554 ,55915 56223 71567 72254 75826 76658 79256 80880 81100 81544 ,245024 461324 744492 992330 247500 978312 907338 159554 228181 468507 ,55915 56223 71567 75826 76658 80880 81100 81544 84407 85498 
748729 16962 377756 776222 986883 874532 412750 875689 450307 554529 ,49617 50632 63419 63844 63948 65852 66026 66627 66802 68130 ,748729 776222 986883 13695 748201 225595 2837 841835 88082 865404 ,49617 63844 63948 68165 68631 68701 69712 69833 71798 72062 
607346 615628 496731 251897 278762 363565 547091 43255 385745 994440 ,45524 50620 58594 59526 60810 64416 67698 68820 70203 72076 ,607346 615628 496731 251897 278762 363565 547091 43255 385745 994440 ,45524 50620 58594 59526 60810 64416 67698 68820 70203 72076 
837213 60177 410114 19352 102858 886759 966760 838279 902653 690294 ,39807 44267 45148 45944 46085 47808 48860 49619 49861 50844 ,837213 60177 410114 19352 102858 886759 966760 838279 902653 690294 ,39807 44267 45148 45944 46085 47808 48860 49619 49861 50844 
94705 939272 609848 181793 83184 433329 81695 788545 592743 453351 ,47684 59041 61973 63783 63796 66606 68110 71385 71901 72958 ,94705 939272 609848 181793 83184 433329 81695 788545 592743 453351 ,47684 59041 61973 63783 63796 66606 68110 71385 71901 72958 
823996 534416 416746 757578 535333 323101 836381 588374 919798 570151 ,42467 46546 46714 47393 47474 47512 47772 47789 48987 49176 ,823996 534416 416746 757578 535333 323101 836381 588374 919798 570151 ,42467 46546 46714 47393 47474 47512 47772 47789 48987 49176 
233542 224060 627330 578051 807186 102818 996584 527961 548549 890851 ,63960 122464 157609 159656 168064 169449 169697 185121 189859 191886 ,233542 224060 627330 578051 807186 102818 996584 527961 548549 890851 ,63960 122464 157609 159656 168064 169449 169697 185121 189859 191886 
852506 776530 398332 878176 986256 947192 834262 986354 895442 815769 ,75894 76493 77666 81281 84592 85732 86545 88843 89832 90491 ,852506 776530 398332 878176 986256 947192 834262 986354 895442 815769 ,75894 76493 77666 81281 84592 85732 86545 88843 89832 90491 
22985 747890 102106 749170 260730 595490 618355 508905 583752 226415 ,37184 48427 48817 50299 52454 53218 53727 54486 54881 54933 ,22985 747890 102106 749170 260730 595490 618355 508905 583752 226415 ,37184 48427 48817 50299 52454 53218 53727 54486 54881 54933 
122060 516549 278936 104719 524639 632151 658301 494559 385744 30087 ,27972 31498 32192 33821 35369 35840 35992 36094 36569 36667 ,122060 278936 104719 524639 632151 658301 494559 385744 30087 634576 ,27972 32192 33821 35369 35840 35992 36094 36569 36667 37079 
831124 232582 114053 973209 620694 21437 518814 984256 607808 594142 ,49206 54965 55119 56203 58142 61005 61377 61462 61571 62573 ,831124 232582 114053 973209 620694 21437 518814 984256 607808 883960 ,49206 54965 55119 56203 58142 61005 61377 61462 61571 62921 
915760 535920 434226 683930 940657 387388 620816 270805 81147 358165 ,57750 63240 65753 66506 68536 69842 70457 71942 72724 72951 ,915760 535920 434226 683930 940657 387388 620816 270805 81147 358165 ,57750 63240 65753 66506 68536 69842 70457 71942 72724 72951 
524268 535116 280666 834700 157756 719554 30553 573106 695355 720199 ,58655 61297 68962 69520 71231 71670 71942 73064 75103 75400 ,524268 535116 280666 834700 157756 719554 30553 573106 695355 720199 ,58655 61297 68962 69520 71231 71670 71942 73064 75103 75400 
486127 785741 454753 87038 179614 105926 804732 489621 465930 64817 ,89288 105343 106326 108991 109943 111026 113998 114275 116825 118080 ,486127 785741 454753 87038 179614 105926 804732 489621 465930 64817 ,89288 105343 106326 108991 109943 111026 113998 114275 116825 118080 
453777 744298 370737 99277 976068 453392 499146 372191 68707 690353 ,56505 57041 58590 58640 59606 60400 60746 60942 61731 61827 ,453777 744298 370737 99277 453392 499146 372191 68707 690353 679639 ,56505 57041 58590 58640 60400 60746 60942 61731 61827 61875 
874290 569291 500657 59587 274104 881483 732456 682152 604273 919042 ,60970 66132 67881 67966 68069 71883 73033 73588 73896 75792 ,874290 569291 500657 59587 274104 881483 732456 682152 604273 919042 ,60970 66132 67881 67966 68069 71883 73033 73588 73896 75792 
511957 947340 905366 111878 120917 983565 316088 569106 590015 689442 ,45627 50730 55068 55655 56703 56768 56851 57563 58457 59182 ,511957 947340 905366 111878 120917 983565 316088 569106 590015 689442 ,45627 50730 55068 55655 56703 56768 56851 57563 58457 59182 
301808 341650 509319 953542 969862 803780 762610 981940 101680 284003 ,52580 55770 60906 62958 63251 64570 65132 67381 67702 67846 ,301808 341650 509319 953542 969862 803780 762610 981940 101680 284003 ,52580 55770 60906 62958 63251 64570 65132 67381 67702 67846 
65227 304958 107572 522455 629722 169142 843229 181123 194588 698732 ,71130 71665 72108 74030 74705 74868 75184 76204 76673 77372 ,65227 304958 107572 522455 629722 169142 843229 181123 194588 698732 ,71130 71665 72108 74030 74705 74868 75184 76204 76673 77372 
941159 469500 454795 437014 550350 360657 586953 630922 590119 172884 ,78298 87376 94544 95621 96122 96323 96705 97484 98718 100063 ,941159 469500 454795 437014 550350 360657 586953 630922 590119 172884 ,78298 87376 94544 95621 96122 96323 96705 97484 98718 100063 
697353 910915 815613 979926 746146 469552 140388 40134 607386 308191 ,51092 53691 53838 53970 54601 54966 55792 55947 55983 56445 ,697353 910915 815613 979926 746146 469552 140388 40134 607386 308191 ,51092 53691 53838 53970 54601 54966 55792 55947 55983 56445 
69423 261750 499540 466624 176787 9899 30872 472390 699493 224676 ,56581 58645 58681 59545 59700 59797 60771 60872 61861 62148 ,261750 499540 466624 176787 9899 30872 472390 699493 224676 490209 ,58645 58681 59545 59700 59797 60771 60872 61861 62148 62225 
278872 292364 246565 501268 237363 373581 227492 292357 755505 911581 ,22870 22900 25259 27412 29554 29554 30102 30337 30386 30746 ,278872 292364 246565 501268 373581 237363 227492 292357 755505 911581 ,22870 22900 25259 27412 29554 29554 30102 30337 30386 30746 
65429 461446 455531 327538 508434 870049 542432 531520 746675 880114 ,71726 72095 86356 86638 89253 89509 90746 91266 92729 93371 ,65429 461446 455531 327538 508434 870049 542432 531520 746675 880114 ,71726 72095 86356 86638 89253 89509 90746 91266 92729 93371 
357521 862764 823330 482333 221966 324158 97685 903027 793085 735048 ,52114 61390 62460 63651 65456 69143 70037 70190 70412 70830 ,357521 862764 482333 324158 97685 735048 793054 526014 607298 497122 ,52114 61390 63651 69143 70037 70830 72182 72246 72668 72713 
834774 871262 360426 943666 986071 216198 890920 124019 734978 224039 ,70506 76506 77607 78409 78732 80130 81122 81721 82305 82484 ,834774 871262 360426 943666 986071 216198 890920 124019 734978 224039 ,70506 76506 77607 78409 78732 80130 81122 81721 82305 82484 
522401 512549 20651 341854 196475 743788 872463 220297 859976 694088 ,67585 71320 72782 73351 74681 76369 80377 81129 83828 85698 ,522401 512549 20651 341854 196475 743788 872463 220297 859976 694088 ,67585 71320 72782 73351 74681 76369 80377 81129 83828 85698 
63929 359916 385251 512068 699505 665757 292523 470540 22255 430505 ,59703 59872 60210 63562 63743 66718 68902 69063 69755 69942 ,63929 359916 385251 512068 699505 665757 292523 470540 22255 430505 ,59703 59872 60210 63562 63743 66718 68902 69063 69755 69942 
364901 326705 355670 949613 837529 910989 627951 870765 220379 328897 ,44484 58437 60334 60980 61001 63541 63564 63859 64965 65838 ,364901 326705 355670 837529 910989 627951 870765 220379 328897 134645 ,44484 58437 60334 61001 63541 63564 63859 64965 65838 66361 
782460 832092 224186 843177 617938 565711 923905 686237 838921 883108 ,34954 35393 38588 40192 40516 41655 41826 41993 42100 43179 ,782460 832092 224186 843177 617938 565711 923905 686237 838921 883108 ,34954 35393 38588 40192 40516 41655 41826 41993 42100 43179 
986071 758616 40730 838066 978878 355636 573178 610808 833310 346290 ,50050 52729 57288 59682 61729 62961 63444 66086 68016 68488 ,758616 40730 838066 978878 355636 573178 610808 833310 346290 159589 ,52729 57288 59682 61729 62961 63444 66086 68016 68488 68986 
169526 183604 411061 528580 725512 211158 15436 406969 614649 928464 ,78279 81766 84145 86178 86469 91698 91783 92337 92872 93770 ,169526 183604 411061 528580 725512 211158 15436 406969 614649 928464 ,78279 81766 84145 86178 86469 91698 91783 92337 92872 93770 
909140 471812 377619 289339 511991 237224 267450 262038 450301 513200 ,36620 36762 38151 38401 38980 39709 39746 41663 41798 42324 ,552266 471784 449216 554779 473208 102266 913620 810406 727886 122191 ,43928 44497 48902 48999 52347 53649 55282 55526 56467 56755 
906856 136292 86242 612783 124952 702195 708438 553043 578925 245362 ,41658 49195 60963 62694 63882 65683 65701 65995 67755 68625 ,906856 136292 86242 702195 708438 553043 578925 245362 708713 452780 ,41658 49195 60963 65683 65701 65995 67755 68625 68627 69161 
658131 972245 700830 736625 689876 924153 510012 804490 476796 519294 ,35856 41537 42826 43877 46092 47246 48431 48706 49174 49194 ,658131 972245 700830 736625 689876 924153 510012 804490 476796 519294 ,35856 41537 42826 43877 46092 47246 48431 48706 49174 49194 
474723 50980 243575 785274 555451 327203 51064 289096 472112 106745 ,31407 40530 42382 48040 48950 49757 49945 50219 51798 53973 ,474723 50980 243575 785274 555451 327203 51064 289096 472112 106745 ,31407 40530 42382 48040 48950 49757 49945 50219 51798 53973 
952959 610898 158521 592766 833127 404657 567505 997773 568412 117108 ,19990 24646 26292 27181 27656 30832 31566 31677 31941 32197 ,952959 610898 158521 592766 833127 404657 567505 997773 568412 117108 ,19990 24646 26292 27181 27656 30832 31566 31677 31941 32197 
593774 23357 911787 908257 31738 207985 859571 915324 90116 222853 ,70474 70851 78110 79685 81061 81223 81916 82715 84438 84888 ,593774 23357 911787 908257 31738 207985 859571 915324 90116 222853 ,70474 70851 78110 79685 81061 81223 81916 82715 84438 84888 
23725 829916 428833 885452 974042 692842 554706 463209 651730 811498 ,65285 69442 69798 71371 75042 77322 78472 78829 79087 79839 ,23725 829916 428833 885452 974042 692842 554706 463209 651730 811498 ,65285 69442 69798 71371 75042 77322 78472 78829 79087 79839 
400574 750734 403450 752664 93908 854774 543491 591469 594291 703512 ,66978 71982 72530 73270 73328 74128 74602 74899 75071 75361 ,750734 752664 93908 854774 543491 591469 594291 703512 392370 915763 ,71982 73270 73328 74128 74602 74899 75071 75361 75502 75794 
646557 390831 262036 499050 68961 323658 540750 108393 503664 48703 ,34688 38427 39025 40329 41684 43153 43338 44043 44746 45132 ,646557 390831 262036 499050 68961 323658 540750 108393 503664 48703 ,34688 38427 39025 40329 41684 43153 43338 44043 44746 45132 
885699 556430 632845 634919 641696 854197 124989 902612 163245 742875 ,69389 70162 72482 72821 78335 78895 81832 82986 83417 83848 ,885699 556430 632845 634919 641696 854197 124989 902612 163245 742875 ,69389 70162 72482 72821 78335 78895 81832 82986 83417 83848 
249211 890263 626423 889378 889663 749580 905679 620854 563302 308788 ,38134 39301 42750 43698 46212 47519 50248 51073 51209 51642 ,249211 890263 626423 889378 889663 749580 905679 620854 563302 308788 ,38134 39301 42750 43698 46212 47519 50248 51073 51209 51642 
681403 608112 967811 900881 831866 573582 243505 193809 877429 13123 ,42554 47957 52026 56747 56839 56907 56932 61081 62635 63353 ,681403 608112 967811 900881 831866 573582 243505 193809 877429 13123 ,42554 47957 52026 56747 56839 56907 56932 61081 62635 63353 
277539 920760 422056 89352 332920 483934 803747 487209 153992 48388 ,51799 52922 53849 54719 61154 61959 62497 63045 64239 64576 ,277539 920760 422056 89352 332920 483934 803747 487209 153992 48388 ,51799 52922 53849 54719 61154 61959 62497 63045 64239 64576 
620688 517229 70641 772137 449593 143140 338992 688307 480914 10341 ,95738 98779 107407 109627 109654 110102 113365 114703 115311 116329 ,620688 517229 70641 772137 449593 143140 338992 688307 480914 10341 ,95738 98779 107407 109627 109654 110102 113365 114703 115311 116329 
833796 17249 838485 991013 722987 932729 190506 349981 75280 36742 ,78512 79143 79437 80392 80427 81428 81705 84471 84614 84676 ,833796 17249 838485 991013 722987 932729 190506 75280 401315 879326 ,78512 79143 79437 80392 80427 81428 81705 84614 84778 85372 
709780 387564 564372 225331 944871 520059 168504 171685 12118 950320 ,51913 66986 68823 70314 71181 72605 75151 77622 78018 78216 ,709780 387564 564372 225331 944871 520059 168504 12118 950320 230409 ,51913 66986 68823 70314 71181 72605 75151 78018 78216 78588 
262987 602630 54658 476846 866468 852472 364474 963213 674796 459961 ,62029 66283 74567 77564 79190 83976 84575 85230 87809 88446 ,262987 54658 476846 852472 364474 963213 351800 384625 269983 339219 ,62029 74567 77564 83976 84575 85230 90388 90933 91106 91445 
487192 16295 140250 256191 13340 207681 13097 203671 267949 15382 ,38711 39940 41664 42002 43233 45851 45878 46345 46345 46453 ,16295 140250 256191 13340 207681 13097 267949 203671 15382 572943 ,39940 41664 42002 43233 45851 45878 46345 46345 46453 46785 
236400 241360 491823 238403 120472 310811 309324 574336 314507 338551 ,36526 37514 42275 43967 44588 46093 47203 47660 48834 51564 ,236400 241360 491823 238403 120472 310811 309324 574336 314507 338551 ,36526 37514 42275 43967 44588 46093 47203 47660 48834 51564 
709907 804944 506850 517548 185703 744084 662929 14417 396916 64078 ,97573 100817 103414 106344 106832 107701 108981 109370 109735 110413 ,709907 804944 506850 517548 185703 744084 662929 14417 396916 64078 ,97573 100817 103414 106344 106832 107701 108981 109370 109735 110413 
197149 538954 929307 876201 845398 963041 124325 312208 153415 910820 ,56321 64009 65163 66860 67474 67787 68932 70196 71014 71808 ,197149 538954 929307 876201 845398 963041 124325 312208 153415 910820 ,56321 64009 65163 66860 67474 67787 68932 70196 71014 71808 
770852 393520 398419 703421 404167 399034 68851 595132 205690 496507 ,78079 79356 79604 79717 79857 80880 81629 83096 84196 85497 ,770852 393520 398419 703421 404167 399034 68851 595132 205690 496507 ,78079 79356 79604 79717 79857 80880 81629 83096 84196 85497 
351206 79916 307896 741541 903098 31047 917855 30466 617177 331669 ,58558 60655 66106 66593 67922 68134 70632 71203 71712 71921 ,351206 79916 307896 741541 903098 31047 917855 331669 315545 700091 ,58558 60655 66106 66593 67922 68134 70632 71921 72776 73919 
698292 751544 121588 455319 489857 138624 780082 303485 101717 99177 ,37167 39986 41490 47123 49975 51771 52193 52813 52836 53284 ,698292 751544 121588 455319 489857 138624 780082 303485 101717 99177 ,37167 39986 41490 47123 49975 51771 52193 52813 52836 53284 
646807 836248 375259 544500 676516 835899 373834 837862 610276 672674 ,12579 14605 15266 16301 17072 18716 18954 19236 19815 20210 ,646807 836248 375259 544500 676516 835899 373834 837862 610276 672674 ,12579 14605 15266 16301 17072 18716 18954 19236 19815 20210 
308933 364938 347343 85080 720462 663159 701288 937109 615392 869096 ,67841 81122 85814 86200 89157 90007 91357 93879 95031 95776 ,364938 347343 85080 720462 663159 701288 937109 615392 869096 321816 ,81122 85814 86200 89157 90007 91357 93879 95031 95776 96031 
705474 940868 623398 194027 628637 455947 420198 285475 731710 721881 ,75365 85911 86188 86701 89901 91196 91912 93806 94028 95242 ,705474 940868 623398 628637 420198 285475 731710 721881 413108 844409 ,75365 85911 86188 89901 91912 93806 94028 95242 95689 96365 
386173 810457 927495 236416 907623 557050 26061 121706 103357 852950 ,69692 71629 72544 73795 77378 77692 79774 81500 81672 83228 ,386173 810457 927495 236416 907623 557050 26061 121706 103357 852950 ,69692 71629 72544 73795 77378 77692 79774 81500 81672 83228 
104829 471517 920649 571445 302516 290130 413595 44720 483816 308894 ,46185 54676 56209 56702 57446 59755 59911 60969 61189 61233 ,104829 471517 920649 302516 413595 308894 894134 473402 326011 286851 ,46185 54676 56209 57446 59911 61233 61513 62105 62179 62553 
338410 539917 72104 561553 365158 864757 343066 955020 593158 305975 ,78153 81395 115990 117025 117047 122212 122620 123331 123428 126125 ,338410 539917 72104 561553 365158 864757 343066 955020 593158 305975 ,78153 81395 115990 117025 117047 122212 122620 123331 123428 126125 
311219 74738 735637 665478 118850 628788 168041 268347 519494 726346 ,57232 58559 59179 61966 62633 63682 64357 64659 64933 65619 ,311219 74738 735637 665478 118850 628788 168041 519494 726346 943027 ,57232 58559 59179 61966 62633 63682 64357 64933 65619 65812 
690007 663119 551725 974904 134953 489130 310851 965492 133722 875491 ,82137 91066 93128 94940 96624 97209 98264 99029 101938 102502 ,690007 663119 551725 974904 134953 489130 310851 965492 133722 875491 ,82137 91066 93128 94940 96624 97209 98264 99029 101938 102502 
733508 823512 101349 716705 178074 169094 716557 429504 108856 381152 ,42688 45183 51092 51139 53815 53908 55153 56390 56652 56706 ,733508 823512 101349 716705 178074 169094 716557 108856 381152 433799 ,42688 45183 51092 51139 53815 53908 55153 56652 56706 57595 
607671 245265 584442 207879 432835 230965 960900 20526 630331 112505 ,73411 75821 76034 76320 76964 76983 78657 78660 78755 79778 ,607671 245265 584442 207879 432835 230965 960900 20526 630331 112505 ,73411 75821 76034 76320 76964 76983 78657 78660 78755 79778 
299231 337132 459587 305680 527753 530491 783592 422290 407119 193228 ,43499 44237 45828 46920 48407 49886 50222 51382 51948 52049 ,299231 337132 459587 305680 527753 530491 783592 422290 407119 193228 ,43499 44237 45828 46920 48407 49886 50222 51382 51948 52049 
264292 300651 71087 751877 158557 621456 628818 151589 399133 183028 ,81679 84580 86522 89219 91779 92845 93818 94505 94568 94675 ,264292 300651 71087 751877 158557 621456 628818 151589 399133 183028 ,81679 84580 86522 89219 91779 92845 93818 94505 94568 94675 
795915 502262 242746 9552 416401 181593 358376 214332 954001 987919 ,77710 78022 78442 79390 81020 81295 82151 83538 84061 84776 ,795915 502262 242746 9552 416401 358376 214332 954001 62366 21445 ,77710 78022 78442 79390 81020 82151 83538 84061 85204 85304 
327624 576652 725467 716818 668471 502239 844293 282578 514738 245627 ,62268 72512 73457 73749 75651 75804 76640 79030 79195 79329 ,327624 576652 725467 716818 668471 502239 844293 282578 514738 619992 ,62268 72512 73457 73749 75651 75804 76640 79030 79195 81242 
797665 215358 475815 407775 70495 692524 518104 381423 660225 437746 ,79305 92360 103717 104002 105274 106515 107662 110688 110895 111401 ,797665 215358 475815 407775 70495 692524 518104 381423 660225 437746 ,79305 92360 103717 104002 105274 106515 107662 110688 110895 111401 
935832 831623 942273 567564 311452 310976 929504 628300 948214 590337 ,63080 66309 69887 71503 74030 75141 76188 78690 80290 81296 ,935832 831623 942273 567564 311452 929504 628300 948214 590337 137392 ,63080 66309 69887 71503 74030 76188 78690 80290 81296 81628 
651721 407276 121563 160024 656713 251128 300284 502894 651008 298128 ,47165 58333 61506 64186 67492 67571 76030 76087 76393 77724 ,651721 407276 121563 160024 656713 251128 300284 502894 651008 298128 ,47165 58333 61506 64186 67492 67571 76030 76087 76393 77724 
330437 256916 490660 360341 368532 165701 936706 762729 477613 344197 ,89889 98322 98805 99834 104338 106579 107723 109269 109289 109927 ,330437 256916 490660 360341 368532 165701 936706 762729 477613 433935 ,89889 98322 98805 99834 104338 106579 107723 109269 109289 110718 
530479 401208 497760 188528 747427 295141 607057 450632 919731 293475 ,34559 36615 36637 38484 39314 40550 41181 41309 41324 41514 ,530479 188528 747427 607057 450632 293475 818604 59797 473328 1524 ,34559 38484 39314 41181 41309 41514 42264 42432 42750 43151 
518443 692123 692679 363664 363629 788215 371248 106117 758375 68902 ,38285 38967 40206 41093 41959 42511 42537 42779 43729 44894 ,518443 692123 692679 363664 363629 788215 371248 106117 758375 68902 ,38285 38967 40206 41093 41959 42511 42537 42779 43729 44894 
186514 345181 385319 858364 312155 611516 884486 224561 675749 918071 ,83279 89233 92260 95227 100557 102667 103009 103027 103167 107427 ,186514 345181 385319 858364 312155 611516 884486 224561 675749 918071 ,83279 89233 92260 95227 100557 102667 103009 103027 103167 107427 
821819 492700 467948 698445 124591 575743 525064 364938 350397 491827 ,67584 70320 77847 81752 82888 86306 87654 88881 90017 91724 ,821819 492700 467948 698445 124591 575743 525064 364938 350397 491827 ,67584 70320 77847 81752 82888 86306 87654 88881 90017 91724 
670482 47397 577693 670677 895053 987846 198553 277369 209084 988477 ,44629 52938 56005 56424 60093 60645 60757 60757 61393 61996 ,47397 577693 670677 895053 198553 277369 209084 988477 333735 450414 ,52938 56005 56424 60093 60757 60757 61393 61996 62044 62128 
441407 362866 266230 933321 844911 369528 36911 228330 349225 381824 ,85337 91363 98045 99901 101585 101758 102681 102841 104270 104838 ,441407 362866 266230 933321 844911 36911 228330 349225 381824 968639 ,85337 91363 98045 99901 101585 102681 102841 104270 104838 104906 
451844 369878 765226 330652 968503 653977 79935 794479 646217 9656 ,55884 55893 55928 57053 58346 59708 64357 64400 64633 65711 ,451844 369878 765226 330652 968503 653977 79935 794479 646217 9656 ,55884 55893 55928 57053 58346 59708 64357 64400 64633 65711 
805413 237729 477212 888728 515932 141337 491054 518884 287185 339661 ,47320 49557 56311 57098 58287 59832 60002 61343 64023 64627 ,805413 237729 477212 888728 515932 141337 491054 518884 287185 339661 ,47320 49557 56311 57098 58287 59832 60002 61343 64023 64627 
829853 372475 990816 752620 359590 470122 501332 403721 711564 460944 ,95456 101694 101831 101974 104450 107546 108372 108523 109077 111796 ,372475 990816 752620 359590 470122 501332 403721 711564 460944 717282 ,101694 101831 101974 104450 107546 108372 108523 109077 111796 111952 
231884 753664 665099 681892 516442 253456 750797 995830 994002 520457 ,62572 63806 66311 68731 70182 72383 73500 76126 76174 77687 ,231884 753664 665099 681892 516442 253456 750797 995830 994002 520457 ,62572 63806 66311 68731 70182 72383 73500 76126 76174 77687 
600670 72820 67617 289288 989878 91281 26029 721330 175963 99900 ,60074 61785 68494 69487 70095 73815 74758 76424 76452 76930 ,600670 72820 67617 289288 989878 91281 26029 721330 175963 99900 ,60074 61785 68494 69487 70095 73815 74758 76424 76452 76930 
697507 854584 765869 820270 506772 509211 409116 326656 198498 516164 ,61815 64284 71967 74291 75210 75454 76689 77217 78935 79325 ,697507 854584 765869 820270 506772 509211 409116 326656 198498 516164 ,61815 64284 71967 74291 75210 75454 76689 77217 78935 79325 
89524 122033 523040 83911 302879 815519 83088 294597 248293 80539 ,28081 29415 31265 31894 33892 35098 35235 35466 36915 36963 ,89524 122033 523040 83911 302879 815519 83088 294597 248293 80539 ,28081 29415 31265 31894 33892 35098 35235 35466 36915 36963 
934697 354080 926468 465348 868842 331432 682942 391430 82486 829774 ,74170 84647 88957 90717 96004 98330 98451 98665 99399 99720 ,934697 354080 926468 465348 868842 331432 682942 391430 82486 829774 ,74170 84647 88957 90717 96004 98330 98451 98665 99399 99720 
784215 881863 628303 325457 981601 267949 202090 344520 885795 269319 ,59168 59350 59357 59409 59485 61980 62267 62319 62898 63107 ,784215 881863 628303 325457 981601 267949 202090 344520 885795 269319 ,59168 59350 59357 59409 59485 61980 62267 62319 62898 63107 
250887 777911 921624 302985 618954 984280 757141 834487 622429 235331 ,91575 103434 109494 112010 112757 113053 114749 115862 115868 116935 ,250887 777911 921624 302985 618954 984280 757141 834487 622429 235331 ,91575 103434 109494 112010 112757 113053 114749 115862 115868 116935 
437287 453836 396002 734815 105310 93214 117251 953626 310007 67722 ,78806 82294 84889 87269 90003 90614 91462 91585 92154 92587 ,437287 453836 396002 734815 105310 93214 117251 953626 310007 67722 ,78806 82294 84889 87269 90003 90614 91462 91585 92154 92587 
206073 738750 632708 596535 731564 740487 19143 740911 406716 576602 ,41524 42389 44533 44613 44960 46061 46752 47089 47231 47732 ,738750 740487 406716 850390 270884 200901 752232 271105 824229 313676 ,42389 46061 47231 48315 48555 51290 52919 52986 53049 53505 
119943 321634 948212 724058 593851 280436 278016 120899 74441 19057 ,98093 98740 99860 101856 107320 107365 107585 108495 110033 111473 ,119943 321634 948212 724058 593851 280436 278016 120899 74441 19057 ,98093 98740 99860 101856 107320 107365 107585 108495 110033 111473 
340521 22262 911218 560726 140930 428228 516921 684572 640022 600671 ,33654 38112 41371 42578 46932 48187 49573 50835 50944 52363 ,340521 22262 911218 560726 140930 428228 516921 684572 640022 600671 ,33654 38112 41371 42578 46932 48187 49573 50835 50944 52363 
984772 129201 941141 933603 895638 167395 266624 675086 635651 857757 ,61306 64849 65502 65937 69349 69741 70028 71369 71622 71696 ,984772 129201 941141 933603 895638 167395 266624 675086 635651 857757 ,61306 64849 65502 65937 69349 69741 70028 71369 71622 71696 
538921 792880 278422 888987 194002 169570 335107 122797 887805 750321 ,69793 87355 92806 92975 93116 93126 93178 93473 93519 94400 ,538921 792880 278422 888987 194002 169570 335107 122797 887805 750321 ,69793 87355 92806 92975 93116 93126 93178 93473 93519 94400 
44735 834867 728360 481283 704536 393548 202183 266461 885151 678512 ,40313 50175 50271 54752 56911 57330 57597 57597 58821 59730 ,44735 834867 728360 481283 704536 393548 202183 266461 885151 678512 ,40313 50175 50271 54752 56911 57330 57597 57597 58821 59730 
166545 483470 752432 807938 944369 969043 968909 319837 417526 535481 ,83964 84338 85198 87387 88887 89365 90406 90469 90832 91143 ,166545 483470 752432 807938 944369 969043 968909 319837 417526 535481 ,83964 84338 85198 87387 88887 89365 90406 90469 90832 91143 
911287 778662 175789 823005 345657 678253 552624 317158 500237 527007 ,58702 60488 62295 62733 62762 64335 64997 65589 66204 66429 ,911287 778662 823005 345657 678253 552624 317158 527007 681788 992408 ,58702 60488 62733 62762 64335 64997 65589 66429 66805 68202 
482617 633734 154014 195921 193941 333188 14032 629515 454153 542064 ,76417 86748 87991 90532 92843 94041 94816 96675 96913 97282 ,482617 633734 154014 195921 193941 333188 14032 629515 454153 542064 ,76417 86748 87991 90532 92843 94041 94816 96675 96913 97282 
253835 257212 596407 82451 200859 265137 230332 997823 691941 928684 ,60307 63354 67579 67804 69073 69073 70520 70575 71357 72490 ,596407 82451 200859 265137 230332 997823 691941 327162 778650 804400 ,67579 67804 69073 69073 70520 70575 71357 73212 74509 75016 
683662 569328 794133 355995 341709 608749 457125 25456 576832 159798 ,67399 68747 73120 73922 73950 74902 77266 77602 78432 78678 ,683662 569328 794133 341709 608749 457125 25456 576832 159798 958045 ,67399 68747 73120 73950 74902 77266 77602 78432 78678 79065 
916448 719023 861605 713738 717363 814472 740793 535324 701197 995636 ,22598 31307 32817 34342 35362 35844 37443 38827 39062 39184 ,916448 719023 861605 713738 717363 814472 740793 535324 701197 995636 ,22598 31307 32817 34342 35362 35844 37443 38827 39062 39184 
780552 636363 431395 71523 997637 379591 179318 596614 2617 499040 ,57287 66042 68714 72789 73217 73536 73621 73824 74331 75332 ,780552 636363 431395 71523 997637 379591 179318 2617 499040 180927 ,57287 66042 68714 72789 73217 73536 73621 74331 75332 76010 
754461 467382 210976 510011 880128 754852 370489 458267 756361 108507 ,48914 51145 52292 52801 53104 53525 54939 55062 55763 56643 ,754461 467382 210976 510011 880128 754852 370489 458267 756361 108507 ,48914 51145 52292 52801 53104 53525 54939 55062 55763 56643 
803502 629554 244242 232301 907596 459211 401660 125391 75892 374436 ,72223 76021 76512 78905 80744 81604 82652 83372 85877 86413 ,803502 244242 232301 459211 401660 125391 75892 374436 739404 703747 ,72223 76512 78905 81604 82652 83372 85877 86413 86776 87569 
268663 632172 206113 798169 799188 744992 315483 483285 197387 201397 ,52546 54653 55707 56976 58313 60447 60723 60764 61250 61504 ,268663 632172 206113 798169 799188 744992 315483 483285 197387 201397 ,52546 54653 55707 56976 58313 60447 60723 60764 61250 61504 
317478 121525 184606 231106 395685 35740 739455 773990 172895 586818 ,53542 68867 70353 80495 83207 84643 93160 94510 94825 95010 ,317478 121525 184606 231106 395685 35740 739455 773990 172895 586818 ,53542 68867 70353 80495 83207 84643 93160 94510 94825 95010 
443628 444496 709220 445043 811396 587736 443779 557840 558015 770355 ,39606 47570 51922 52720 54952 55641 55759 55988 56227 59667 ,443628 444496 709220 445043 811396 587736 443779 557840 558015 770355 ,39606 47570 51922 52720 54952 55641 55759 55988 56227 59667 
337103 589876 770646 827785 755192 106560 128425 394298 206915 44533 ,50033 50324 54225 55717 55991 56711 57481 57851 58134 58580 ,337103 589876 770646 827785 755192 106560 128425 206915 44533 494219 ,50033 50324 54225 55717 55991 56711 57481 58134 58580 59471 
317958 441581 301893 77583 51171 734224 992682 693488 629407 865187 ,70747 76361 76868 80820 87865 89124 89138 89316 89670 90273 ,317958 441581 301893 77583 51171 734224 992682 693488 865187 707628 ,70747 76361 76868 80820 87865 89124 89138 89316 90273 90316 
263927 93728 790760 290740 99169 178308 467931 293020 736586 966231 ,139225 150643 153643 154433 168071 171028 171056 172717 172762 173311 ,263927 93728 790760 290740 99169 178308 467931 293020 736586 966231 ,139225 150643 153643 154433 168071 171028 171056 172717 172762 173311 
834346 135760 660264 373777 251924 404794 894343 612834 816230 340227 ,57377 60651 63185 68111 71140 71809 71990 72168 73043 74269 ,834346 135760 660264 373777 251924 404794 894343 612834 816230 340227 ,57377 60651 63185 68111 71140 71809 71990 72168 73043 74269 
481617 473048 98829 330633 972945 682983 527411 864984 123800 434518 ,59610 60143 63659 65559 66882 67546 69861 70134 70988 71008 ,481617 473048 98829 330633 972945 682983 527411 864984 123800 434518 ,59610 60143 63659 65559 66882 67546 69861 70134 70988 71008 
963671 838885 766416 392515 238308 948235 957750 116526 15813 794066 ,55521 63484 70904 71067 72277 74022 74032 75204 75326 75466 ,963671 838885 766416 392515 238308 948235 957750 116526 15813 794066 ,55521 63484 70904 71067 72277 74022 74032 75204 75326 75466 
220716 207950 374184 207954 764340 710157 755658 678305 903705 836248 ,60268 66382 70711 70836 72179 72507 77838 82244 87944 91160 ,220716 207950 374184 207954 764340 710157 755658 678305 903705 836248 ,60268 66382 70711 70836 72179 72507 77838 82244 87944 91160 
911490 18099 43776 944463 202700 266978 274908 834053 470793 206320 ,49874 64771 65454 71032 71547 71547 71824 72276 74683 74776 ,911490 18099 266978 202700 274908 834053 470793 206320 248338 926162 ,49874 64771 71547 71547 71824 72276 74683 74776 75450 78572 
660704 663627 839214 32666 665116 157427 666182 608878 846487 197287 ,50807 51711 54576 55878 59021 59188 66770 68891 70444 70618 ,660704 663627 839214 32666 665116 157427 666182 608878 846487 197287 ,50807 51711 54576 55878 59021 59188 66770 68891 70444 70618 
861802 27061 295609 252014 504330 720101 805488 113304 246356 222239 ,92655 93287 95073 95602 97317 97358 97610 97839 98805 99450 ,861802 27061 295609 252014 504330 720101 805488 113304 246356 222239 ,92655 93287 95073 95602 97317 97358 97610 97839 98805 99450 
307229 151775 227354 238007 415655 443059 461264 458329 452277 458733 ,42588 53901 56440 58622 60182 60506 62327 62365 63793 64198 ,307229 151775 227354 238007 415655 443059 461264 458329 452277 458733 ,42588 53901 56440 58622 60182 60506 62327 62365 63793 64198 
136328 769594 816470 433925 780386 839111 466824 214848 537631 134800 ,58896 62607 65257 65418 65687 66217 67083 67294 67367 67383 ,136328 769594 816470 433925 780386 839111 466824 214848 537631 134800 ,58896 62607 65257 65418 65687 66217 67083 67294 67367 67383 
268722 678980 844003 572286 906215 728292 14437 844314 977068 246721 ,70082 73747 74466 74814 78594 82712 83177 83288 85842 86987 ,268722 678980 844003 572286 906215 728292 14437 844314 977068 246721 ,70082 73747 74466 74814 78594 82712 83177 83288 85842 86987 
502783 203665 544255 842854 221737 667969 981809 839705 210616 191358 ,53309 57007 58505 62807 63617 63771 66734 68703 70305 73781 ,502783 203665 544255 842854 221737 667969 981809 839705 210616 191358 ,53309 57007 58505 62807 63617 63771 66734 68703 70305 73781 
835860 776126 584127 835191 190009 892390 168982 830484 860667 271258 ,53270 64113 64510 65691 66548 74360 75386 84863 87567 90689 ,835860 776126 584127 835191 190009 892390 168982 830484 860667 271258 ,53270 64113 64510 65691 66548 74360 75386 84863 87567 90689 
121950 658134 616709 72000 662796 694587 662610 244533 995087 71736 ,27466 28945 29705 30297 31488 34520 34801 35620 36019 36207 ,121950 658134 616709 72000 662796 694587 662610 244533 995087 71736 ,27466 28945 29705 30297 31488 34520 34801 35620 36019 36207 
448832 154676 89748 309816 67453 266873 192334 780660 983018 34507 ,91465 107311 116459 118589 118676 123041 127963 129687 130738 131723 ,448832 154676 89748 309816 67453 266873 192334 780660 983018 34507 ,91465 107311 116459 118589 118676 123041 127963 129687 130738 131723 
670241 243550 874215 531032 777969 417068 992602 260638 56026 527836 ,81249 98196 99760 108674 109802 110847 111068 111403 113274 114407 ,670241 243550 874215 531032 777969 417068 992602 260638 56026 527836 ,81249 98196 99760 108674 109802 110847 111068 111403 113274 114407 
441624 860838 587815 592470 182853 675995 969651 459531 797239 749039 ,105840 106652 107022 112110 112533 121402 121701 122014 124936 125092 ,441624 860838 587815 592470 182853 675995 969651 459531 797239 749039 ,105840 106652 107022 112110 112533 121402 121701 122014 124936 125092 
983523 533007 787795 244255 891097 230991 580981 963362 441220 461141 ,20921 32866 42109 43496 44526 44910 45639 46941 47211 47244 ,983523 533007 787795 244255 891097 230991 580981 963362 441220 461141 ,20921 32866 42109 43496 44526 44910 45639 46941 47211 47244 
774724 677755 775960 820263 314209 285384 215876 116684 815757 815764 ,48224 48404 48874 52489 53558 57521 57891 58153 59137 60315 ,774724 677755 775960 820263 314209 285384 215876 116684 815757 815764 ,48224 48404 48874 52489 53558 57521 57891 58153 59137 60315 
264990 175002 658599 691906 929396 833819 998938 457657 483915 170423 ,68266 72066 75891 77652 78626 79174 81361 81392 82451 83253 ,264990 175002 658599 691906 929396 833819 998938 457657 170423 21663 ,68266 72066 75891 77652 78626 79174 81361 81392 83253 86151 
238472 571958 261244 980380 844704 612608 64438 335151 834384 311061 ,77588 79476 85395 87205 89440 89978 93339 93763 93943 94549 ,238472 571958 261244 980380 844704 612608 64438 335151 834384 311061 ,77588 79476 85395 87205 89440 89978 93339 93763 93943 94549 
293916 475699 585600 526322 375117 250798 679167 451328 367118 222369 ,78133 81222 85817 86339 86854 87923 88023 88777 88911 89326 ,293916 475699 585600 526322 375117 250798 679167 451328 367118 804916 ,78133 81222 85817 86339 86854 87923 88023 88777 88911 90906 
265687 846384 812117 680079 461490 719587 801741 220539 931995 854812 ,87048 113729 120842 126848 130011 132015 133738 136156 140712 142958 ,265687 846384 812117 680079 461490 719587 801741 220539 931995 854812 ,87048 113729 120842 126848 130011 132015 133738 136156 140712 142958 
868458 930200 10438 100490 332001 777058 481375 346591 950045 719496 ,39545 47671 53944 57357 57367 57821 58551 58615 62401 62657 ,868458 930200 10438 332001 777058 481375 346591 950045 719496 52286 ,39545 47671 53944 57367 57821 58551 58615 62401 62657 62695 
360320 431644 198088 269617 234284 244840 137618 348402 200680 264958 ,41454 43548 45622 47474 48400 50008 50749 53027 53045 53045 ,360320 431644 198088 269617 234284 244840 137618 264958 481810 605313 ,41454 43548 45622 47474 48400 50008 50749 53045 53616 53704 
613715 56362 302994 381456 269989 958913 554040 347682 924832 789229 ,59910 62579 74483 74601 75145 78000 78507 79162 80348 83391 ,613715 302994 269989 958913 554040 347682 924832 789229 888816 179370 ,59910 74483 75145 78000 78507 79162 80348 83391 84235 85067 
209142 28259 162035 190278 189491 776341 789357 925857 425639 516191 ,76983 77340 78265 78324 80625 80629 81888 82414 83733 84018 ,209142 190278 789357 925857 516191 976030 415909 390192 549314 939847 ,76983 78324 81888 82414 84018 84929 87207 89478 89766 89949 
331012 699504 124962 97101 126448 440450 439608 334721 545785 144955 ,47456 52046 52418 53080 53314 53507 55438 57250 58891 58972 ,331012 124962 97101 440450 439608 334721 545785 144955 146970 21262 ,47456 52418 53080 53507 55438 57250 58891 58972 59428 60485 
811858 614134 522530 373014 358208 807303 688318 835730 50058 958955 ,42933 46255 46922 50267 50379 52515 52713 54388 55233 55278 ,811858 522530 373014 358208 807303 688318 835730 50058 958955 635224 ,42933 46922 50267 50379 52515 52713 54388 55233 55278 55852 
515865 366975 508151 477991 454753 19030 24506 996096 15700 651885 ,92292 93410 100867 103069 105437 105758 106201 109267 110742 111190 ,515865 366975 508151 477991 454753 19030 24506 996096 15700 651885 ,92292 93410 100867 103069 105437 105758 106201 109267 110742 111190 
640259 987290 849301 671611 903852 253718 375303 259042 447127 539013 ,38784 49748 52415 56872 60522 60924 62671 64946 65098 66786 ,640259 987290 849301 671611 903852 253718 375303 259042 447127 539013 ,38784 49748 52415 56872 60522 60924 62671 64946 65098 66786 
221772 824594 248499 246604 112519 246518 363607 187047 363516 69631 ,35582 36105 36755 37039 38656 38978 39101 39120 39332 40894 ,221772 824594 248499 246604 112519 246518 363607 187047 363516 69631 ,35582 36105 36755 37039 38656 38978 39101 39120 39332 40894 
895042 993563 705643 524505 886887 258554 158699 65820 873921 973984 ,87907 88705 88852 92190 95775 98439 99815 100075 100671 102868 ,895042 993563 705643 524505 886887 258554 158699 65820 873921 973984 ,87907 88705 88852 92190 95775 98439 99815 100075 100671 102868 
372218 796734 691908 772923 998472 347340 169737 32523 95687 929396 ,80241 85929 87291 88330 89000 89787 90452 91044 93171 95384 ,372218 796734 691908 347340 169737 32523 95687 929396 436219 73752 ,80241 85929 87291 89787 90452 91044 93171 95384 97054 97998 
283503 93282 864020 821064 967514 376045 398565 660169 616821 415201 ,69965 74120 74567 74581 76041 76871 76875 77269 77517 77583 ,283503 93282 864020 821064 967514 376045 398565 660169 616821 415201 ,69965 74120 74567 74581 76041 76871 76875 77269 77517 77583 
578249 260152 668295 569220 764203 670111 931868 528344 146820 764197 ,56046 64606 67207 69342 70413 70816 71268 71798 72569 73545 ,578249 260152 569220 764203 931868 528344 764197 64232 856393 281890 ,56046 64606 69342 70413 71268 71798 73545 73839 73977 74057 
457332 936430 483901 947977 269710 270238 384297 153165 925863 176389 ,87927 92026 97248 106592 107932 108545 108605 109709 110723 113058 ,457332 936430 483901 947977 269710 270238 153165 925863 176389 155790 ,87927 92026 97248 106592 107932 108545 109709 110723 113058 113572 
422056 923520 570513 988490 347807 379271 198799 740701 332151 166032 ,55075 55081 65394 65952 69035 70779 70979 72508 74507 74807 ,422056 923520 570513 988490 347807 379271 198799 740701 332151 166032 ,55075 55081 65394 65952 69035 70779 70979 72508 74507 74807 
863066 368107 516437 127163 519789 753150 369694 392226 514397 863498 ,52259 56380 58788 59068 59317 59880 61114 61818 62146 62511 ,863066 516437 127163 519789 753150 369694 392226 514397 863498 83316 ,52259 58788 59068 59317 59880 61114 61818 62146 62511 62668 
519432 620149 620734 93123 90970 225225 234979 618618 351267 932755 ,52248 65151 66845 68580 68622 68930 69011 70033 70141 70155 ,519432 620149 620734 93123 90970 225225 234979 618618 351267 932755 ,52248 65151 66845 68580 68622 68930 69011 70033 70141 70155 
975321 472854 901350 918335 11614 203175 509139 303646 503555 527287 ,125419 137074 152823 154662 157204 167578 167894 169896 171342 171917 ,975321 472854 901350 918335 11614 203175 509139 303646 503555 527287 ,125419 137074 152823 154662 157204 167578 167894 169896 171342 171917 
689645 613989 290912 601535 286369 706708 181283 232899 251823 108225 ,56206 60684 62447 64595 65498 69452 71615 72715 73038 76259 ,689645 613989 290912 601535 286369 706708 181283 232899 251823 108225 ,56206 60684 62447 64595 65498 69452 71615 72715 73038 76259 
834702 886649 773403 405874 348015 596855 7460 172113 614109 400569 ,60058 63355 63651 65754 66945 67057 67101 68459 69419 70467 ,886649 405874 348015 7460 614109 692065 692000 770821 569938 233535 ,63355 65754 66945 67101 69419 71170 72518 73987 74040 74075 
395288 618099 185178 618416 906004 395121 522303 522162 955167 747928 ,45791 50863 51596 53209 53570 54502 54554 54637 55378 55760 ,395288 618099 185178 618416 906004 395121 522303 522162 955167 747928 ,45791 50863 51596 53209 53570 54502 54554 54637 55378 55760 
221420 753170 111315 384965 329569 696024 708577 663640 833308 139742 ,78671 80120 83993 85963 87583 92020 94170 96358 96802 97555 ,221420 753170 111315 384965 329569 696024 708577 663640 833308 139742 ,78671 80120 83993 85963 87583 92020 94170 96358 96802 97555 
412151 945503 932162 843822 264339 555090 570914 100490 199001 810348 ,66110 85520 96075 96670 98866 98958 99164 102627 103892 104863 ,412151 945503 932162 843822 264339 555090 570914 100490 199001 810348 ,66110 85520 96075 96670 98866 98958 99164 102627 103892 104863 
310548 613733 847823 673352 38484 141433 897235 956995 817515 356888 ,39515 40965 55673 57954 65771 65806 66067 70400 72147 73182 ,310548 613733 847823 673352 38484 141433 897235 956995 817515 356888 ,39515 40965 55673 57954 65771 65806 66067 70400 72147 73182 
818673 110455 873481 240180 505290 791162 964720 920409 70485 660091 ,68774 75465 76093 77332 80453 81676 81891 82831 83432 84106 ,818673 110455 873481 240180 505290 791162 964720 920409 70485 660091 ,68774 75465 76093 77332 80453 81676 81891 82831 83432 84106 
295185 669498 830689 417088 295530 812069 586396 9801 724749 482595 ,46103 46253 46942 47742 47988 48175 50182 50191 50346 51258 ,295185 669498 830689 417088 295530 586396 9801 724749 482595 194383 ,46103 46253 46942 47742 47988 50182 50191 50346 51258 51318 
879514 658059 345778 551743 713852 638843 110870 570162 668850 876286 ,53072 56272 58775 59364 61068 61436 63212 63744 64219 64448 ,879514 658059 345778 551743 713852 638843 110870 570162 668850 876286 ,53072 56272 58775 59364 61068 61436 63212 63744 64219 64448 
24957 759197 605659 374003 988375 143641 878934 470433 207873 455668 ,52412 54113 55757 56702 60220 61374 62034 62289 63245 63559 ,24957 759197 605659 374003 988375 143641 878934 470433 207873 455668 ,52412 54113 55757 56702 60220 61374 62034 62289 63245 63559 
353928 232968 344630 340205 385408 62785 72003 338917 728629 324893 ,76018 79187 81346 81438 82996 84554 85687 86316 88350 89812 ,353928 232968 344630 324893 340230 369121 352361 139768 284024 692264 ,76018 79187 81346 89812 90096 90972 96330 97646 97724 97736 
308064 679993 355558 263666 368524 233332 110603 376017 145866 598331 ,60250 81852 82368 83989 86918 89412 89752 91932 92011 94215 ,308064 679993 355558 263666 368524 233332 110603 145866 598331 145088 ,60250 81852 82368 83989 86918 89412 89752 92011 94215 94649 
871074 814405 37771 433218 106559 5531 207735 6328 4849 718694 ,13162 20346 20710 20851 22063 23087 23829 24419 24818 24978 ,871074 814405 37771 433218 106559 5531 207735 6328 4849 718694 ,13162 20346 20710 20851 22063 23087 23829 24419 24818 24978 
342153 402554 514906 663099 290665 527322 920042 770000 826821 743473 ,58983 64639 65393 68219 69226 69565 69786 70204 70254 72884 ,342153 402554 514906 663099 290665 527322 920042 770000 826821 743473 ,58983 64639 65393 68219 69226 69565 69786 70204 70254 72884 
834169 634946 847048 561041 556925 257086 448242 716139 951620 732236 ,51201 72116 78823 86598 89327 90160 90608 90701 100391 103339 ,834169 634946 847048 561041 556925 257086 448242 716139 951620 732236 ,51201 72116 78823 86598 89327 90160 90608 90701 100391 103339 
171074 793115 114922 338841 288858 917037 58061 296197 710644 299175 ,82838 84670 85370 85484 85995 88495 88568 90617 94316 94620 ,171074 793115 114922 338841 288858 917037 58061 296197 710644 299175 ,82838 84670 85370 85484 85995 88495 88568 90617 94316 94620 
872229 181668 705908 713828 415461 72518 277586 177011 115852 321602 ,72926 79148 85869 86286 87110 87582 88812 91161 92276 93604 ,872229 181668 705908 713828 415461 72518 277586 177011 115852 321602 ,72926 79148 85869 86286 87110 87582 88812 91161 92276 93604 
916316 596063 986571 837477 235759 977683 422429 244784 618912 247049 ,84081 84351 86073 88563 89550 92577 93110 93385 94455 94462 ,916316 596063 986571 837477 235759 977683 422429 244784 618912 247049 ,84081 84351 86073 88563 89550 92577 93110 93385 94455 94462 
213811 145498 571211 248149 243669 180628 324478 571387 436616 324688 ,58001 58484 61637 62066 62192 62199 64501 65777 65968 66743 ,213811 145498 571211 248149 180628 324478 436616 324688 15784 2594 ,58001 58484 61637 62066 62199 64501 65968 66743 68127 70201 
99773 100067 88012 100547 877750 400051 813646 955864 369886 88353 ,61919 63962 65221 67430 70694 71440 73751 73975 74285 74547 ,99773 100067 88012 100547 877750 400051 813646 955864 369886 88353 ,61919 63962 65221 67430 70694 71440 73751 73975 74285 74547 
230741 840573 834138 670947 850084 771243 8897 771521 528018 512880 ,48235 48501 49030 49697 52245 52378 52462 52737 52750 53258 ,230741 840573 670947 850084 771243 8897 528018 700612 482561 529924 ,48235 48501 49697 52245 52378 52462 52750 53853 54307 54389 
468867 816107 564937 933684 610081 667322 768724 300953 552998 294878 ,78382 89773 99057 101461 105660 107722 108352 110317 111133 120818 ,468867 816107 564937 933684 610081 667322 768724 300953 552998 294878 ,78382 89773 99057 101461 105660 107722 108352 110317 111133 120818 
94537 467501 726307 472964 839866 337710 201759 909371 473077 566794 ,39563 44303 44358 45412 45731 45983 47170 47267 47534 49195 ,467501 726307 839866 337710 909371 473077 315945 737554 830287 525085 ,44303 44358 45731 45983 47267 47534 49537 49907 50557 50748 
965244 396941 966133 526136 468062 731782 326282 903348 480690 336758 ,56425 60669 62463 64405 64898 65329 65951 65953 66172 66193 ,965244 396941 966133 468062 731782 326282 480690 336758 44865 321484 ,56425 60669 62463 64898 65329 65951 66172 66193 66542 67089 
593159 845187 741686 780793 196212 542272 983516 970763 658966 59507 ,44441 47357 48005 49022 49363 50316 51435 51741 51972 52153 ,593159 845187 741686 780793 196212 542272 983516 970763 658966 59507 ,44441 47357 48005 49022 49363 50316 51435 51741 51972 52153 
238869 417007 228573 7806 229761 415429 258272 182169 230526 705237 ,25719 27145 27493 29735 30058 32361 32741 34255 34470 35705 ,238869 417007 228573 7806 229761 415429 258272 182169 230526 705237 ,25719 27145 27493 29735 30058 32361 32741 34255 34470 35705 
201951 8230 969092 345007 943717 95269 379185 159132 590860 733216 ,46554 54943 59172 60109 60342 60614 60699 61202 61610 61769 ,201951 8230 969092 345007 943717 95269 379185 159132 590860 733216 ,46554 54943 59172 60109 60342 60614 60699 61202 61610 61769 
18330 290376 14165 946443 561117 381696 320423 114612 9676 757901 ,73545 77966 79033 87169 89914 93167 93597 94138 94254 95327 ,18330 290376 14165 946443 561117 381696 320423 114612 9676 757901 ,73545 77966 79033 87169 89914 93167 93597 94138 94254 95327 
823951 812572 50090 894244 951595 570794 476512 607633 10225 673130 ,48277 50828 52318 53937 55188 55513 57747 58704 59098 59528 ,823951 812572 50090 894244 951595 570794 476512 607633 10225 673130 ,48277 50828 52318 53937 55188 55513 57747 58704 59098 59528 
497167 692864 493431 370346 915241 520381 396629 370350 112046 524146 ,54781 57880 58145 58361 58672 59009 59230 59257 59323 59660 ,370346 370350 635591 471125 201900 871104 108444 323193 675478 824716 ,58361 59257 64566 64774 65036 65470 66005 66502 67551 68020 
892029 825044 194835 956888 500126 49453 973610 648889 892783 892226 ,43119 44549 45482 46389 47475 50804 54598 55361 56092 56175 ,892029 825044 194835 956888 500126 49453 973610 892783 892226 290846 ,43119 44549 45482 46389 47475 50804 54598 56092 56175 56364 
754098 874636 920847 469796 863327 380083 146112 231735 69689 555125 ,60817 63034 65259 69465 73257 73784 74255 74645 74987 75103 ,754098 874636 920847 469796 863327 380083 146112 231735 69689 555125 ,60817 63034 65259 69465 73257 73784 74255 74645 74987 75103 
564021 842115 983778 210887 49781 987815 884070 546122 993773 957715 ,30522 30639 31969 32542 33290 33354 34315 34365 34423 34641 ,49781 906382 984219 832775 509838 987747 787609 905441 426221 959962 ,33290 36299 36852 38201 38616 38672 40787 40950 41231 41452 
406537 406340 966183 505013 973000 278894 808352 293310 48345 430455 ,27263 28830 29750 32785 33845 34296 34603 35518 35767 35820 ,406537 406340 966183 505013 973000 278894 808352 293310 48345 430455 ,27263 28830 29750 32785 33845 34296 34603 35518 35767 35820 
336780 85195 336664 106969 336717 529478 84968 80027 123297 232976 ,14044 15139 15154 15657 16801 16935 17248 17551 17944 18377 ,336780 106969 336717 529478 84968 80027 123297 232976 104718 305827 ,14044 15657 16801 16935 17248 17551 17944 18377 18592 18770 
120557 227191 977288 81189 903041 689820 325403 790751 230524 130334 ,33568 39407 44922 45415 46533 46591 46642 49318 49419 49489 ,120557 227191 977288 81189 903041 689820 325403 790751 230524 130334 ,33568 39407 44922 45415 46533 46591 46642 49318 49419 49489 
658195 151143 663259 753924 604399 336649 708935 125311 396850 997991 ,58717 61902 63208 68530 69226 69749 73699 73862 73946 74094 ,658195 151143 663259 753924 604399 336649 708935 125311 396850 997991 ,58717 61902 63208 68530 69226 69749 73699 73862 73946 74094 
140455 419768 294347 363404 132450 560617 366067 341739 264864 12275 ,31925 32996 35382 35510 36028 36863 37030 37618 37853 37868 ,140455 419768 294347 363404 132450 560617 366067 341739 264864 12275 ,31925 32996 35382 35510 36028 36863 37030 37618 37853 37868 
324987 4480 5137 20317 470493 740366 250482 427448 599122 813466 ,42623 44158 46155 47666 48048 48473 48504 49186 49468 50176 ,324987 4480 5137 20317 470493 740366 427448 599122 813466 800283 ,42623 44158 46155 47666 48048 48473 49186 49468 50176 50932 
815352 106968 124912 84813 89638 321742 815283 814836 100400 446738 ,10595 11140 11898 13284 14640 15905 15938 16076 16295 16507 ,815352 106968 124912 84813 89638 321742 815283 814836 100400 446738 ,10595 11140 11898 13284 14640 15905 15938 16076 16295 16507 
278723 932467 515293 83056 151358 516008 569187 250332 753431 522441 ,36962 37981 39008 39610 39671 39761 40051 41197 43015 43612 ,278723 932467 515293 83056 151358 516008 569187 250332 753431 522441 ,36962 37981 39008 39610 39671 39761 40051 41197 43015 43612 
82698 635218 156837 93496 778972 293857 658192 732277 537471 732268 ,33136 35816 36516 38581 39073 39116 39335 41565 42102 42226 ,82698 635218 156837 93496 778972 293857 658192 732277 537471 732268 ,33136 35816 36516 38581 39073 39116 39335 41565 42102 42226 
662406 666473 724297 279740 452032 560089 799419 242034 560418 240018 ,25702 28590 30512 31863 33894 34655 35387 35414 35937 36056 ,279740 452032 560418 112093 560309 614372 194072 299464 665730 294346 ,31863 33894 35937 36241 36965 37047 37083 37418 37519 37531 
522583 528691 751872 10760 221333 110180 791453 377034 488933 401128 ,70066 72303 75249 75434 76041 76825 77717 82468 82755 83053 ,522583 528691 751872 10760 221333 110180 791453 377034 488933 401128 ,70066 72303 75249 75434 76041 76825 77717 82468 82755 83053 
337342 238947 248270 263212 910844 754341 255409 30359 951679 309077 ,34975 36117 39505 43265 43877 45055 45927 47366 48990 49679 ,337342 238947 248270 263212 910844 754341 255409 30359 951679 309077 ,34975 36117 39505 43265 43877 45055 45927 47366 48990 49679 
82424 132109 599118 740760 292631 363948 261235 294512 151151 158397 ,19901 32770 36529 40748 41104 44568 44772 44981 45112 45659 ,82424 132109 599118 740760 292631 363948 261235 294512 151151 158397 ,19901 32770 36529 40748 41104 44568 44772 44981 45112 45659 
88738 449937 780028 69229 784931 498437 719330 974097 967764 769330 ,63595 67714 68914 71297 72817 76056 76849 82866 85630 89966 ,88738 449937 780028 69229 784931 498437 719330 974097 967764 769330 ,63595 67714 68914 71297 72817 76056 76849 82866 85630 89966 
108459 569079 665307 232599 808454 158588 684308 429693 377141 599217 ,41613 48306 49281 49492 50098 52459 53849 53916 54254 54833 ,108459 569079 665307 232599 808454 158588 684308 429693 377141 599217 ,41613 48306 49281 49492 50098 52459 53849 53916 54254 54833 
242627 502237 279538 363754 293502 749804 178149 102419 693988 279228 ,38731 39061 43610 47755 57309 57422 57772 58265 58849 60350 ,242627 502237 279538 363754 293502 749804 178149 102419 693988 279228 ,38731 39061 43610 47755 57309 57422 57772 58265 58849 60350 
287068 832599 345369 385988 930586 715694 133731 353904 499406 834734 ,63240 70173 74616 77712 79380 79435 80544 81683 81833 82673 ,287068 832599 345369 385988 930586 715694 133731 353904 499406 834734 ,63240 70173 74616 77712 79380 79435 80544 81683 81833 82673 
73374 59985 79836 30927 668061 181005 153704 422590 321482 519294 ,42591 43580 44559 46011 46952 48310 48902 49929 51253 51283 ,73374 59985 79836 30927 668061 181005 153704 422590 321482 519294 ,42591 43580 44559 46011 46952 48310 48902 49929 51253 51283 
826161 296098 194076 285412 351244 956967 311266 343434 240806 659415 ,40242 41523 43257 43543 43874 47707 47825 47962 48605 49341 ,194076 285412 956967 352293 695765 610321 884186 283158 292592 749191 ,43257 43543 47707 51005 52113 53239 53638 54131 54517 54933 
636404 122036 88338 9707 227486 989236 488860 712709 40547 400722 ,36229 47536 49109 49750 49879 50523 52571 53663 54069 54523 ,636404 122036 88338 9707 227486 989236 488860 712709 40547 400722 ,36229 47536 49109 49750 49879 50523 52571 53663 54069 54523 
63779 490668 100563 499141 302710 949199 279902 314721 376277 383582 ,69057 78113 82242 82861 86941 91690 93677 95645 97860 98301 ,63779 490668 100563 499141 302710 949199 279902 314721 376277 383582 ,69057 78113 82242 82861 86941 91690 93677 95645 97860 98301 
256971 88038 183008 520373 82077 678345 966199 498019 663663 814124 ,48565 49917 50506 50816 51946 53254 54028 54279 54988 55958 ,256971 88038 183008 520373 82077 678345 966199 498019 663663 814124 ,48565 49917 50506 50816 51946 53254 54028 54279 54988 55958 
525358 364102 197023 26006 254264 524638 321750 929119 234950 308858 ,27559 28728 31606 32344 33088 33653 34614 35670 36161 36954 ,525358 364102 197023 26006 254264 524638 321750 929119 234950 308858 ,27559 28728 31606 32344 33088 33653 34614 35670 36161 36954 
426605 914345 655064 44076 426663 216081 210755 952589 324302 710111 ,27931 39864 50651 52347 55379 58972 61279 61709 64330 64434 ,426605 914345 655064 44076 426663 216081 210755 952589 324302 710111 ,27931 39864 50651 52347 55379 58972 61279 61709 64330 64434 
401625 733245 687033 667322 496593 766053 243550 676113 140502 27825 ,97228 102647 107202 107618 109124 109281 114131 116364 117324 118483 ,401625 733245 687033 667322 496593 766053 243550 676113 140502 27825 ,97228 102647 107202 107618 109124 109281 114131 116364 117324 118483 
151324 716434 485783 384676 467673 458740 514955 458964 805043 187628 ,35779 40384 40878 42598 43514 43664 44484 45271 45408 45891 ,151324 716434 485783 384676 467673 458740 805043 476757 723006 195598 ,35779 40384 40878 42598 43514 43664 45408 46570 46620 48474 
484014 259269 965346 122220 130804 748457 202359 924556 430480 859895 ,53750 55807 58776 62792 65204 65638 66044 66713 68682 70012 ,484014 259269 965346 122220 130804 748457 202359 924556 430480 859895 ,53750 55807 58776 62792 65204 65638 66044 66713 68682 70012 
420260 700424 461844 557671 126166 34043 62419 177971 125804 813873 ,49188 54478 55219 57483 59784 62245 67406 68747 68796 68846 ,420260 700424 461844 557671 126166 34043 62419 177971 125804 813873 ,49188 54478 55219 57483 59784 62245 67406 68747 68796 68846 
206638 992426 540669 323932 296404 338449 105608 93383 26064 281790 ,38360 40134 40813 42000 42210 42832 44877 45094 45251 45318 ,206638 992426 540669 323932 296404 338449 105608 93383 26064 281790 ,38360 40134 40813 42000 42210 42832 44877 45094 45251 45318 
809444 763627 247885 903723 367293 699025 219892 438855 726964 630238 ,54209 57803 60603 61087 65750 65893 67856 68763 69106 69836 ,809444 763627 247885 903723 367293 699025 219892 438855 726964 630238 ,54209 57803 60603 61087 65750 65893 67856 68763 69106 69836 
424192 189798 623038 870432 623068 37983 349454 752787 390930 17844 ,58985 60283 73744 75701 77304 79944 80584 80994 81282 82905 ,189798 870432 623068 37983 349454 752787 390930 17844 903870 501654 ,60283 75701 77304 79944 80584 80994 81282 82905 84074 84470 
80132 379631 987685 237621 151649 485032 796817 83628 71735 365066 ,52999 56104 61859 62642 62802 63290 63753 64038 65921 66784 ,80132 379631 987685 237621 151649 485032 796817 83628 71735 365066 ,52999 56104 61859 62642 62802 63290 63753 64038 65921 66784 
737887 863514 174343 624869 496132 54575 298646 735375 240473 617718 ,47331 48252 49826 50370 54029 56103 57064 62625 62643 64060 ,737887 863514 174343 624869 496132 54575 298646 735375 240473 617718 ,47331 48252 49826 50370 54029 56103 57064 62625 62643 64060 
128438 22250 614905 364030 496918 635111 401016 955246 420681 16707 ,44977 47079 48493 49755 49972 50256 50915 51024 51351 51575 ,128438 22250 614905 364030 496918 635111 401016 955246 420681 16707 ,44977 47079 48493 49755 49972 50256 50915 51024 51351 51575 
347556 85201 350431 304992 905311 127837 307896 740760 419582 158933 ,52893 57415 58299 59488 60426 62509 63100 63222 63270 63872 ,347556 85201 350431 304992 905311 127837 307896 740760 419582 158933 ,52893 57415 58299 59488 60426 62509 63100 63222 63270 63872 
887739 11616 189647 11733 372692 595414 537532 211958 817889 150029 ,49093 50061 53034 53248 53367 54088 54808 55762 57011 57276 ,887739 11616 189647 11733 372692 595414 537532 211958 817889 211813 ,49093 50061 53034 53248 53367 54088 54808 55762 57011 57551 
70551 299014 784504 942017 686433 973034 127779 85101 85699 89804 ,57571 65920 66527 67403 68038 69864 69924 70017 71146 72041 ,70551 299014 784504 942017 686433 973034 127779 85101 85699 89804 ,57571 65920 66527 67403 68038 69864 69924 70017 71146 72041 
466584 609867 396745 824303 183333 201549 771437 345890 580119 370538 ,60972 67057 67174 75422 75959 76393 77317 80597 80806 81370 ,466584 609867 396745 824303 183333 201549 771437 345890 580119 370538 ,60972 67057 67174 75422 75959 76393 77317 80597 80806 81370 
338504 321598 352169 238477 494771 321972 996975 497694 503199 96841 ,22141 35313 35315 36390 37820 39605 39699 40687 40951 42154 ,494771 503199 96841 503179 307633 961219 719655 337092 716754 305203 ,37820 40951 42154 47707 49066 49075 49872 49989 50645 52424 
101381 339959 83530 240525 158398 519479 947405 233010 327535 44282 ,44288 45271 46797 46875 48050 48300 48980 50148 50955 52954 ,101381 339959 83530 240525 158398 519479 947405 233010 327535 44282 ,44288 45271 46797 46875 48050 48300 48980 50148 50955 52954 
584408 240724 806422 419340 613446 716915 566409 473369 522772 809503 ,61625 62682 63092 63322 67431 67655 68357 68493 68616 71831 ,584408 240724 806422 419340 613446 716915 566409 473369 522772 809503 ,61625 62682 63092 63322 67431 67655 68357 68493 68616 71831 
413908 43526 384243 897541 760966 629097 433637 571989 728714 830563 ,40180 42178 42578 42674 43160 45669 45914 46417 47301 48046 ,413908 43526 384243 897541 760966 433637 571989 728714 830563 99029 ,40180 42178 42578 42674 43160 45914 46417 47301 48046 48078 
366540 530660 488339 672515 492278 672257 8458 364374 547003 672598 ,32752 38867 39500 41651 45303 46194 47055 47991 49221 49397 ,366540 530660 672515 492278 672257 8458 364374 547003 672598 772359 ,32752 38867 41651 45303 46194 47055 47991 49221 49397 49736 
441132 320253 662518 627566 130910 459669 363575 627177 189115 363493 ,34656 36273 37634 39170 39186 40097 40249 40670 41657 41814 ,441132 320253 662518 627566 130910 459669 363575 627177 189115 363493 ,34656 36273 37634 39170 39186 40097 40249 40670 41657 41814 
953839 415862 996067 31368 632686 917986 12176 778966 362328 992264 ,53829 59192 78231 79513 79558 80836 82052 82177 82513 83597 ,953839 415862 996067 31368 632686 917986 12176 778966 362328 992264 ,53829 59192 78231 79513 79558 80836 82052 82177 82513 83597 
89419 834734 186545 2925 850081 97230 978846 146260 301073 519715 ,89572 118573 130246 157716 180505 206072 225816 237085 239137 254810 ,89419 834734 186545 2925 850081 97230 978846 146260 301073 519715 ,89572 118573 130246 157716 180505 206072 225816 237085 239137 254810 
12733 768881 303649 2590 376502 449076 792357 494831 130138 341595 ,101390 105143 109420 109814 110176 111845 116178 120460 121352 121702 ,12733 768881 303649 2590 376502 449076 792357 494831 130138 341595 ,101390 105143 109420 109814 110176 111845 116178 120460 121352 121702 
481167 464869 522930 778428 603396 678812 185828 634552 416435 636404 ,38014 42543 42778 44413 44530 47859 48402 48434 49347 49947 ,481167 464869 522930 778428 603396 678812 185828 634552 416435 636404 ,38014 42543 42778 44413 44530 47859 48402 48434 49347 49947 
570798 666456 253226 618506 841108 856711 724459 951633 666020 765458 ,62447 70407 73188 74845 74905 75465 77469 77558 77577 80044 ,570798 666456 253226 618506 841108 856711 724459 951633 666020 765458 ,62447 70407 73188 74845 74905 75465 77469 77558 77577 80044 
843989 842499 439456 179363 751754 806455 857085 841810 342048 360473 ,107044 124784 127137 127385 130436 130968 132581 137365 141452 146611 ,843989 842499 439456 179363 806455 857085 841810 342048 360473 435654 ,107044 124784 127137 127385 130968 132581 137365 141452 146611 147007 
630804 62302 461290 556302 707805 357172 729054 697687 724599 660113 ,65666 66845 72248 72300 73321 75466 76136 76159 77008 77847 ,630804 62302 461290 556302 707805 357172 729054 697687 724599 660113 ,65666 66845 72248 72300 73321 75466 76136 76159 77008 77847 
227660 50709 216249 895242 50595 249342 24134 474779 999723 210926 ,22771 25796 27046 30379 31364 32788 33705 34162 34411 34541 ,227660 50709 216249 895242 50595 249342 24134 474779 999723 210926 ,22771 25796 27046 30379 31364 32788 33705 34162 34411 34541 
548881 470684 821077 268421 351322 662965 771987 751858 551871 1792 ,61784 62597 63309 67532 68236 68903 69227 69455 69783 70033 ,548881 470684 821077 268421 351322 662965 771987 751858 551871 1792 ,61784 62597 63309 67532 68236 68903 69227 69455 69783 70033 
392012 359889 391771 48558 31769 497257 490797 193005 351175 237616 ,21446 29730 32441 32558 37002 37870 40450 40589 41821 42978 ,392012 359889 391771 31769 497257 490797 193005 351175 237616 370450 ,21446 29730 32441 37002 37870 40450 40589 41821 42978 43599 
677965 226480 247689 585510 893289 832267 260883 239098 539262 239843 ,29050 34803 36905 37763 37842 38582 38662 38738 38955 39009 ,677965 226480 247689 585510 893289 832267 260883 239098 539262 239843 ,29050 34803 36905 37763 37842 38582 38662 38738 38955 39009 
947183 22541 140543 371360 294274 658484 146283 151437 610245 127699 ,79802 79969 80147 80431 80760 80885 81068 81655 83377 83762 ,947183 22541 140543 371360 294274 658484 146283 151437 610245 127699 ,79802 79969 80147 80431 80760 80885 81068 81655 83377 83762 
481177 397769 222380 630468 994634 323455 731300 667809 462280 520623 ,41138 61654 67875 74391 74419 76421 77874 79204 79639 80461 ,481177 397769 630468 994634 323455 731300 667809 462280 520623 234915 ,41138 61654 74391 74419 76421 77874 79204 79639 80461 80825 
115749 332481 283640 179823 2816 793754 397856 111773 602022 598754 ,66132 76759 80890 83650 84562 88456 90845 92592 93171 93446 ,115749 332481 283640 179823 2816 793754 397856 111773 602022 598754 ,66132 76759 80890 83650 84562 88456 90845 92592 93171 93446 
263005 938453 743207 372990 198438 431789 459904 232500 70739 635655 ,49618 52018 53402 54865 56445 57615 57772 57972 58682 59352 ,263005 938453 743207 198438 431789 459904 232500 70739 635655 983233 ,49618 52018 53402 56445 57615 57772 57972 58682 59352 60701 
38783 889709 712020 124488 534923 280193 280624 762799 408473 384942 ,27774 35027 35965 37135 37297 38266 38834 39743 39946 40028 ,38783 889709 712020 124488 534923 280193 280624 762799 408473 384942 ,27774 35027 35965 37135 37297 38266 38834 39743 39946 40028 
575101 610751 277255 390866 265512 266260 569375 698779 233807 309546 ,30034 41386 50854 51284 51758 53258 54405 54473 55043 55653 ,575101 610751 277255 390866 265512 569375 698779 233807 309546 459263 ,30034 41386 50854 51284 51758 54405 54473 55043 55653 55827 
524946 520741 510278 83911 566409 306383 261442 451523 261427 526670 ,20982 22793 25032 25397 25684 26153 26324 27222 27365 27453 ,510278 306383 526670 278656 89796 124453 232781 283307 662627 780683 ,25032 26153 27453 27757 28346 28715 29495 30155 30241 30863 
856667 751753 289344 369045 358199 713429 84294 802522 113168 228802 ,49188 55967 57330 62658 63328 63811 64140 64474 64723 65169 ,856667 751753 289344 369045 358199 713429 84294 802522 113168 228802 ,49188 55967 57330 62658 63328 63811 64140 64474 64723 65169 
172654 178042 448352 525009 822159 1659 397436 590441 322297 190537 ,49565 66836 67148 67650 71362 71511 71988 72453 75732 76822 ,172654 178042 448352 525009 822159 1659 397436 590441 322297 190537 ,49565 66836 67148 67650 71362 71511 71988 72453 75732 76822 
326906 659258 102322 245715 240741 917128 65662 79847 608806 763841 ,58098 59070 64384 66516 69089 71152 76350 76432 77213 77746 ,326906 659258 102322 245715 917128 65662 79847 608806 763841 19486 ,58098 59070 64384 66516 71152 76350 76432 77213 77746 77811 
70893 335065 426124 615622 257810 653827 35469 212569 613384 21347 ,97832 101082 105644 106853 109766 111686 113335 113515 113556 118088 ,70893 335065 426124 615622 257810 653827 35469 212569 613384 21347 ,97832 101082 105644 106853 109766 111686 113335 113515 113556 118088 
144451 368955 818528 372667 233753 341670 602950 244047 822935 807286 ,63989 65263 69991 73127 74245 75442 75778 76144 76847 77216 ,144451 368955 372667 233753 341670 602950 244047 822935 807286 369090 ,63989 65263 73127 74245 75442 75778 76144 76847 77216 77971 
748477 821116 32352 520877 2611 412521 890755 50318 987344 57074 ,143224 161257 172461 179622 196702 263986 264250 291441 310349 316380 ,748477 821116 32352 520877 2611 412521 890755 50318 987344 57074 ,143224 161257 172461 179622 196702 263986 264250 291441 310349 316380 
73038 352782 389864 601123 279380 750638 431892 529952 911013 489343 ,52933 57122 58446 58564 58597 58681 59073 59708 60650 61493 ,73038 352782 389864 601123 279380 750638 431892 529952 911013 489343 ,52933 57122 58446 58564 58597 58681 59073 59708 60650 61493 
549429 188111 140310 350411 180786 341738 85967 724137 658478 80969 ,52929 54503 54665 55006 55691 56216 57513 57835 58265 58889 ,549429 188111 140310 350411 180786 341738 85967 724137 658478 80969 ,52929 54503 54665 55006 55691 56216 57513 57835 58265 58889 
241457 723115 560208 956762 309309 372370 157385 460021 720799 311442 ,29274 29326 29469 31121 31289 31790 31886 32326 32384 32417 ,241457 723115 560208 956762 309309 372370 157385 460021 720799 311442 ,29274 29326 29469 31121 31289 31790 31886 32326 32384 32417 
247033 519450 55726 130968 518504 42678 446957 227548 497161 904753 ,51316 52820 54753 54836 60213 61154 62174 66518 66727 67523 ,247033 519450 55726 130968 518504 42678 446957 227548 497161 904753 ,51316 52820 54753 54836 60213 61154 62174 66518 66727 67523 
82956 147783 702358 685507 356622 781199 599224 62374 194800 516451 ,42473 42501 43858 50996 51530 53084 57099 57615 58432 58907 ,82956 147783 702358 685507 356622 781199 599224 62374 194800 516451 ,42473 42501 43858 50996 51530 53084 57099 57615 58432 58907 
736625 265296 560742 526529 554727 451868 322297 936912 794992 257283 ,50017 53798 55185 57717 58969 59990 61159 61328 61695 62000 ,736625 265296 560742 526529 554727 451868 322297 936912 794992 257283 ,50017 53798 55185 57717 58969 59990 61159 61328 61695 62000 
8934 660507 496483 295139 21712 10246 622573 185819 298437 507644 ,35576 43845 44852 48008 49249 50134 51508 51952 52182 52504 ,8934 660507 496483 295139 21712 10246 622573 185819 298437 507644 ,35576 43845 44852 48008 49249 50134 51508 51952 52182 52504 
267001 329656 653725 199196 481810 27094 470389 687900 860982 506273 ,67565 71973 72058 72872 73054 75258 75513 76483 77486 79292 ,267001 329656 653725 199196 481810 27094 470389 687900 860982 506273 ,67565 71973 72058 72872 73054 75258 75513 76483 77486 79292 
957693 969848 373777 762822 832309 750863 593869 373912 227380 344010 ,33558 35335 40604 43175 44408 45988 47460 47896 48702 49835 ,957693 969848 373777 762822 832309 750863 593869 373912 227380 344010 ,33558 35335 40604 43175 44408 45988 47460 47896 48702 49835 
809726 322130 467352 370494 268516 984165 432498 6130 467264 173932 ,49621 54215 58954 59830 60395 61187 61795 63197 63341 64557 ,809726 322130 467352 370494 268516 984165 432498 6130 467264 173932 ,49621 54215 58954 59830 60395 61187 61795 63197 63341 64557 
74944 432877 411896 524041 465714 143140 200018 138798 354098 321607 ,43191 43948 47203 47955 50164 51292 51980 52351 52424 52854 ,74944 432877 411896 465714 143140 200018 138798 354098 321607 283646 ,43191 43948 47203 50164 51292 51980 52351 52424 52854 53317 
93482 380000 163727 247851 123751 956801 433094 136532 64886 182563 ,53607 58050 60103 60325 65478 66549 67621 67774 69366 70073 ,93482 380000 163727 247851 123751 956801 433094 136532 64886 182563 ,53607 58050 60103 60325 65478 66549 67621 67774 69366 70073 
485040 859806 483470 121563 151056 121355 683229 235089 994332 859203 ,37836 40462 40566 40944 42107 42277 42625 43396 45363 46256 ,485040 859806 483470 121563 151056 121355 683229 235089 994332 859203 ,37836 40462 40566 40944 42107 42277 42625 43396 45363 46256 
574126 488811 596768 538277 32079 792863 432064 804645 597098 313837 ,77253 80296 81568 82465 82780 83828 85802 86434 86716 87710 ,574126 488811 538277 792863 432064 804645 597098 313837 716691 573665 ,77253 80296 82465 83828 85802 86434 86716 87710 88537 89234 
187206 721721 4014 843460 61676 844529 173806 624469 92660 899209 ,68409 75219 81225 82743 83217 84028 84225 85205 86106 86117 ,187206 4014 843460 61676 844529 173806 624469 92660 899209 69961 ,68409 81225 82743 83217 84028 84225 85205 86106 86117 87276 
600758 785366 94428 554681 230426 336867 536063 906016 444310 609694 ,37747 45840 51275 51646 52859 53717 53725 53975 55512 57338 ,600758 785366 94428 554681 230426 336867 536063 906016 444310 609694 ,37747 45840 51275 51646 52859 53717 53725 53975 55512 57338 
190257 634565 262085 312604 742246 236568 450897 690545 912441 280312 ,62798 62847 65226 66865 67677 69210 69233 69334 69402 69436 ,190257 634565 262085 312604 742246 236568 450897 690545 280312 670021 ,62798 62847 65226 66865 67677 69210 69233 69334 69436 69488 
634351 280186 997615 379242 253348 932232 918091 736001 361390 141068 ,41716 49116 50442 53898 53987 54780 54932 55452 55619 55876 ,634351 280186 997615 379242 253348 932232 918091 736001 361390 141068 ,41716 49116 50442 53898 53987 54780 54932 55452 55619 55876 
193395 614650 645610 105174 161862 417037 688015 992246 67067 562160 ,67396 85832 92521 97457 98706 98901 99345 100612 100681 101726 ,645610 105174 161862 417037 688015 992246 67067 581158 989826 427473 ,92521 97457 98706 98901 99345 100612 100681 101897 102310 105654 
932692 531690 20844 306176 950647 260837 711591 71084 194399 157112 ,76916 77641 81037 81415 83854 84152 84805 85871 86339 86359 ,932692 531690 20844 306176 950647 260837 711591 71084 194399 157112 ,76916 77641 81037 81415 83854 84152 84805 85871 86339 86359 
992145 621884 310516 144874 1944 369 624126 955961 992089 987519 ,57062 71010 73455 73952 74167 75805 75937 76182 76969 77296 ,992145 621884 310516 1944 369 624126 955961 992089 987519 273890 ,57062 71010 73455 74167 75805 75937 76182 76969 77296 77336 
313682 324077 874266 206776 59276 355327 347075 648 678208 111737 ,56994 69798 76759 80308 84348 85749 89154 92172 92181 93254 ,313682 324077 874266 206776 59276 355327 347075 648 678208 111737 ,56994 69798 76759 80308 84348 85749 89154 92172 92181 93254 
96027 73757 367412 667925 79777 326697 921788 712998 635978 363663 ,65538 68588 69148 69345 70700 71109 71265 71711 72165 73027 ,96027 73757 367412 79777 326697 921788 712998 635978 363663 809470 ,65538 68588 69148 70700 71109 71265 71711 72165 73027 73231 
519912 635099 37068 400670 4795 174734 66799 150983 645101 115705 ,49037 51006 56715 57706 57904 58286 58632 61116 61195 61344 ,519912 635099 37068 400670 4795 174734 66799 150983 645101 115705 ,49037 51006 56715 57706 57904 58286 58632 61116 61195 61344 
197070 206481 515152 66922 694545 9721 985867 537460 183487 360466 ,53141 53268 56686 61433 63249 63982 64113 66596 67391 72137 ,197070 206481 515152 694545 9721 985867 537460 183487 360466 234387 ,53141 53268 56686 63249 63982 64113 66596 67391 72137 73296 
106315 232407 177245 232609 249808 815120 790822 178470 429354 335881 ,21068 21098 22847 23172 23259 23566 23833 24271 24305 24554 ,106315 232407 177245 232609 249808 815120 790822 178470 429354 335881 ,21068 21098 22847 23172 23259 23566 23833 24271 24305 24554 
402252 563196 138490 17196 577116 248178 951057 409750 799968 724412 ,74865 84714 85136 89404 90588 94402 95164 95919 99443 100813 ,402252 563196 138490 17196 577116 248178 951057 409750 799968 724412 ,74865 84714 85136 89404 90588 94402 95164 95919 99443 100813 
323932 367708 529013 568228 795371 527466 40335 516888 271112 685044 ,49279 51619 52063 52429 52591 54040 54300 56297 56566 56589 ,323932 367708 529013 568228 795371 527466 40335 516888 271112 685044 ,49279 51619 52063 52429 52591 54040 54300 56297 56566 56589 
51161 217835 231595 118297 218747 735269 119264 412352 158888 119248 ,27839 31570 32857 33422 34010 35945 35959 35985 36708 37323 ,217835 118297 119264 119248 254074 239954 745090 660813 882186 693488 ,31570 33422 35959 37323 38705 38708 39128 40129 40447 40634 
299702 9988 672721 752449 952218 140042 192132 248795 925008 734079 ,39479 42286 42712 44317 44614 44877 44969 45416 45464 45757 ,299702 9988 672721 752449 952218 140042 192132 248795 925008 734079 ,39479 42286 42712 44317 44614 44877 44969 45416 45464 45757 
430703 247657 60493 468250 459567 310015 357046 700064 483070 169281 ,50343 50901 51343 58198 59031 64023 65371 67936 68925 70842 ,430703 247657 60493 468250 459567 310015 357046 700064 483070 169281 ,50343 50901 51343 58198 59031 64023 65371 67936 68925 70842 
40881 304827 106568 748297 402445 964735 237923 452074 123163 859335 ,31376 32245 32249 34691 37651 37737 37939 39368 39691 39883 ,40881 304827 106568 748297 402445 964735 237923 452074 123163 859335 ,31376 32245 32249 34691 37651 37737 37939 39368 39691 39883 
314814 689645 553851 238075 19990 367186 53996 293026 820963 671519 ,41915 42277 46429 47753 48494 49680 50792 50951 51132 52089 ,689645 553851 238075 19990 367186 53996 293026 820963 671519 291163 ,42277 46429 47753 48494 49680 50792 50951 51132 52089 52213 
497178 500332 497355 497328 498632 628232 502897 971981 502345 946109 ,29071 38456 39647 42107 47926 48281 48443 49090 49660 50200 ,497178 500332 497355 497328 628232 502897 971981 502345 946109 308815 ,29071 38456 39647 42107 48281 48443 49090 49660 50200 51074 
20688 61849 466999 490450 364828 800283 862900 876411 237004 942521 ,38779 43573 46016 49198 49684 50922 55904 56739 57311 57403 ,20688 61849 466999 490450 364828 800283 862900 876411 237004 942521 ,38779 43573 46016 49198 49684 50922 55904 56739 57311 57403 
803498 506397 929284 813350 218467 336334 342693 132582 467326 570668 ,63915 72517 79938 83084 85550 86687 90440 95628 95820 97729 ,803498 506397 929284 813350 218467 336334 342693 132582 467326 570668 ,63915 72517 79938 83084 85550 86687 90440 95628 95820 97729 
340483 402843 349384 402687 553557 738059 259007 240531 129939 404938 ,58715 61527 62827 63131 64226 64627 65746 66010 66018 67016 ,340483 402843 349384 402687 553557 738059 259007 240531 129939 404938 ,58715 61527 62827 63131 64226 64627 65746 66010 66018 67016 
684939 419374 472348 524310 421528 353184 285129 399995 494862 317540 ,58551 67665 69166 70793 74276 76124 76539 76827 77559 78579 ,684939 419374 472348 524310 421528 353184 285129 399995 494862 317540 ,58551 67665 69166 70793 74276 76124 76539 76827 77559 78579 
278027 631157 721881 242587 180572 65578 234734 245112 759646 358533 ,107287 118133 121451 127417 127560 131491 135510 139124 139332 141788 ,278027 631157 721881 242587 180572 65578 234734 245112 759646 358533 ,107287 118133 121451 127417 127560 131491 135510 139124 139332 141788 
232460 720042 263462 232587 379434 95047 281018 110062 69657 88826 ,32325 33089 33163 34221 36287 36782 37619 38007 39530 39545 ,232460 720042 263462 379434 95047 281018 110062 69657 88826 254216 ,32325 33089 33163 36287 36782 37619 38007 39530 39545 40295 
830054 630948 839566 960245 591133 230748 863654 244873 839767 300244 ,39404 39560 40667 41117 41280 42984 43284 43434 43439 44898 ,830054 630948 839566 960245 863654 612150 29479 513218 833085 406003 ,39404 39560 40667 41117 43284 45579 45769 46066 46637 47020 
487530 462789 297154 326753 108236 290819 938933 197935 331588 377308 ,88037 88695 88841 92607 94362 96054 98569 101408 102915 103732 ,487530 462789 297154 326753 108236 290819 938933 197935 331588 377308 ,88037 88695 88841 92607 94362 96054 98569 101408 102915 103732 
503220 506748 503612 408715 754008 922473 983338 921570 682111 503075 ,23733 24304 26294 30155 30233 33687 34222 34774 34845 36308 ,503220 506748 503612 408715 754008 922473 983338 921570 682111 503075 ,23733 24304 26294 30155 30233 33687 34222 34774 34845 36308 
900168 123829 590876 562102 957699 482402 600871 203726 67678 580472 ,75195 77976 83514 87172 87834 96585 97918 99086 99984 100076 ,900168 123829 590876 562102 957699 482402 600871 203726 67678 580472 ,75195 77976 83514 87172 87834 96585 97918 99086 99984 100076 
736201 509935 211820 564890 364788 23557 254117 703455 380128 682422 ,36436 36522 38038 42054 43999 44166 44694 44888 46003 46120 ,736201 509935 211820 564890 364788 23557 254117 703455 380128 682422 ,36436 36522 38038 42054 43999 44166 44694 44888 46003 46120 
278046 320478 492774 371334 962524 313926 97579 748918 895896 785524 ,74630 76946 83177 88427 89571 94408 94692 94920 96871 96892 ,278046 320478 492774 371334 962524 313926 97579 748918 895896 785524 ,74630 76946 83177 88427 89571 94408 94692 94920 96871 96892 
810468 466999 123308 311516 732434 81972 955976 722082 684202 363931 ,45223 56926 70752 73251 75741 77657 79088 79712 80975 82524 ,810468 466999 123308 311516 732434 81972 955976 722082 684202 363931 ,45223 56926 70752 73251 75741 77657 79088 79712 80975 82524 
836023 335679 337332 859626 835538 212410 181622 378741 251265 459899 ,69367 71008 71782 75806 76931 77355 78791 80336 80658 81246 ,836023 335679 337332 859626 835538 212410 181622 378741 251265 585977 ,69367 71008 71782 75806 76931 77355 78791 80336 80658 82940 
478762 729568 512983 466952 905086 910758 953465 160046 777594 333638 ,49267 51597 52338 53548 55292 55633 55775 56230 56636 56706 ,512983 466952 905086 910758 953465 160046 777594 333638 308518 245359 ,52338 53548 55292 55633 55775 56230 56636 56706 56771 57153 
241691 50076 788491 311493 879596 61355 418798 767509 806713 467931 ,59561 103524 118548 134182 148307 149752 152783 155189 158430 160829 ,241691 50076 788491 311493 879596 61355 418798 767509 806713 467931 ,59561 103524 118548 134182 148307 149752 152783 155189 158430 160829 
422983 518657 517377 30218 363719 889945 350403 30006 51345 140264 ,25225 26193 30774 31910 32270 32321 32473 32564 33585 34322 ,422983 518657 517377 30218 363719 889945 350403 30006 51345 140264 ,25225 26193 30774 31910 32270 32321 32473 32564 33585 34322 
94325 322296 151203 363373 363371 953323 29984 823529 523512 95977 ,21058 21635 23671 25006 26441 26664 27641 27785 28500 29013 ,94325 151203 363373 363371 953323 823529 523512 95977 815670 396857 ,21058 23671 25006 26441 26664 27785 28500 29013 29226 30578 
385149 681196 680151 583996 391157 980383 698465 192894 397298 575792 ,46720 60245 60962 63841 65055 65140 66022 66575 67485 68570 ,385149 680151 583996 391157 980383 698465 192894 397298 575792 694569 ,46720 60962 63841 65055 65140 66022 66575 67485 68570 68663 
350442 684474 874029 82365 806081 422928 29963 86174 151192 487832 ,23285 24128 25450 26389 28515 30407 31508 31641 32186 34212 ,350442 684474 874029 82365 806081 422928 29963 86174 151192 487832 ,23285 24128 25450 26389 28515 30407 31508 31641 32186 34212 
610033 875154 893290 336465 433142 18213 100571 760723 115119 635222 ,70412 71655 72045 73746 77220 77573 77981 80869 81909 82293 ,610033 875154 893290 336465 433142 18213 100571 760723 635222 681819 ,70412 71655 72045 73746 77220 77573 77981 80869 82293 83813 
136554 449788 309573 166925 195153 316555 238317 777145 20875 831255 ,49425 58360 59806 63254 64123 64424 67357 67402 68744 69597 ,136554 449788 309573 166925 195153 316555 238317 777145 20875 831255 ,49425 58360 59806 63254 64123 64424 67357 67402 68744 69597 
688641 687561 293770 288837 296639 16413 366707 203097 358605 693638 ,37690 40975 43036 45369 46732 47022 47326 48175 49393 49426 ,688641 687561 293770 288837 296639 16413 366707 203097 358605 693638 ,37690 40975 43036 45369 46732 47022 47326 48175 49393 49426 
278048 370684 197952 185324 197974 859549 841735 369824 979177 398220 ,44081 51113 53199 54239 54704 56772 56983 58065 58638 59137 ,370684 197952 841735 369824 979177 369069 751789 194491 785861 186619 ,51113 53199 56983 58065 58638 59755 60308 60424 61055 61411 
519570 884198 862980 960766 594115 880037 808294 36160 466279 514004 ,31761 33044 37451 38070 38111 38476 38517 40548 40757 41991 ,594115 466279 430361 545168 479579 781542 211451 831142 14933 998990 ,38111 40757 42437 50452 50779 51022 51703 52085 52162 53385 
180506 816161 724627 178190 466654 141993 724781 389897 498743 841854 ,33221 35346 38303 38357 38676 39006 40937 41225 42195 44489 ,614314 20775 693981 86329 389988 560190 325594 699067 884406 299868 ,45505 45918 46175 47284 47312 48550 48812 50387 50737 50756 
575423 290778 661680 19087 388364 705188 235121 634263 166479 297688 ,61477 68884 68909 69418 74493 74955 74956 77015 78495 79347 ,575423 661680 19087 388364 705188 235121 297688 271380 429133 46103 ,61477 68909 69418 74493 74955 74956 79347 79554 79675 79984 
661030 706133 583744 231146 371777 518085 110550 634377 30862 21506 ,71675 73289 78903 83281 84155 84657 84978 87828 90029 91442 ,661030 706133 583744 231146 371777 518085 110550 634377 30862 21506 ,71675 73289 78903 83281 84155 84657 84978 87828 90029 91442 
599975 599760 198920 591114 303573 688924 14982 964486 346 183944 ,55878 57393 57585 58716 59827 62183 63703 63737 63932 64066 ,599975 599760 591114 303573 688924 14982 964486 183944 521153 15769 ,55878 57393 58716 59827 62183 63703 63737 64066 64624 64893 
531166 522021 71787 947494 540129 116753 364259 414491 371218 820065 ,90724 93461 123913 138450 147432 156178 171179 191202 209626 290011 ,531166 522021 71787 947494 540129 116753 364259 414491 371218 820065 ,90724 93461 123913 138450 147432 156178 171179 191202 209626 290011 
291919 234918 792097 156458 283573 350484 82670 763533 104752 822317 ,44754 45400 46604 48897 50686 51529 51660 51729 51736 51903 ,291919 234918 792097 156458 283573 350484 82670 763533 104752 822317 ,44754 45400 46604 48897 50686 51529 51660 51729 51736 51903 
17784 691237 510592 614925 318494 189647 330739 510583 444377 754194 ,46638 52737 56088 56680 57029 57730 57893 58663 59726 60580 ,17784 691237 510592 189647 330739 444377 754194 425686 889400 461337 ,46638 52737 56088 57730 57893 59726 60580 61495 61812 61880 
335528 11063 480330 214318 863000 970367 929749 494831 130138 939377 ,62780 67610 68122 74131 77662 77680 81619 83020 83156 83340 ,335528 11063 480330 214318 863000 970367 929749 494831 130138 939377 ,62780 67610 68122 74131 77662 77680 81619 83020 83156 83340 
210740 308130 694461 227207 354623 616927 745587 741392 312606 105074 ,65528 70405 70677 73239 75251 75537 77379 78195 78681 80255 ,210740 308130 694461 227207 354623 616927 745587 741392 312606 105074 ,65528 70405 70677 73239 75251 75537 77379 78195 78681 80255 
223645 828498 962498 929241 69863 842297 441339 961367 386221 203987 ,44152 44675 44791 46151 47227 47705 47853 48724 48794 48819 ,223645 962498 929241 69863 441339 961367 386221 268265 203987 919398 ,44152 44791 46151 47227 47853 48724 48794 48819 48819 49126 
142282 120900 523256 312253 680758 346076 707825 297931 946444 457064 ,80781 94927 95000 97625 98456 100380 101984 102700 105382 105422 ,142282 120900 523256 312253 680758 346076 707825 297931 946444 457064 ,80781 94927 95000 97625 98456 100380 101984 102700 105382 105422 
456062 874673 538366 396954 656374 403758 64963 536969 996579 288157 ,63710 64578 66828 70441 70662 71230 71240 71802 73328 73567 ,456062 874673 538366 396954 656374 403758 64963 536969 996579 288157 ,63710 64578 66828 70441 70662 71230 71240 71802 73328 73567 
20840 940575 940567 352097 946903 362228 474608 307 6314 73020 ,55936 57695 57704 61303 62655 62679 62974 63216 63445 63663 ,20840 940575 940567 352097 946903 362228 474608 73020 390482 166887 ,55936 57695 57704 61303 62655 62679 62974 63663 64196 64701 
317595 421151 193479 395685 545302 539739 95186 615842 591593 597081 ,62600 66198 68276 73163 73897 74262 75390 79307 80733 82593 ,317595 421151 193479 395685 545302 539739 95186 615842 591593 597081 ,62600 66198 68276 73163 73897 74262 75390 79307 80733 82593 
489255 510899 807786 191922 146905 977378 351751 54128 949779 595171 ,73608 77328 78458 79616 82815 82847 84049 85931 85992 87076 ,510899 807786 191922 146905 977378 351751 949779 595171 574727 572194 ,77328 78458 79616 82815 82847 84049 85992 87076 89168 89284 
645266 724187 269105 257652 408993 343788 681892 741590 520434 707499 ,39718 40336 43764 43772 44034 46704 47679 47817 47988 48165 ,645266 724187 269105 257652 408993 343788 681892 741590 520434 707499 ,39718 40336 43764 43772 44034 46704 47679 47817 47988 48165 
433080 435472 898614 516677 43991 578857 410016 732399 342693 108453 ,61201 61493 65470 65942 66323 70238 73398 73594 75492 75730 ,433080 435472 898614 516677 43991 578857 410016 732399 342693 108453 ,61201 61493 65470 65942 66323 70238 73398 73594 75492 75730 
174829 850664 174681 255057 121588 256405 94023 636808 62197 529432 ,49721 51241 52739 53592 53731 53754 55251 57290 57960 58473 ,174829 850664 174681 121588 256405 94023 636808 62197 529432 485329 ,49721 51241 52739 53731 53754 55251 57290 57960 58473 58504 
20314 13046 185272 67269 591974 660530 930593 823469 934384 473045 ,51664 52295 53902 56363 57976 58583 58726 60405 60988 60997 ,20314 13046 185272 67269 591974 660530 930593 823469 934384 473045 ,51664 52295 53902 56363 57976 58583 58726 60405 60988 60997 
678438 861201 228199 374445 316040 96736 829357 404221 129840 953396 ,63220 63963 67464 69270 73621 74933 77086 77620 78013 78852 ,678438 861201 228199 374445 96736 829357 404221 129840 953396 122681 ,63220 63963 67464 69270 74933 77086 77620 78013 78852 80888 
68752 607069 248558 698484 864880 5078 219069 84517 26392 997407 ,57814 70196 71389 73840 77376 77581 79761 80741 83965 84253 ,68752 607069 248558 698484 864880 5078 219069 84517 26392 997407 ,57814 70196 71389 73840 77376 77581 79761 80741 83965 84253 
244450 627915 95215 494374 592449 378938 463275 59470 338807 362317 ,53556 88325 89102 95544 98136 99825 100524 102306 111235 116060 ,244450 627915 95215 494374 592449 378938 463275 59470 338807 362317 ,53556 88325 89102 95544 98136 99825 100524 102306 111235 116060 
522846 915494 564135 21437 143644 223858 400789 399485 190506 572692 ,40656 41810 46151 47833 48487 50896 51309 51629 54253 56694 ,522846 915494 564135 21437 143644 223858 400789 399485 190506 572692 ,40656 41810 46151 47833 48487 50896 51309 51629 54253 56694 
245878 966068 334298 801300 13890 353500 820872 277290 519289 475367 ,44095 57472 60193 62770 64924 65046 68105 71487 72689 74532 ,245878 966068 334298 801300 13890 353500 820872 277290 519289 475367 ,44095 57472 60193 62770 64924 65046 68105 71487 72689 74532 
471783 770003 943078 983275 749787 791091 499351 19725 544392 727588 ,64285 64573 64911 66973 68777 74810 78115 79684 81528 84174 ,471783 770003 943078 983275 749787 791091 499351 19725 544392 727588 ,64285 64573 64911 66973 68777 74810 78115 79684 81528 84174 
275809 291307 587986 329733 127353 9227 561496 33681 77967 419243 ,42543 47110 48424 49640 50909 53901 55537 55709 56824 56850 ,275809 291307 587986 329733 127353 9227 561496 77967 419243 195246 ,42543 47110 48424 49640 50909 53901 55537 56824 56850 57598 
7139 45167 111211 221108 607266 282197 470633 175934 733126 51281 ,52042 56489 62272 62345 62360 65069 66605 67983 68909 70038 ,7139 45167 111211 221108 607266 282197 470633 175934 733126 51281 ,52042 56489 62272 62345 62360 65069 66605 67983 68909 70038 
62068 785643 579874 433661 180280 344400 801411 90126 261193 151000 ,75341 75473 78328 84052 84763 85016 85881 86409 87177 87531 ,579874 433661 180280 344400 801411 90126 65924 458827 938938 428114 ,78328 84052 84763 85016 85881 86409 88630 89022 89155 89322 
599279 965422 693993 350816 583682 924606 531074 530167 423695 993675 ,32493 40244 43492 45034 47318 49077 49722 51891 52429 53947 ,599279 965422 693993 350816 583682 924606 530167 423695 993675 242064 ,32493 40244 43492 45034 47318 49077 51891 52429 53947 54015 
120551 477588 222201 523851 565977 806658 5299 132541 210438 69508 ,94797 99208 99491 103053 104299 104662 104696 104870 107005 108540 ,120551 477588 222201 523851 565977 806658 5299 132541 210438 69508 ,94797 99208 99491 103053 104299 104662 104696 104870 107005 108540 
98651 538689 266314 172506 177067 128847 251819 235666 541840 443810 ,115005 119855 126414 130309 134821 139725 142995 144811 147082 147943 ,98651 538689 266314 172506 177067 128847 251819 235666 541840 443810 ,115005 119855 126414 130309 134821 139725 142995 144811 147082 147943 
987974 501799 412551 283232 308768 577878 531414 495156 422057 803404 ,39771 39775 45708 46096 50660 52682 53049 53086 53817 56097 ,987974 501799 412551 283232 308768 577878 531414 495156 422057 803404 ,39771 39775 45708 46096 50660 52682 53049 53086 53817 56097 
433148 633944 589302 903397 920656 569863 842091 264893 789274 841080 ,65548 65953 66941 67868 69735 71424 72842 73160 73918 74948 ,433148 633944 589302 903397 920656 569863 842091 264893 789274 841080 ,65548 65953 66941 67868 69735 71424 72842 73160 73918 74948 
20140 618323 703179 975858 224269 137469 669612 181015 933603 616884 ,70597 70897 71553 72192 72980 75823 75969 76032 76079 76107 ,20140 618323 703179 975858 224269 137469 669612 933603 616884 55875 ,70597 70897 71553 72192 72980 75823 75969 76079 76107 76742 
172728 58401 58469 886954 44798 386096 197166 58443 700821 36417 ,64123 64372 65044 67628 68379 71396 75352 75723 77174 78152 ,172728 58401 58469 886954 44798 386096 197166 58443 700821 36417 ,64123 64372 65044 67628 68379 71396 75352 75723 77174 78152 
376844 440861 730528 449271 145903 407175 741081 120828 598875 964917 ,53479 57499 59360 60099 60389 60416 60460 62435 63013 63453 ,376844 440861 730528 145903 407175 741081 120828 598875 964917 432762 ,53479 57499 59360 60389 60416 60460 62435 63013 63453 64319 
936828 938694 239553 3268 238640 3511 902450 360801 799347 845397 ,30472 33071 36154 37559 38016 38030 39062 39560 39822 40870 ,845397 845712 635591 312534 267277 487485 513816 670433 361820 524248 ,40870 44155 48753 49533 50132 50779 50877 51164 51298 52392 
184804 192427 59866 555302 677085 539336 16987 396578 360067 455022 ,65574 67936 77474 80205 80820 82392 83861 85630 88405 92752 ,184804 192427 59866 555302 677085 539336 16987 396578 360067 455022 ,65574 67936 77474 80205 80820 82392 83861 85630 88405 92752 
227821 254142 3748 471144 104370 808486 401042 658938 490079 44088 ,45478 57790 58348 58905 62474 63975 64402 65063 65511 67813 ,227821 254142 3748 471144 104370 401042 658938 490079 44088 350689 ,45478 57790 58348 58905 62474 64402 65063 65511 67813 68326 
628451 899753 666427 682033 773712 929315 110241 124765 225948 67072 ,62852 73388 76339 77068 78720 79141 79322 80272 80303 80415 ,628451 899753 666427 682033 773712 929315 110241 124765 225948 67072 ,62852 73388 76339 77068 78720 79141 79322 80272 80303 80415 
169361 797978 450542 57948 310219 262174 982558 693877 243842 283708 ,49388 64259 68334 70574 72027 74889 75245 75650 75801 76642 ,169361 797978 450542 57948 310219 262174 982558 693877 243842 283708 ,49388 64259 68334 70574 72027 74889 75245 75650 75801 76642 
83840 21229 355019 128847 121864 931884 842133 865145 531608 676766 ,90503 93301 99287 99539 99652 100516 102617 104371 105355 106189 ,83840 21229 355019 128847 121864 931884 842133 865145 531608 676766 ,90503 93301 99287 99539 99652 100516 102617 104371 105355 106189 
868107 59852 113008 60368 251711 308668 365571 500077 505952 698557 ,70255 71639 72103 75489 75777 75947 76325 76787 77083 77388 ,868107 59852 60368 251711 308668 365571 500077 505952 698557 406278 ,70255 71639 75489 75777 75947 76325 76787 77083 77388 80152 
965346 514757 788766 33895 121981 244500 826936 51447 35929 557934 ,41496 42255 42595 43927 44777 47399 47552 49003 50481 50916 ,965346 514757 788766 33895 121981 244500 826936 51447 35929 557934 ,41496 42255 42595 43927 44777 47399 47552 49003 50481 50916 
440883 515104 277683 341119 99033 600780 986070 401549 271340 26283 ,33517 34853 39531 39834 41156 41201 41319 41878 42755 43361 ,440883 515104 277683 341119 99033 600780 986070 401549 271340 26283 ,33517 34853 39531 39834 41156 41201 41319 41878 42755 43361 
325164 292494 634707 510735 247859 430817 21963 389244 23801 623376 ,54730 55835 56841 57375 58131 58950 59350 60645 60734 61776 ,325164 292494 634707 510735 247859 430817 21963 389244 23801 623376 ,54730 55835 56841 57375 58131 58950 59350 60645 60734 61776 
971846 508252 593173 172506 121391 100816 572490 634229 627035 320916 ,88785 92652 106000 109928 111303 114107 119354 119832 120344 123287 ,971846 508252 593173 172506 121391 100816 572490 634229 627035 320916 ,88785 92652 106000 109928 111303 114107 119354 119832 120344 123287 
600778 426724 654059 905283 339310 646113 846491 305014 296572 714874 ,26063 26495 26614 28057 28123 28229 28893 29900 31701 32591 ,600778 426724 654059 905283 339310 646113 846491 305014 296572 714874 ,26063 26495 26614 28057 28123 28229 28893 29900 31701 32591 
501296 164454 289110 701801 434311 666652 174693 336158 195543 383754 ,46609 49213 49433 49741 51780 53471 54622 54969 55000 55154 ,501296 164454 289110 701801 666652 174693 336158 195543 383754 336313 ,46609 49213 49433 49741 53471 54622 54969 55000 55154 55330 
863481 671486 81908 125892 465808 453124 306462 687433 658522 820108 ,57836 60998 63588 65820 66839 68059 68496 68528 72065 73117 ,863481 671486 81908 125892 465808 453124 306462 687433 658522 820108 ,57836 60998 63588 65820 66839 68059 68496 68528 72065 73117 
930014 167288 511946 134628 511049 147396 938690 963776 215255 942904 ,57264 66879 67108 69728 72182 72851 73485 74245 74280 75189 ,930014 511946 134628 511049 147396 938690 963776 215255 942904 442094 ,57264 67108 69728 72182 72851 73485 74245 74280 75189 75626 
846471 598371 940640 268277 722259 863723 168640 781797 394975 943955 ,63967 64532 69060 69899 70968 70995 71086 71320 71350 74549 ,846471 598371 940640 268277 722259 863723 168640 781797 394975 943955 ,63967 64532 69060 69899 70968 70995 71086 71320 71350 74549 
410033 63344 788740 236624 730564 73093 921832 294002 57957 507798 ,74643 77879 78180 78393 78486 79530 79689 79969 81348 82983 ,410033 63344 788740 236624 730564 73093 921832 294002 57957 507798 ,74643 77879 78180 78393 78486 79530 79689 79969 81348 82983 
429145 442295 109050 48328 179800 229764 796541 142586 955034 662063 ,51388 52370 54958 55214 55265 55306 59638 59645 60026 60579 ,429145 442295 109050 48328 179800 229764 796541 142586 955034 662063 ,51388 52370 54958 55214 55265 55306 59638 59645 60026 60579 
530756 744537 701064 92304 212423 929600 271636 664915 33767 14691 ,80100 88051 90443 93414 96800 97312 103319 104200 104702 105585 ,530756 744537 701064 92304 929600 271636 664915 33767 616653 680877 ,80100 88051 90443 93414 97312 103319 104200 104702 106858 108641 
322174 365033 567732 8648 466162 664152 800283 261574 5373 869297 ,23396 36740 39197 39397 39826 41803 42516 43142 43250 43377 ,322174 365033 567732 8648 466162 664152 800283 261574 5373 869297 ,23396 36740 39197 39397 39826 41803 42516 43142 43250 43377 
897195 753932 44949 901287 468998 478653 684828 920767 320604 255066 ,25228 27379 27604 27863 28036 28282 28710 28929 29681 30358 ,897195 753932 44949 901287 468998 478653 684828 920767 320604 931146 ,25228 27379 27604 27863 28036 28282 28710 28929 29681 30447 
882315 256612 999422 931077 939675 494640 310572 649160 922469 993472 ,58042 65481 68013 69206 69447 72161 73111 73307 73844 77411 ,882315 256612 999422 931077 939675 494640 310572 922469 993472 594362 ,58042 65481 68013 69206 69447 72161 73111 73844 77411 77616 
131233 379690 106022 967367 471555 120992 379624 365329 430679 619046 ,58723 59365 59397 61152 61310 63112 64468 65096 67151 67611 ,131233 379690 106022 967367 471555 120992 379624 365329 430679 619046 ,58723 59365 59397 61152 61310 63112 64468 65096 67151 67611 
832871 130051 774251 173148 237592 832549 287343 342190 183809 14935 ,54443 56451 56580 58443 60119 66457 66608 67108 67650 68269 ,832871 130051 774251 173148 237592 287343 342190 183809 14935 418905 ,54443 56451 56580 58443 60119 66608 67108 67650 68269 69195 
224768 59378 10059 425721 895981 15617 987573 522430 876654 728408 ,56956 61801 68653 68913 69033 69144 71840 72188 72792 72981 ,224768 59378 10059 425721 895981 15617 987573 522430 876654 728408 ,56956 61801 68653 68913 69033 69144 71840 72188 72792 72981 
247825 790949 36591 977135 136536 738863 162251 172506 586897 811280 ,67923 71352 80252 81357 84540 89528 95293 96001 96124 97940 ,247825 790949 36591 977135 136536 738863 162251 172506 586897 811280 ,67923 71352 80252 81357 84540 89528 95293 96001 96124 97940 
221159 483589 669240 68225 341491 398861 566044 230245 913653 485321 ,29634 31116 34121 35215 35941 37427 40489 41771 42554 43457 ,221159 483589 669240 68225 341491 398861 566044 230245 913653 485321 ,29634 31116 34121 35215 35941 37427 40489 41771 42554 43457 
271341 540683 233208 280600 555711 790906 294864 292214 330905 523931 ,46733 46895 50884 51703 52806 56919 57019 57561 58307 58496 ,271341 540683 233208 280600 555711 790906 294864 292214 330905 523931 ,46733 46895 50884 51703 52806 56919 57019 57561 58307 58496 
486694 33681 585240 107475 805580 462041 125260 341391 750337 884765 ,99162 107912 109217 125458 127875 137314 140664 141195 145261 148356 ,486694 33681 585240 107475 805580 462041 125260 341391 750337 884765 ,99162 107912 109217 125458 127875 137314 140664 141195 145261 148356 
636303 955742 968207 976842 65189 87433 96693 83820 516073 799635 ,64503 68308 77871 80601 81422 82223 83663 83691 84186 86363 ,636303 955742 968207 976842 65189 87433 96693 83820 516073 799635 ,64503 68308 77871 80601 81422 82223 83663 83691 84186 86363 
797434 681283 433155 123257 988370 155662 798162 166486 668086 421368 ,84236 85287 90681 92708 92840 94288 94431 95908 96748 97092 ,797434 681283 123257 988370 155662 798162 166486 668086 421368 268832 ,84236 85287 92708 92840 94288 94431 95908 96748 97092 97444 
599106 749554 381260 87599 186104 325842 239576 168834 452835 523976 ,60557 68522 69822 71486 74163 74977 75012 76322 79244 81697 ,599106 749554 381260 87599 186104 325842 239576 168834 452835 523976 ,60557 68522 69822 71486 74163 74977 75012 76322 79244 81697 
929536 541889 831860 193944 274803 138275 69117 458106 831851 270802 ,41380 48689 49492 50889 52162 52272 54211 54530 54578 54617 ,929536 541889 831860 193944 274803 138275 69117 458106 831851 270802 ,41380 48689 49492 50889 52162 52272 54211 54530 54578 54617 
2038 377447 83840 510842 565555 629634 338410 472833 880576 920994 ,59915 66175 66249 66415 70396 72302 72714 73572 73905 74400 ,2038 377447 83840 510842 565555 629634 338410 472833 880576 920994 ,59915 66175 66249 66415 70396 72302 72714 73572 73905 74400 
871003 531690 542333 915207 278113 197924 556807 113710 744389 483305 ,62042 62282 62450 66387 68132 68257 69372 70722 71277 72303 ,871003 542333 915207 278113 197924 556807 113710 744389 483305 822974 ,62042 62450 66387 68132 68257 69372 70722 71277 72303 74095 
266431 136999 203604 833834 614062 62663 157635 977911 245441 899800 ,73667 80419 81990 85030 90848 90857 92059 92488 93173 93607 ,266431 136999 203604 833834 614062 62663 157635 977911 245441 899800 ,73667 80419 81990 85030 90848 90857 92059 92488 93173 93607 
453704 380847 409528 493588 18311 483972 484292 506431 680714 877708 ,50028 50961 52399 53682 53904 55125 55270 55592 56169 57047 ,453704 380847 409528 493588 18311 483972 484292 506431 680714 877708 ,50028 50961 52399 53682 53904 55125 55270 55592 56169 57047 
616948 318612 962346 754420 901376 36591 543517 596943 281396 166237 ,65958 72066 73545 79691 91892 94152 99061 99191 101780 102238 ,616948 318612 754420 901376 36591 543517 596943 281396 166237 897102 ,65958 72066 79691 91892 94152 99061 99191 101780 102238 102560 
22465 367507 48877 506345 371843 456244 295930 94055 805382 909372 ,66831 72765 77887 80594 83128 88850 89346 92525 93872 96496 ,367507 48877 506345 371843 456244 295930 94055 805382 909372 926313 ,72765 77887 80594 83128 88850 89346 92525 93872 96496 98733 
242135 179697 161709 81151 47518 712952 750174 330670 19490 290994 ,73832 82902 84855 85238 86283 87606 88318 89073 92013 93395 ,242135 179697 161709 81151 47518 712952 750174 330670 19490 330944 ,73832 82902 84855 85238 86283 87606 88318 89073 92013 94724 
65260 431586 203396 195778 795939 37270 502186 411232 156897 529037 ,48264 50938 54879 55848 58621 59201 60386 60396 60448 63539 ,65260 431586 203396 195778 795939 37270 502186 411232 156897 529037 ,48264 50938 54879 55848 58621 59201 60386 60396 60448 63539 
914589 972167 897371 168204 303681 956988 28937 193168 486993 949167 ,86173 90124 91923 94941 97066 98784 98818 102079 102681 104171 ,914589 972167 897371 168204 303681 956988 28937 193168 486993 949167 ,86173 90124 91923 94941 97066 98784 98818 102079 102681 104171 
67119 874441 84703 808178 432525 66770 270206 564468 55553 492697 ,93124 104305 104781 105073 110860 111679 112929 113747 114538 114600 ,67119 874441 84703 808178 432525 66770 270206 564468 55553 492697 ,93124 104305 104781 105073 110860 111679 112929 113747 114538 114600 
692753 543343 270076 967931 906135 995868 952865 540181 345407 916521 ,66593 73950 75082 75520 77970 78257 83523 84101 84572 85397 ,692753 543343 270076 967931 906135 995868 952865 540181 345407 916521 ,66593 73950 75082 75520 77970 78257 83523 84101 84572 85397 
293667 495940 368992 764471 473328 515286 742451 37027 953525 98924 ,34125 46806 48667 49732 50256 50439 50510 51747 51846 53895 ,293667 495940 368992 764471 473328 515286 742451 37027 953525 98924 ,34125 46806 48667 49732 50256 50439 50510 51747 51846 53895 
417299 739372 632907 173084 108531 31698 31599 31348 671107 969254 ,63945 65721 70349 70884 72092 72215 74190 75063 75746 76764 ,417299 739372 632907 173084 108531 31698 31599 31348 671107 969254 ,63945 65721 70349 70884 72092 72215 74190 75063 75746 76764 
127577 518036 227530 376974 870697 299151 451924 270644 189822 808397 ,51103 52524 58217 58951 65129 65419 66684 67713 68606 70572 ,127577 518036 227530 376974 870697 299151 451924 270644 189822 808397 ,51103 52524 58217 58951 65129 65419 66684 67713 68606 70572 
204558 330248 14992 950107 453586 70916 539664 95481 838001 543422 ,67938 71096 78784 79226 80848 83105 83537 86182 86470 87029 ,204558 330248 14992 950107 453586 70916 539664 95481 838001 543422 ,67938 71096 78784 79226 80848 83105 83537 86182 86470 87029 
679073 633608 15859 598826 246289 206586 17026 369124 451448 473305 ,129303 157896 164081 168937 175382 181982 182097 185414 187960 191304 ,679073 633608 15859 598826 246289 206586 17026 369124 451448 473305 ,129303 157896 164081 168937 175382 181982 182097 185414 187960 191304 
64276 177951 173666 111554 226414 275189 45463 271787 391430 491883 ,68813 69563 79832 81581 87873 88175 88603 89426 89453 89603 ,64276 177951 173666 111554 226414 275189 45463 271787 391430 491883 ,68813 69563 79832 81581 87873 88175 88603 89426 89453 89603 
714557 747307 103113 746784 634479 148274 961021 832173 437507 761967 ,74038 74924 75194 75229 81006 85095 86380 91275 92202 93554 ,714557 747307 103113 746784 634479 148274 961021 832173 437507 761967 ,74038 74924 75194 75229 81006 85095 86380 91275 92202 93554 
361340 883988 490869 211010 776723 172905 269825 792975 435310 963295 ,91794 94626 95548 96150 96544 98503 100312 102000 102895 103220 ,361340 883988 490869 211010 776723 172905 269825 792975 435310 963295 ,91794 94626 95548 96150 96544 98503 100312 102000 102895 103220 
943005 335371 40300 682503 178644 771596 828498 193851 998002 402554 ,51559 54953 70560 73582 73786 74048 74763 77341 81275 85821 ,943005 335371 40300 682503 178644 771596 828498 193851 998002 402554 ,51559 54953 70560 73582 73786 74048 74763 77341 81275 85821 
687466 812807 540343 462315 997634 59159 46182 10977 111329 933702 ,46035 46725 47656 49152 49292 49665 50130 50630 51190 52195 ,886364 480654 58315 18780 184981 19017 522558 248875 912892 855717 ,55717 56877 57902 60696 62342 62777 63485 64834 65256 65867 
297636 793605 391191 2763 819086 603937 352465 450451 205357 401095 ,92280 114932 119705 135117 155840 161035 167063 167565 169015 169946 ,297636 793605 391191 2763 819086 603937 352465 450451 205357 401095 ,92280 114932 119705 135117 155840 161035 167063 167565 169015 169946 
915712 90937 564006 854804 923406 730899 193518 907559 66078 949447 ,78307 96037 108509 111009 113367 114291 115082 116690 119254 120373 ,915712 90937 564006 854804 923406 730899 193518 907559 66078 949447 ,78307 96037 108509 111009 113367 114291 115082 116690 119254 120373 
85076 862782 7863 60940 862871 735632 955645 944919 78947 204240 ,47040 49843 53442 54839 55331 55339 55507 58299 59049 59109 ,85076 862782 7863 60940 862871 735632 955645 944919 78947 204240 ,47040 49843 53442 54839 55331 55339 55507 58299 59049 59109 
372615 464847 323431 30466 269661 208859 510707 407767 458056 170550 ,57030 60266 60906 62758 63060 64008 64415 65154 68479 69071 ,372615 464847 323431 269661 208859 510707 407767 458056 170550 80146 ,57030 60266 60906 63060 64008 64415 65154 68479 69071 70487 
440131 85151 999373 85585 297210 315444 876412 787434 938994 197119 ,50510 51516 52222 53060 53144 54632 57823 58081 59142 61346 ,440131 85151 999373 85585 297210 315444 876412 787434 938994 197119 ,50510 51516 52222 53060 53144 54632 57823 58081 59142 61346 
441029 287245 401769 406661 862796 278048 17216 337237 566502 242447 ,53457 53998 56033 56371 56782 56994 57133 57565 59115 59528 ,441029 287245 401769 406661 862796 278048 17216 337237 566502 242447 ,53457 53998 56033 56371 56782 56994 57133 57565 59115 59528 
903644 594302 207865 12878 729440 598165 196294 703130 221737 290002 ,51341 52013 56579 57832 57981 58066 58710 58754 58864 58976 ,207865 12878 290002 679493 496089 277220 528746 413121 60402 943496 ,56579 57832 58976 61438 61651 63048 63473 63944 64303 64495 
122018 223718 43447 42822 509255 15774 691783 253433 437285 564016 ,52894 53582 57678 58639 59682 60013 60579 61319 63018 63227 ,122018 223718 43447 42822 509255 15774 691783 253433 437285 564016 ,52894 53582 57678 58639 59682 60013 60579 61319 63018 63227 
249857 974859 348691 689293 250464 93163 771508 921790 320526 932586 ,47979 55610 57124 57503 60535 60924 61252 61616 63668 63968 ,249857 974859 348691 250464 93163 771508 921790 320526 932586 402554 ,47979 55610 57124 60535 60924 61252 61616 63668 63968 64084 
14670 350918 12726 97252 190537 973103 285770 218083 299597 332006 ,31192 31755 31956 37818 39110 39344 39969 41426 41757 43970 ,14670 350918 12726 97252 190537 973103 285770 218083 299597 332006 ,31192 31755 31956 37818 39110 39344 39969 41426 41757 43970 
837703 986688 868187 582275 123548 403454 264423 986514 606160 86254 ,45491 46271 46717 47168 48064 48065 48646 48698 48708 48743 ,837703 986688 868187 582275 123548 403454 264423 986514 606160 86254 ,45491 46271 46717 47168 48064 48065 48646 48698 48708 48743 
225350 226937 437159 595378 101201 930007 224408 995349 704643 778619 ,41605 44223 44243 45584 45802 46290 47978 48242 49047 49124 ,225350 437159 595378 101201 930007 224408 995349 704643 778619 145454 ,41605 44243 45584 45802 46290 47978 48242 49047 49124 49821 
964436 112166 291193 111885 222051 590988 981583 335174 634449 420348 ,41365 44248 45546 46773 47598 48057 48097 48393 50342 50358 ,964436 112166 291193 111885 222051 590988 981583 335174 634449 420348 ,41365 44248 45546 46773 47598 48057 48097 48393 50342 50358 
699722 280372 828053 889715 197552 198888 614438 620962 985188 762962 ,74827 77648 79075 80331 82687 87906 88818 89235 89398 90967 ,699722 280372 828053 889715 197552 198888 614438 620962 985188 762962 ,74827 77648 79075 80331 82687 87906 88818 89235 89398 90967 
242438 440519 516208 915760 844637 736093 460958 832341 13340 841931 ,53897 63203 64034 65798 65935 65973 67744 67922 67995 68358 ,242438 440519 516208 915760 844637 736093 460958 832341 13340 841931 ,53897 63203 64034 65798 65935 65973 67744 67922 67995 68358 
328731 659480 290110 851171 269885 415210 952049 949856 298059 517967 ,56525 63845 64441 67211 68820 69269 69859 71354 71554 72246 ,328731 659480 290110 851171 269885 415210 952049 949856 298059 517967 ,56525 63845 64441 67211 68820 69269 69859 71354 71554 72246 
325488 345717 535697 652079 13913 173051 376729 496507 961950 595132 ,78042 87611 92216 94927 106256 106450 107851 110475 111847 112190 ,325488 345717 535697 652079 13913 173051 376729 496507 961950 595132 ,78042 87611 92216 94927 106256 106450 107851 110475 111847 112190 
43818 878547 734283 288248 164761 625017 365209 44646 617338 981270 ,34082 42261 44070 50243 51415 51470 51627 52027 52539 52987 ,43818 878547 734283 288248 164761 625017 365209 44646 617338 981270 ,34082 42261 44070 50243 51415 51470 51627 52027 52539 52987 
87741 84147 700269 155630 893470 786806 347329 796991 522796 581380 ,65190 65479 66048 66906 67925 71135 71150 71166 71901 73355 ,87741 84147 700269 155630 893470 786806 347329 796991 522796 581380 ,65190 65479 66048 66906 67925 71135 71150 71166 71901 73355 
205883 270161 304311 269703 148902 582852 931377 229770 144554 633316 ,50233 50233 58456 64307 64409 65139 65618 67152 67231 67426 ,205883 270161 304311 269703 148902 582852 931377 229770 144554 633316 ,50233 50233 58456 64307 64409 65139 65618 67152 67231 67426 
264727 502096 811232 105907 763171 157981 747996 93584 448591 60768 ,72143 75881 75932 76848 79796 80203 81295 81690 82156 82176 ,264727 502096 811232 105907 763171 157981 747996 93584 448591 60768 ,72143 75881 75932 76848 79796 80203 81295 81690 82156 82176 
982270 526289 707000 688865 71527 255089 917602 421117 253148 56614 ,48673 49565 49581 50337 52131 52850 54785 57705 57912 58165 ,982270 526289 707000 688865 71527 255089 917602 421117 253148 56614 ,48673 49565 49581 50337 52131 52850 54785 57705 57912 58165 
711571 819561 122766 662776 755906 534736 278527 249261 2140 958445 ,66184 73050 79329 80742 83981 84762 86186 87200 87541 87577 ,711571 819561 122766 662776 755906 534736 278527 249261 2140 958445 ,66184 73050 79329 80742 83981 84762 86186 87200 87541 87577 
749386 868288 581263 471753 111936 368577 221159 214355 731338 245254 ,47803 58163 61219 61406 61423 61786 63916 65492 67848 68131 ,749386 868288 581263 471753 111936 368577 221159 214355 731338 245254 ,47803 58163 61219 61406 61423 61786 63916 65492 67848 68131 
597660 481227 596674 876673 426369 542460 939245 807359 183927 377730 ,39434 44725 46087 46694 47355 49900 50697 51111 51640 52149 ,597660 481227 596674 876673 426369 542460 939245 807359 183927 377730 ,39434 44725 46087 46694 47355 49900 50697 51111 51640 52149 
273140 187422 523499 312547 33668 307389 22346 700766 341586 596187 ,71498 76102 77594 82304 83572 84255 84679 84926 85350 85463 ,273140 187422 523499 312547 33668 307389 22346 700766 341586 596187 ,71498 76102 77594 82304 83572 84255 84679 84926 85350 85463 
285218 688302 530397 115886 841668 634027 962840 614070 722997 264201 ,79854 82661 85322 85563 85644 87190 88871 89244 90246 93139 ,285218 688302 530397 115886 841668 634027 962840 614070 722997 264201 ,79854 82661 85322 85563 85644 87190 88871 89244 90246 93139 
78371 366525 805191 465566 525594 8828 490892 527344 905624 850198 ,53792 58191 60655 62622 63088 66999 68456 68654 68833 69006 ,78371 366525 805191 465566 525594 490892 527344 905624 850198 106696 ,53792 58191 60655 62622 63088 68456 68654 68833 69006 69251 
554697 76349 808585 975851 522118 522121 501753 494650 27907 88442 ,48371 52761 53204 56849 57293 57906 58216 58380 58789 59112 ,554697 76349 808585 975851 522118 522121 501753 494650 27907 88442 ,48371 52761 53204 56849 57293 57906 58216 58380 58789 59112 
391516 440681 402938 461967 935658 929630 546213 951057 269216 602133 ,75745 83101 85566 89016 97096 97317 101128 102710 103843 103901 ,391516 440681 402938 461967 935658 929630 546213 951057 269216 602133 ,75745 83101 85566 89016 97096 97317 101128 102710 103843 103901 
64931 560823 365365 68926 561830 695186 965305 225129 616883 470216 ,45017 53908 54076 54860 56489 57140 57194 58311 58922 58943 ,64931 560823 365365 68926 561830 695186 965305 616883 470216 819739 ,45017 53908 54076 54860 56489 57140 57194 58922 58943 59963 
344162 454296 317929 71501 465402 507280 740924 323601 206107 732905 ,60623 63668 66863 67527 68272 68273 68383 72450 72523 72590 ,344162 454296 317929 71501 465402 507280 740924 323601 206107 732905 ,60623 63668 66863 67527 68272 68273 68383 72450 72523 72590 
368955 101043 241249 368594 319186 865823 484801 771250 930276 904538 ,57217 67028 79222 79304 85373 86807 87229 88573 89785 91066 ,368955 101043 241249 368594 319186 865823 484801 771250 930276 904538 ,57217 67028 79222 79304 85373 86807 87229 88573 89785 91066 
629902 173594 513095 369068 129646 304936 470420 809227 273687 310163 ,68759 88959 90815 95785 96130 96821 98116 100396 101798 101954 ,629902 173594 513095 369068 129646 304936 470420 809227 273687 310163 ,68759 88959 90815 95785 96130 96821 98116 100396 101798 101954 
336689 336945 501269 278682 278991 292359 336670 496837 236838 415470 ,9231 12833 13795 17093 18126 18490 18958 19194 20091 20181 ,336689 336945 501269 278682 278991 292359 336670 496837 236838 415470 ,9231 12833 13795 17093 18126 18490 18958 19194 20091 20181 
306005 280190 501268 305222 790851 305056 354214 788762 246696 502374 ,31533 32178 35270 37820 39848 43276 45045 45935 46772 47433 ,306005 280190 501268 305222 790851 305056 354214 788762 246696 502374 ,31533 32178 35270 37820 39848 43276 45045 45935 46772 47433 
55700 599177 573670 656683 261736 272510 820794 677809 376010 515524 ,32430 32782 34785 39057 45142 53316 53888 54678 56456 57079 ,55700 599177 573670 656683 261736 272510 820794 677809 376010 515524 ,32430 32782 34785 39057 45142 53316 53888 54678 56456 57079 
910993 215510 892753 746047 278652 246716 305151 292380 446121 575674 ,15075 16478 18558 19482 19797 20273 20281 20477 20708 21125 ,746047 278652 292760 140388 662776 514353 305866 130453 578478 960697 ,19482 19797 23743 24169 24936 26375 26480 26604 28078 29914 
285625 350400 284186 483582 391789 566181 349464 474815 336823 255800 ,26233 33267 34247 34267 34775 35014 35264 35809 35844 35925 ,285625 350400 284186 483582 391789 566181 349464 474815 336823 255800 ,26233 33267 34247 34267 34775 35014 35264 35809 35844 35925 
364706 180708 516065 110549 69590 859364 993694 87278 82241 245348 ,29207 30738 32927 34399 34532 34912 35132 35990 36616 38631 ,364706 180708 516065 110549 69590 859364 993694 87278 82241 245348 ,29207 30738 32927 34399 34532 34912 35132 35990 36616 38631 
292380 215510 769776 905263 50523 993778 159339 4473 567188 292502 ,17860 18119 26811 29621 31605 31910 33684 34954 36422 36431 ,292380 215510 769776 905263 50523 993778 159339 4473 567188 292502 ,17860 18119 26811 29621 31605 31910 33684 34954 36422 36431 
105135 323577 310839 535241 280763 554952 336688 292211 322651 269207 ,29520 29934 30086 30325 32045 32873 33458 33553 33596 34069 ,105135 323577 310839 535241 280763 554952 336688 292211 322651 269207 ,29520 29934 30086 30325 32045 32873 33458 33553 33596 34069 
868342 532665 531111 678082 313218 376120 529661 702898 353768 531428 ,40220 41901 43760 45183 48021 49339 50934 51748 51851 51940 ,868342 532665 531111 678082 313218 376120 529661 702898 353768 531428 ,40220 41901 43760 45183 48021 49339 50934 51748 51851 51940 
636826 213065 410080 446938 435483 636785 661722 684870 826998 97812 ,23855 25653 29815 30357 32784 35138 35457 36063 36121 36281 ,213065 410080 446938 435483 636785 661722 684870 826998 97812 893045 ,25653 29815 30357 32784 35138 35457 36063 36121 36281 36440 
763934 154875 795241 278752 805412 103518 684712 718305 871358 713273 ,43195 48934 52818 54584 54675 57737 58115 58409 58806 60015 ,763934 154875 795241 278752 805412 103518 684712 718305 871358 713273 ,43195 48934 52818 54584 54675 57737 58115 58409 58806 60015 
872081 554890 422638 336711 583848 751001 426844 583790 905723 426682 ,33891 33940 33974 34123 34410 34430 35341 37932 38315 38698 ,554890 422638 336711 583848 751001 426844 905723 426682 174850 635186 ,33940 33974 34123 34410 34430 35341 38315 38698 39166 39247 
919436 365859 302137 168396 662965 464898 708727 111153 740160 131101 ,24033 27460 29112 29236 30549 32446 32657 32939 34091 34866 ,919436 365859 302137 168396 662965 464898 708727 111153 740160 131101 ,24033 27460 29112 29236 30549 32446 32657 32939 34091 34866 
364464 305186 472415 246080 5737 59272 496713 485112 336754 491724 ,32772 36036 36784 37762 39314 46999 47759 47987 49691 50522 ,364464 305186 472415 246080 5737 59272 496713 485112 336754 491724 ,32772 36036 36784 37762 39314 46999 47759 47987 49691 50522 
338983 338386 246709 499463 305038 321610 339010 498558 246995 523042 ,10244 13696 15356 15782 16835 19893 21158 22750 23343 23525 ,338983 338386 246709 499463 305038 321610 339010 246995 523042 430952 ,10244 13696 15356 15782 16835 19893 21158 23343 23525 23596 
364706 402445 270882 31268 784605 242904 186127 337230 497328 127457 ,57687 69375 70535 74573 75305 79945 81135 82915 83211 83274 ,364706 402445 270882 31268 784605 242904 186127 337230 497328 127457 ,57687 69375 70535 74573 75305 79945 81135 82915 83211 83274 
139192 788683 458378 621063 100262 132117 617057 453366 942948 349406 ,63305 77459 77892 80148 83848 88006 88103 88660 89073 89771 ,139192 788683 458378 621063 100262 132117 617057 453366 942948 349406 ,63305 77459 77892 80148 83848 88006 88103 88660 89073 89771 
234535 876896 419288 719275 687843 752393 808940 213732 563900 681374 ,102151 103101 104955 107461 108536 109606 110611 112153 113357 113737 ,234535 876896 419288 719275 752393 808940 213732 563900 681374 695138 ,102151 103101 104955 107461 109606 110611 112153 113357 113737 115014 
602579 552067 337092 321583 506215 632207 658262 6382 815199 790750 ,41346 57294 57938 59160 59728 66127 69349 70051 70459 74488 ,602579 552067 337092 321583 506215 632207 658262 6382 815199 790750 ,41346 57294 57938 59160 59728 66127 69349 70051 70459 74488 
134435 346502 586607 163621 310888 609581 20459 111711 329192 834627 ,69145 79584 79685 84122 84606 86065 89218 90702 91423 92464 ,134435 346502 586607 163621 310888 609581 20459 111711 329192 834627 ,69145 79584 79685 84122 84606 86065 89218 90702 91423 92464 
293890 305209 386472 458013 983597 780642 327933 216739 911765 130986 ,19343 20240 24246 27751 28206 28761 28807 29097 29172 29803 ,386472 327933 131240 657000 296571 23500 373345 916059 279692 131078 ,24246 28807 32324 33635 33904 33952 35033 35634 36807 36840 
450895 450541 306196 305316 171555 133347 80099 370312 310288 655857 ,49717 52049 55948 57551 58346 58832 59043 59800 59930 60029 ,450895 450541 306196 305316 171555 133347 80099 370312 310288 655857 ,49717 52049 55948 57551 58346 58832 59043 59800 59930 60029 
649860 580375 700729 835957 683323 573248 85074 563358 216349 890885 ,75090 81348 83421 86094 88302 91164 93729 96654 96813 97421 ,649860 580375 700729 835957 683323 573248 85074 563358 216349 890885 ,75090 81348 83421 86094 88302 91164 93729 96654 96813 97421 
429265 367088 596372 577397 833139 383373 436114 477635 363620 292608 ,67533 73977 77572 78077 78251 82097 82365 83182 83189 86688 ,429265 596372 577397 833139 383373 436114 477635 363620 292608 481348 ,67533 77572 78077 78251 82097 82365 83182 83189 86688 87400 
353710 299999 575682 148048 574925 178647 346820 175079 238770 20534 ,31098 53462 55113 56043 56958 57154 58709 58977 60144 60384 ,353710 299999 575682 148048 574925 178647 346820 175079 238770 20534 ,31098 53462 55113 56043 56958 57154 58709 58977 60144 60384 
140779 9733 807933 960473 977333 395113 960383 903590 124019 892380 ,53403 55171 56894 60293 60790 61817 62086 62305 62475 62512 ,140779 9733 807933 960473 977333 395113 960383 903590 124019 526685 ,53403 55171 56894 60293 60790 61817 62086 62305 62475 62645 
338700 306645 337528 227550 249169 94636 303457 488762 361155 301239 ,19175 32812 36619 44113 47065 47296 50073 50432 50784 51590 ,338700 306645 337528 227550 249169 94636 303457 488762 361155 301239 ,19175 32812 36619 44113 47065 47296 50073 50432 50784 51590 
352149 337703 350983 630348 506011 293985 262858 340311 306405 505607 ,17638 24078 47853 52353 53444 55157 57208 57529 57565 59469 ,352149 337703 350983 630348 506011 293985 262858 340311 306405 505607 ,17638 24078 47853 52353 53444 55157 57208 57529 57565 59469 
337304 352172 351446 337172 241101 348421 806522 870669 448475 284236 ,11503 12359 16702 47996 59296 60027 61243 61844 62332 66294 ,337304 352172 351446 337172 241101 348421 870669 448475 284236 397710 ,11503 12359 16702 47996 59296 60027 61844 62332 66294 66607 
684311 112161 325805 151243 663404 155285 351109 99681 729960 612502 ,27922 29819 31431 33259 35309 35791 36197 36615 36838 37119 ,684311 112161 325805 151243 663404 155285 351109 99681 729960 612502 ,27922 29819 31431 33259 35309 35791 36197 36615 36838 37119 
882898 758363 661218 788344 620602 219792 367732 666657 295677 47226 ,57406 57761 60872 63540 64597 66543 66774 66996 67195 67241 ,882898 758363 661218 788344 620602 219792 367732 666657 295677 47226 ,57406 57761 60872 63540 64597 66543 66774 66996 67195 67241 
714803 794494 306213 245616 980979 132140 237192 689934 876773 433881 ,36519 36696 39761 40783 42230 44184 44359 44720 46147 46223 ,714803 794494 306213 245616 980979 132140 237192 689934 876773 433881 ,36519 36696 39761 40783 42230 44184 44359 44720 46147 46223 
40262 396857 311947 83558 526374 363371 400588 815303 784996 363373 ,18942 20158 22222 25040 26422 26791 27702 28367 28600 28738 ,40262 396857 311947 83558 526374 363371 400588 815303 784996 363373 ,18942 20158 22222 25040 26422 26791 27702 28367 28600 28738 
513483 105699 524555 658580 529764 466578 257283 524106 151401 246858 ,39307 42202 44803 46179 46234 46867 47069 47263 47951 48512 ,513483 105699 524555 658580 529764 466578 257283 524106 151401 246858 ,39307 42202 44803 46179 46234 46867 47069 47263 47951 48512 
495982 645858 4554 285772 49429 122833 98661 80660 228115 370814 ,45090 45408 51878 52822 53324 54082 54317 54662 54971 55449 ,495982 645858 4554 285772 49429 122833 98661 80660 228115 370814 ,45090 45408 51878 52822 53324 54082 54317 54662 54971 55449 
628014 472974 132484 259265 220271 903210 526241 339064 54188 482976 ,36536 39901 42197 43216 45667 45994 46539 46625 47206 47723 ,628014 472974 132484 259265 220271 903210 526241 339064 54188 482976 ,36536 39901 42197 43216 45667 45994 46539 46625 47206 47723 
363584 713673 453139 909800 472415 422911 786381 247670 24392 256318 ,28587 32576 32651 32765 33574 34573 34813 35046 35097 35423 ,363584 713673 453139 909800 472415 422911 786381 247670 24392 256318 ,28587 32576 32651 32765 33574 34573 34813 35046 35097 35423 
458921 94289 210926 108047 661427 477006 577371 426849 558650 659613 ,17156 19662 20774 25627 27403 27770 27899 28707 28775 28799 ,458921 94289 210926 108047 661427 477006 577371 426849 558650 659613 ,17156 19662 20774 25627 27403 27770 27899 28707 28775 28799 
675265 113066 761523 466165 364390 320705 488309 989571 509326 964901 ,36340 37471 39456 40078 41103 41117 41254 41696 42985 43212 ,675265 113066 761523 466165 364390 320705 488309 989571 964901 603666 ,36340 37471 39456 40078 41103 41117 41254 41696 43212 44881 
397053 174632 26624 403124 366948 549914 111719 432069 397124 634546 ,67303 67417 69037 70263 71935 72900 73146 73807 74117 74227 ,397053 174632 26624 403124 366948 549914 111719 432069 397124 634546 ,67303 67417 69037 70263 71935 72900 73146 73807 74117 74227 
734517 780438 906246 51447 346557 532406 283537 87970 105585 174511 ,51871 54865 54902 55368 56910 57614 60388 61081 61671 62078 ,734517 780438 906246 51447 346557 532406 283537 87970 105585 174511 ,51871 54865 54902 55368 56910 57614 60388 61081 61671 62078 
340778 252814 30359 350439 496992 48964 568263 847412 292068 123143 ,11113 24815 27137 28704 29705 30635 31392 31470 31812 32621 ,340778 252814 30359 350439 496992 48964 568263 847412 292068 123143 ,11113 24815 27137 28704 29705 30635 31392 31470 31812 32621 
140893 346807 371741 151815 296868 523977 352702 799954 430777 948427 ,46135 48537 48859 50177 53673 55071 55826 58916 60331 62002 ,140893 346807 371741 151815 296868 523977 352702 799954 430777 948427 ,46135 48537 48859 50177 53673 55071 55826 58916 60331 62002 
392830 480724 562614 461591 453925 987075 840776 416257 987903 260837 ,54631 55760 56507 56543 59245 64226 64410 66121 67348 68257 ,392830 480724 562614 461591 453925 987075 840776 416257 987903 260837 ,54631 55760 56507 56543 59245 64226 64410 66121 67348 68257 
909794 7375 250956 374102 845732 780750 978594 914911 594626 625171 ,52583 58123 59012 60334 61776 62298 62711 62901 63628 63887 ,909794 7375 250956 374102 845732 780750 978594 914911 594626 625171 ,52583 58123 59012 60334 61776 62298 62711 62901 63628 63887 
810175 324369 292150 462554 608678 282232 380740 84292 193639 414230 ,31543 32380 35463 35862 36662 37626 41504 42930 44357 44765 ,810175 324369 292150 462554 608678 282232 380740 84292 193639 414230 ,31543 32380 35463 35862 36662 37626 41504 42930 44357 44765 
406390 659093 81576 495709 584343 276787 508262 281084 91902 662412 ,38771 39215 40373 41558 42688 43861 44063 45028 45064 46325 ,406390 659093 81576 495709 584343 276787 508262 281084 91902 662412 ,38771 39215 40373 41558 42688 43861 44063 45028 45064 46325 
358401 355276 355446 344129 340363 311106 340119 310672 261692 854092 ,32123 37634 42041 43922 47740 56507 57470 58993 59431 64299 ,358401 355276 355446 344129 340363 311106 340119 310672 261692 854092 ,32123 37634 42041 43922 47740 56507 57470 58993 59431 64299 
159206 82921 329783 360324 159623 515524 283385 535913 486050 159388 ,30936 31345 31435 32484 32749 33317 33420 33459 33878 34581 ,159206 82921 329783 360324 159623 515524 283385 535913 159388 365958 ,30936 31345 31435 32484 32749 33317 33420 33459 34581 35214 
337653 498638 972223 278707 964901 278635 847805 976769 232316 180681 ,20737 29509 33005 34067 35088 37721 37998 38421 38799 39283 ,639210 42671 305186 251964 913620 821254 305131 409135 554779 160965 ,39823 46740 48977 49778 52051 53242 55908 56097 57274 58093 
339195 497856 601074 493540 62703 9529 690451 395801 32587 809503 ,34444 49538 49751 53374 54932 56196 58073 58280 59680 59816 ,339195 497856 601074 493540 62703 9529 690451 395801 32587 809503 ,34444 49538 49751 53374 54932 56196 58073 58280 59680 59816 
526660 400623 458270 176350 292439 379342 109189 366525 26467 367097 ,48759 52025 53934 54931 57204 59167 59727 60620 60899 61329 ,526660 400623 458270 176350 292439 379342 109189 366525 26467 367097 ,48759 52025 53934 54931 57204 59167 59727 60620 60899 61329 
233934 473443 90511 194686 795354 464493 184134 600579 139608 609255 ,59321 75146 80682 81197 82882 83713 84032 85478 87957 89083 ,233934 473443 90511 194686 795354 464493 184134 600579 139608 609255 ,59321 75146 80682 81197 82882 83713 84032 85478 87957 89083 
350668 97357 732321 547651 698714 80181 282010 201629 684613 680542 ,33798 35922 36676 38101 39678 40096 40200 40228 40357 40922 ,350668 97357 732321 547651 698714 80181 282010 201629 684613 680542 ,33798 35922 36676 38101 39678 40096 40200 40228 40357 40922 
306397 287183 502176 606817 305866 790885 305235 336887 569692 237079 ,25828 38975 39392 41329 42465 43360 45949 46684 47748 48612 ,306397 287183 502176 606817 305866 790885 305235 336887 569692 237079 ,25828 38975 39392 41329 42465 43360 45949 46684 47748 48612 
50837 411551 107911 555486 179020 151244 104697 703331 140771 510553 ,57217 58458 58628 58660 65073 68908 69120 69905 71379 71476 ,50837 411551 107911 179020 151244 104697 703331 140771 510553 9529 ,57217 58458 58628 65073 68908 69120 69905 71379 71476 72069 
237232 353386 279349 122423 852453 969590 598181 614986 233541 569446 ,38291 41672 49584 50129 53509 53947 54039 56822 56840 57532 ,237232 353386 852453 614986 122700 805398 307066 352157 321871 784190 ,38291 41672 53509 56822 57662 57792 58062 58121 58560 59186 
410016 679988 779978 517229 461494 381995 569915 452661 521462 931196 ,69632 69665 72211 73695 75463 80682 80849 81549 81714 82851 ,410016 679988 779978 517229 461494 569915 452661 521462 931196 469398 ,69632 69665 72211 73695 75463 80849 81549 81714 82851 83086 
326406 341614 341427 310539 310664 309742 434175 72046 636866 296661 ,32275 32573 35444 35993 39421 41296 48911 48978 49221 49458 ,326406 341427 310664 309742 72046 327460 580181 834468 833675 708651 ,32275 35444 39421 41296 48978 51276 52345 54096 54329 57449 
343146 337388 348267 742453 892846 453383 350489 336854 58645 454082 ,25830 30258 31477 47497 49808 49852 50448 50567 50696 52792 ,343146 337388 348267 742453 453383 336854 58645 454082 350638 336734 ,25830 30258 31477 47497 49852 50567 50696 52792 53308 53382 
346397 345773 324616 228034 536593 821133 685669 813091 495856 599495 ,20862 26975 47335 47686 48880 50600 53548 53569 54125 54695 ,346397 345773 324616 228034 536593 821133 685669 813091 495856 599495 ,20862 26975 47335 47686 48880 50600 53548 53569 54125 54695 
172578 198798 599517 699054 349810 206371 586897 236343 839420 708294 ,104538 104714 105958 110830 110864 112253 113096 113143 113800 113903 ,172578 198798 599517 699054 349810 206371 586897 236343 839420 708294 ,104538 104714 105958 110830 110864 112253 113096 113143 113800 113903 
45397 101773 509668 544776 843597 137598 381446 472106 444088 897849 ,49028 52300 61048 61974 63219 65321 65526 66651 66951 67058 ,45397 101773 509668 544776 137598 381446 472106 444088 897849 336992 ,49028 52300 61048 61974 65321 65526 66651 66951 67058 68513 
354157 355432 341879 337520 342870 431919 453402 99167 694027 432402 ,12506 31798 39470 44281 46320 46618 48139 49057 49847 49862 ,354157 355432 337520 453402 694027 432402 942976 663465 344529 68154 ,12506 31798 44281 48139 49847 49862 49936 50060 50203 50324 
80149 916242 341487 732084 744656 99964 812663 416591 128920 231164 ,37961 64050 68219 68977 73855 74809 77621 81547 84591 90550 ,80149 916242 341487 732084 744656 99964 812663 416591 128920 231164 ,37961 64050 68219 68977 73855 74809 77621 81547 84591 90550 
253747 690069 501632 380931 234142 814948 733116 440998 449216 806877 ,55951 63598 65298 65356 66759 67912 70495 70989 71081 71812 ,253747 690069 501632 380931 234142 814948 733116 440998 449216 806877 ,55951 63598 65298 65356 66759 67912 70495 70989 71081 71812 
947183 947613 423858 693783 530893 338155 278896 260192 610217 502696 ,46990 53025 60094 60529 62544 62790 63053 63167 63786 63921 ,947613 423858 693783 530893 338155 278896 260192 610217 502696 69594 ,53025 60094 60529 62544 62790 63053 63167 63786 63921 64113 
357430 353859 691547 949260 946184 361110 625126 529461 693235 747599 ,31889 36153 86028 95049 95634 95770 95801 96396 98931 101548 ,357430 353859 949260 946184 361110 625126 529461 693235 747599 173559 ,31889 36153 95049 95634 95770 95801 96396 98931 101548 101688 
411021 327895 340009 322466 690025 506515 300664 611521 512880 413869 ,67661 75952 76241 76242 77698 78440 81492 81579 82744 83916 ,411021 327895 340009 322466 690025 506515 300664 611521 512880 413869 ,67661 75952 76241 76242 77698 78440 81492 81579 82744 83916 
400654 391708 383461 559169 273708 885446 566755 821116 278066 780143 ,54309 55142 57306 60556 67153 69160 70131 72867 73670 74319 ,400654 391708 383461 559169 273708 885446 566755 278066 780143 364708 ,54309 55142 57306 60556 67153 69160 70131 73670 74319 75104 
877957 322875 825348 941164 132297 306059 312638 675067 140119 210663 ,41000 46581 56249 57002 58936 59422 60820 61800 62217 64851 ,877957 322875 825348 941164 132297 306059 312638 675067 210663 404271 ,41000 46581 56249 57002 58936 59422 60820 61800 64851 64867 
913350 44502 711432 590591 265480 41519 206254 624125 817902 387000 ,46086 53114 53925 67146 68768 70665 70979 72614 72767 73071 ,913350 44502 711432 590591 265480 41519 206254 624125 817902 387000 ,46086 53114 53925 67146 68768 70665 70979 72614 72767 73071 
272319 84382 459259 122359 479709 305031 36314 746629 502837 516991 ,52894 67591 69076 80019 80386 81039 86092 88665 91647 94481 ,272319 84382 459259 122359 479709 305031 36314 746629 502837 516991 ,52894 67591 69076 80019 80386 81039 86092 88665 91647 94481 
13585 203665 920143 880064 574398 254395 679178 728245 134090 986361 ,53117 56212 58402 60038 65313 66229 67724 68172 69700 71431 ,13585 203665 920143 880064 574398 254395 679178 728245 134090 986361 ,53117 56212 58402 60038 65313 66229 67724 68172 69700 71431 
340707 325896 312320 312446 353153 122850 854232 587351 856728 753698 ,21820 30204 36034 37137 37595 53803 57520 57988 59208 59612 ,325896 312320 353153 122850 854232 587351 856728 753698 37320 139564 ,30204 36034 37595 53803 57520 57988 59208 59612 59664 59788 
827950 699829 985568 59919 974340 428579 410060 531637 912204 266906 ,33645 47140 47490 49354 50637 52445 52503 52701 53347 54192 ,827950 699829 985568 59919 974340 428579 410060 531637 912204 266906 ,33645 47140 47490 49354 50637 52445 52503 52701 53347 54192 
868486 533395 923418 638789 528803 532466 783241 472039 440175 456392 ,71601 82850 83315 87699 89738 90633 91762 91901 91921 92311 ,533395 528803 532466 783241 456392 548615 748328 426114 560682 256781 ,82850 89738 90633 91762 92311 92467 92577 92975 93620 94590 
234870 137488 419362 487962 57565 895674 433157 595508 226555 813643 ,33148 40642 45292 45624 48465 49117 49345 50215 50587 51340 ,234870 137488 419362 57565 895674 433157 595508 226555 813643 964639 ,33148 40642 45292 48465 49117 49345 50215 50587 51340 51423 
338710 324714 807667 310439 353748 218062 469295 807943 503953 608914 ,20573 24458 42186 43857 44085 50653 51226 51261 52048 52104 ,338710 324714 807667 310439 353748 218062 807943 503953 608914 359727 ,20573 24458 42186 43857 44085 50653 51261 52048 52104 52631 
353497 339206 84273 920882 78253 862046 924899 943019 288352 749122 ,13003 16859 43278 48334 48860 56861 57074 57129 58326 59369 ,353497 339206 84273 920882 78253 862046 924899 943019 288352 749122 ,13003 16859 43278 48334 48860 56861 57074 57129 58326 59369 
245957 902891 12048 456656 976903 124484 141582 563168 609230 459660 ,40168 54031 55189 56649 56891 57959 62583 63526 64794 65712 ,245957 902891 12048 456656 976903 124484 141582 563168 609230 459660 ,40168 54031 55189 56649 56891 57959 62583 63526 64794 65712 
337434 488782 410814 509740 312992 228424 508611 70891 804071 780097 ,23776 48855 52585 53979 55496 56732 57396 59330 61153 61501 ,337434 488782 410814 509740 312992 228424 508611 70891 804071 780097 ,23776 48855 52585 53979 55496 56732 57396 59330 61153 61501 
298271 800906 749077 933947 298526 365590 27936 862525 354144 259911 ,47743 63756 64132 64772 65213 65628 66268 68324 68624 68741 ,298271 800906 749077 298526 365590 27936 862525 354144 259911 522952 ,47743 63756 64132 65213 65628 66268 68324 68624 68741 68971 
746788 865202 222442 948670 17002 538880 886841 507597 541950 875588 ,42412 47408 48798 52758 53420 54577 54985 57053 57536 57537 ,746788 865202 222442 948670 17002 538880 886841 507597 541950 875588 ,42412 47408 48798 52758 53420 54577 54985 57053 57536 57537 
101970 250380 529469 549906 266327 482907 482198 67708 392401 67980 ,65988 66981 73498 76289 80838 81106 81917 82152 82962 84131 ,101970 250380 529469 266327 482198 67708 392401 67980 66551 215397 ,65988 66981 73498 80838 81917 82152 82962 84131 84183 85114 
26444 834567 415294 678601 955712 243005 231733 402985 428450 120438 ,91174 102055 104016 104350 110329 112293 114733 116209 117976 119680 ,26444 834567 415294 678601 955712 243005 231733 402985 428450 120438 ,91174 102055 104016 104350 110329 112293 114733 116209 117976 119680 
283615 588658 17193 399638 690373 783234 483405 860085 194706 836718 ,42946 59371 64343 67554 67979 70333 71059 71177 71243 72380 ,283615 588658 399638 690373 783234 483405 860085 194706 836718 843998 ,42946 59371 67554 67979 70333 71059 71177 71243 72380 72527 
82165 145766 141313 975801 774399 487024 117575 811865 79504 892063 ,60981 75681 85976 86048 86670 86673 87097 87249 87618 87628 ,82165 145766 141313 975801 774399 117575 811865 79504 892063 448610 ,60981 75681 85976 86048 86670 87097 87249 87618 87628 88889 
565529 273075 827534 396123 3247 77698 990817 628933 708628 19029 ,71758 78887 83560 85367 86281 90676 91853 92811 93160 93419 ,565529 273075 827534 396123 3247 77698 990817 628933 708628 19029 ,71758 78887 83560 85367 86281 90676 91853 92811 93160 93419 
358125 646761 50340 213574 293955 100299 374271 285115 543343 704784 ,12479 42135 44394 46610 47510 49557 50483 50573 50995 51262 ,358125 646761 50340 213574 100299 285115 543343 704784 56451 878064 ,12479 42135 44394 46610 49557 50573 50995 51262 51504 52597 
348252 468052 778889 481555 814472 93966 65189 909030 363106 611378 ,51239 53744 55926 56373 57002 57520 58328 59209 59229 60182 ,348252 468052 778889 481555 814472 93966 65189 909030 363106 611378 ,51239 53744 55926 56373 57002 57520 58328 59209 59229 60182 
455006 456512 263023 247867 262339 117065 255850 454991 263686 568091 ,24065 29299 29342 34104 34884 36368 37298 39388 40451 42014 ,455006 456512 263023 247867 262339 117065 255850 454991 263686 568091 ,24065 29299 29342 34104 34884 36368 37298 39388 40451 42014 
109944 914084 434564 736251 122240 456017 567793 292422 795048 312651 ,55470 58426 59621 62029 62892 63446 63727 65535 66576 66595 ,109944 914084 434564 736251 122240 456017 567793 292422 795048 312651 ,55470 58426 59621 62029 62892 63446 63727 65535 66576 66595 
355312 356928 830055 339429 290954 743416 818901 897561 219003 579121 ,20384 50834 54373 57923 58379 59183 59554 60731 62058 64013 ,355312 356928 830055 339429 290954 743416 818901 897561 219003 579121 ,20384 50834 54373 57923 58379 59183 59554 60731 62058 64013 
356111 988181 153033 737711 356734 563249 343151 734520 743893 602545 ,37066 59320 59974 68406 69780 70654 71547 73118 73449 73709 ,153033 737711 563249 343151 734520 743893 185739 906697 303784 466972 ,59974 68406 70654 71547 73118 73449 76278 79344 79773 81945 
408084 348403 208967 801946 59914 701368 930436 467904 763633 435891 ,89063 95754 97045 98472 99631 100610 101303 101449 103594 103643 ,408084 348403 208967 801946 59914 701368 930436 467904 763633 435891 ,89063 95754 97045 98472 99631 100610 101303 101449 103594 103643 
355727 413638 774299 39657 608724 811355 333314 144006 768577 418455 ,42680 43547 51190 61072 64528 65247 66239 66582 70547 71383 ,355727 413638 774299 39657 608724 811355 333314 144006 768577 418455 ,42680 43547 51190 61072 64528 65247 66239 66582 70547 71383 
171651 200632 748760 919125 748931 430946 15398 252496 586244 125260 ,66563 68282 75373 75993 76350 77616 80231 82602 82645 82858 ,171651 200632 748760 919125 748931 430946 15398 252496 586244 929335 ,66563 68282 75373 75993 76350 77616 80231 82602 82645 82960 
117699 459397 107230 506800 494152 153723 83897 220929 505101 82695 ,24768 28368 30050 34119 37140 37496 39438 39606 39651 40056 ,117699 107230 506800 494152 153723 83897 220929 505101 82695 429399 ,24768 30050 34119 37140 37496 39438 39606 39651 40056 40610 
359429 360459 27410 61346 657248 155018 649271 896319 144944 206669 ,69884 74873 75197 78183 78515 81682 81950 82235 82622 82721 ,359429 360459 27410 61346 657248 155018 649271 896319 144944 270947 ,69884 74873 75197 78183 78515 81682 81950 82235 82622 82721 
303384 266179 314964 723620 402286 983377 650286 875708 114347 149685 ,64384 75199 80778 80985 83829 84247 85768 86678 86947 87079 ,303384 266179 314964 723620 402286 983377 650286 875708 114347 149685 ,64384 75199 80778 80985 83829 84247 85768 86678 86947 87079 
3103 530539 695630 703451 411631 685340 572721 202444 215556 507516 ,59002 62700 63484 72180 77308 77881 78779 79419 79548 80418 ,3103 530539 695630 703451 411631 685340 572721 202444 215556 507516 ,59002 62700 63484 72180 77308 77881 78779 79419 79548 80418 
153631 452839 321821 549639 920494 618341 248558 665210 558061 687983 ,59438 60582 63779 66532 69879 71268 71313 72053 72717 73320 ,153631 452839 321821 549639 920494 618341 248558 665210 558061 687983 ,59438 60582 63779 66532 69879 71268 71313 72053 72717 73320 
114188 722488 634742 230563 978044 303079 687983 112882 870079 280600 ,35293 43518 44947 45393 45493 46428 47175 47265 47332 47341 ,114188 722488 634742 230563 978044 303079 687983 112882 870079 280600 ,35293 43518 44947 45393 45493 46428 47175 47265 47332 47341 
867067 258364 891415 85308 629349 464204 84564 875556 558042 132453 ,74824 79942 84711 85178 87243 87550 89514 90076 92143 93302 ,867067 258364 85308 464204 84564 875556 558042 132453 151574 719710 ,74824 79942 85178 87550 89514 90076 92143 93302 93801 93929 
983102 62949 771799 487276 680286 742082 632744 102081 17330 825891 ,84315 107494 114394 114453 116356 120668 123810 124798 127431 127611 ,983102 62949 771799 487276 680286 742082 632744 102081 825891 842870 ,84315 107494 114394 114453 116356 120668 123810 124798 127611 127918 
669518 990226 200678 819086 908520 823884 962807 600141 796619 773463 ,62226 62766 67336 68768 69767 70496 70692 72743 73064 73366 ,669518 990226 200678 819086 908520 823884 962807 600141 796619 773463 ,62226 62766 67336 68768 69767 70496 70692 72743 73064 73366 
356405 344588 344069 310239 313189 361907 357306 331872 346411 61895 ,7917 11916 16686 32365 34746 35103 36882 38346 43544 47154 ,344588 344069 310239 313189 361907 357306 331872 346411 61895 905795 ,11916 16686 32365 34746 35103 36882 38346 43544 47154 50191 
368104 29404 74876 901245 253780 430450 807482 849944 163653 779912 ,33027 41815 43774 45393 49099 55464 58880 59035 59051 61645 ,368104 29404 74876 901245 253780 430450 807482 849944 163653 779912 ,33027 41815 43774 45393 49099 55464 58880 59035 59051 61645 
315342 838001 839651 896573 586918 142464 222648 839416 245171 311915 ,64765 69015 71562 72146 72910 75244 77815 78728 78909 81778 ,315342 838001 896573 586918 142464 222648 839416 245171 311915 89856 ,64765 69015 72146 72910 75244 77815 78728 78909 81778 82025 
318443 631411 481005 154479 221531 937756 629527 707296 952804 66008 ,83396 85607 86552 88347 90749 90942 92035 93490 93969 94980 ,318443 631411 481005 154479 221531 937756 629527 707296 952804 66008 ,83396 85607 86552 88347 90749 90942 92035 93490 93969 94980 
244281 994630 994764 168820 154740 421141 742636 64730 62740 751229 ,69792 74868 77255 89377 90274 92177 93784 94348 96399 98898 ,244281 994630 994764 168820 154740 421141 742636 64730 62740 751229 ,69792 74868 77255 89377 90274 92177 93784 94348 96399 98898 
359981 480198 520077 788584 161555 152115 967839 230157 981804 287350 ,65212 72085 77612 81267 84250 90832 91275 92175 92699 94514 ,359981 480198 520077 788584 161555 152115 967839 230157 981804 287350 ,65212 72085 77612 81267 84250 90832 91275 92175 92699 94514 
362328 231637 723911 724463 316378 287465 313549 783369 857077 257851 ,29224 32624 33734 38773 39996 40500 42862 43218 43484 43635 ,231637 723911 316378 287465 313549 783369 857077 257851 522058 150619 ,32624 33734 39996 40500 42862 43218 43484 43635 43876 44631 
665256 99793 114156 120988 968509 255664 142509 483161 461764 352639 ,60128 62069 62154 64260 70594 72117 72739 73136 73980 76189 ,665256 99793 114156 120988 968509 255664 142509 483161 461764 352639 ,60128 62069 62154 64260 70594 72117 72739 73136 73980 76189 
930955 116201 484255 492884 911300 391294 367830 396261 589794 494262 ,69590 85598 87171 88638 91108 92690 94367 96281 99015 99230 ,930955 116201 484255 492884 911300 391294 367830 396261 589794 494262 ,69590 85598 87171 88638 91108 92690 94367 96281 99015 99230 
356997 417347 230917 782918 594511 242344 361822 16634 335452 156004 ,52904 56090 56903 58684 59236 61089 61160 61282 62057 62141 ,356997 417347 230917 782918 594511 242344 361822 16634 335452 156004 ,52904 56090 56903 58684 59236 61089 61160 61282 62057 62141 
51328 881375 966958 796396 718021 266638 357682 300988 787784 871678 ,80733 92869 93680 95447 96529 100041 101829 101831 103105 103229 ,51328 881375 796396 718021 266638 357682 300988 787784 871678 233677 ,80733 92869 95447 96529 100041 101829 101831 103105 103229 103749 
522168 522623 730852 469484 82812 68753 218829 430261 300824 814715 ,19244 21979 23045 23459 23924 23949 24021 24982 25399 26185 ,522168 522623 730852 469484 82812 68753 218829 430261 300824 814715 ,19244 21979 23045 23459 23924 23949 24021 24982 25399 26185 
214382 751461 201713 978337 267194 17864 921206 15796 14351 253163 ,87057 88211 88506 91516 93148 93428 93899 94047 96486 97577 ,214382 751461 201713 978337 17864 921206 15796 14351 253163 434179 ,87057 88211 88506 91516 93428 93899 94047 96486 97577 98055 
340371 229273 65189 974340 493503 162835 575270 400762 547481 410060 ,50827 51988 55380 58832 58920 60407 63837 64213 64348 66616 ,340371 229273 65189 974340 493503 162835 575270 400762 547481 410060 ,50827 51988 55380 58832 58920 60407 63837 64213 64348 66616 
359241 936757 514987 515724 694635 66189 678893 695057 62400 250475 ,63244 72018 73210 74849 75646 76788 78028 78553 78649 78691 ,936757 514987 515724 694635 678893 695057 62400 250475 633979 360535 ,72018 73210 74849 75646 78028 78553 78649 78691 79010 80122 
361079 345292 196184 275000 733028 733041 118180 742411 859036 742249 ,24798 45044 64757 64757 69740 71386 72283 74110 75051 75252 ,361079 275000 196184 733028 733041 118180 742411 859036 742249 737044 ,24798 64757 64757 69740 71386 72283 74110 75051 75252 76049 
556996 521126 415210 918772 373771 976824 317959 39088 45833 83835 ,44228 45152 45530 47023 50096 50137 51145 51871 52105 53304 ,556996 521126 415210 918772 373771 976824 317959 39088 45833 83835 ,44228 45152 45530 47023 50096 50137 51145 51871 52105 53304 
159051 155938 218111 498955 804615 725640 939459 182802 498655 219014 ,71491 77342 88865 91079 94503 95192 95344 95384 95757 96122 ,159051 155938 498955 804615 725640 939459 182802 498655 493484 284613 ,71491 77342 91079 94503 95192 95344 95384 95757 97472 98562 
953019 164411 629804 952254 173594 421248 563395 349941 130549 469369 ,72478 82143 89532 90316 92566 94837 95369 97123 98305 100665 ,953019 164411 629804 952254 173594 421248 563395 349941 130549 469369 ,72478 82143 89532 90316 92566 94837 95369 97123 98305 100665 
342467 339910 2973 86523 585899 452028 196681 351850 485579 276664 ,27327 32928 52007 54033 55536 55677 56493 58806 59044 59086 ,342467 339910 2973 86523 585899 452028 196681 351850 485579 276664 ,27327 32928 52007 54033 55536 55677 56493 58806 59044 59086 
818849 330414 159290 551441 244647 343233 438230 181312 858985 733459 ,76739 77918 79217 80362 81481 82033 82297 82607 82701 82766 ,330414 343233 181312 858985 836546 928887 430479 733702 114638 172337 ,77918 82033 82607 82701 83244 85609 86242 87855 87890 88233 
296589 396145 313235 295456 863040 821226 327563 396834 286924 871656 ,54924 59652 60566 65409 67480 69637 69810 71400 71535 72805 ,296589 396145 313235 295456 863040 821226 327563 396834 286924 871656 ,54924 59652 60566 65409 67480 69637 69810 71400 71535 72805 
984837 393907 257196 11645 877567 865210 648889 731521 947903 168735 ,69879 84479 93337 102050 103645 104614 108722 110052 111424 113746 ,984837 393907 257196 11645 877567 865210 648889 731521 947903 168735 ,69879 84479 93337 102050 103645 104614 108722 110052 111424 113746 
849431 27397 893714 973532 666187 895148 858130 249349 766726 767699 ,26306 41799 42590 42591 42806 43311 43371 43746 45380 45878 ,849431 27397 893714 973532 666187 895148 858130 249349 766726 767699 ,26306 41799 42590 42591 42806 43311 43371 43746 45380 45878 
872311 505373 612574 692332 800215 512495 189636 678149 92644 477088 ,43910 46353 48523 51097 52143 52450 54991 55211 59119 59661 ,692332 800215 312212 878123 176109 847266 896294 877545 381469 409270 ,51097 52143 60017 60563 61420 65444 66891 68009 68749 69588 
603679 554893 621674 719587 987523 14834 919758 589178 561513 97355 ,84030 85899 90023 90664 92895 95437 97029 99273 99734 100627 ,603679 554893 621674 719587 987523 14834 919758 589178 561513 97355 ,84030 85899 90023 90664 92895 95437 97029 99273 99734 100627 
109294 470677 532607 476084 276676 699877 309215 39255 167568 379663 ,76498 84573 87009 87397 92612 94353 94781 98593 99058 102681 ,109294 470677 532607 476084 276676 699877 309215 39255 167568 379663 ,76498 84573 87009 87397 92612 94353 94781 98593 99058 102681 
106490 184901 212250 185299 281969 142072 127972 489343 965665 390100 ,38507 42117 42623 43212 43456 44402 44656 45369 45574 45728 ,106490 184901 212250 185299 281969 142072 127972 489343 965665 390100 ,38507 42117 42623 43212 43456 44402 44656 45369 45574 45728 
382220 372621 175394 106844 789423 283830 693514 813095 357857 130381 ,65662 66998 70464 71721 72430 73598 74611 75521 78475 79151 ,382220 372621 175394 106844 283830 693514 813095 357857 130381 378961 ,65662 66998 70464 71721 73598 74611 75521 78475 79151 79442 
886026 809079 264054 757401 574915 473371 594519 35969 225110 224776 ,43741 44676 45080 47091 47503 47806 48043 48496 48761 49525 ,886026 809079 264054 757401 574915 473371 594519 35969 225110 224776 ,43741 44676 45080 47091 47503 47806 48043 48496 48761 49525 
690133 15215 455403 705706 371454 669757 235189 96949 147260 631831 ,70562 71898 91133 93811 94123 97011 98176 98520 98668 98779 ,690133 15215 455403 705706 371454 669757 235189 96949 147260 631831 ,70562 71898 91133 93811 94123 97011 98176 98520 98668 98779 
344012 357023 369558 332254 731932 353944 290473 417881 457332 703095 ,12705 25651 64155 67410 70693 70766 73022 74717 75637 77737 ,344012 357023 369558 332254 731932 353944 290473 417881 457332 703095 ,12705 25651 64155 67410 70693 70766 73022 74717 75637 77737 
300111 843743 295291 493505 761619 707922 157436 177863 706383 289415 ,85915 89891 91238 93426 100459 100618 101795 103256 104552 104597 ,300111 843743 295291 493505 761619 707922 157436 177863 706383 289415 ,85915 89891 91238 93426 100459 100618 101795 103256 104552 104597 
506473 327678 810867 451844 534392 818763 530875 539914 219584 271252 ,48034 48143 57308 63258 63951 63972 64966 64980 65239 65449 ,506473 327678 810867 451844 534392 818763 530875 539914 219584 271252 ,48034 48143 57308 63258 63951 63972 64966 64980 65239 65449 
223053 719275 564841 620350 483885 705804 202782 73267 810271 505298 ,72717 73858 80667 84089 84498 86815 87024 87717 87755 87993 ,223053 719275 564841 620350 483885 705804 202782 505298 735535 997055 ,72717 73858 80667 84089 84498 86815 87024 87993 88265 88287 
931420 392997 396946 396991 864461 930503 400629 376295 589388 286878 ,52022 52828 55415 56295 56395 56889 59487 60699 60744 60969 ,931420 392997 396946 396991 864461 930503 400629 376295 589388 286878 ,52022 52828 55415 56295 56395 56889 59487 60699 60744 60969 
703788 13004 353038 247322 434554 285014 811715 437851 618355 451807 ,65984 69522 73540 73803 75996 76344 77085 77271 77656 77859 ,13004 353038 247322 434554 285014 811715 437851 451807 867403 481093 ,69522 73540 73803 75996 76344 77085 77271 77859 78463 78716 
923676 715145 931623 474307 845668 942336 915256 382789 104162 885731 ,93188 93579 95287 99524 101527 102516 103449 103684 104282 104496 ,923676 715145 931623 474307 845668 942336 915256 382789 104162 885731 ,93188 93579 95287 99524 101527 102516 103449 103684 104282 104496 
358191 297374 268280 103301 332827 749580 212993 645579 504993 877472 ,15537 60107 61169 62001 69233 69513 71029 71915 73067 73373 ,358191 297374 103301 332827 749580 212993 645579 504993 877472 65673 ,15537 60107 62001 69233 69513 71029 71915 73067 73373 75039 
344273 327559 360959 718611 664506 664489 216501 65442 721301 684307 ,19851 70858 71180 74026 75025 77745 78741 79714 83402 84411 ,344273 327559 664506 664489 216501 65442 721301 684307 364533 878533 ,19851 70858 75025 77745 78741 79714 83402 84411 86367 88854 
355693 344494 358392 341062 615392 904819 448926 797056 815258 138209 ,6568 6806 10501 26284 48722 50267 50912 51558 51615 51714 ,355693 344494 358392 341062 615392 904819 448926 797056 815258 138209 ,6568 6806 10501 26284 48722 50267 50912 51558 51615 51714 
222217 871359 718738 400653 569660 849681 457963 966506 473699 792448 ,47008 52233 53378 55144 55155 55822 55880 56282 57509 58334 ,222217 871359 718738 400653 569660 849681 457963 966506 473699 792448 ,47008 52233 53378 55144 55155 55822 55880 56282 57509 58334 
86984 405449 630280 233512 993095 284095 630566 154602 937392 522579 ,56087 67926 68412 69770 70162 70430 72134 73411 74378 74412 ,86984 405449 630280 233512 993095 284095 630566 154602 937392 522579 ,56087 67926 68412 69770 70162 70430 72134 73411 74378 74412 
868180 296197 13100 227361 148332 838668 680741 869689 125021 683317 ,47315 62046 67045 69619 70450 72930 76150 78122 78139 80918 ,868180 296197 13100 227361 148332 838668 680741 869689 683317 843786 ,47315 62046 67045 69619 70450 72930 76150 78122 80918 81530 
548693 902105 88306 422023 865340 897671 465890 93734 462798 993892 ,61468 78465 80960 82437 84562 84900 89265 90161 90629 90674 ,548693 88306 422023 865340 897671 465890 93734 462798 993892 370083 ,61468 80960 82437 84562 84900 89265 90161 90629 90674 95384 
990131 711096 674626 616765 817634 665674 695255 683133 457504 107713 ,81197 96619 104533 116711 117206 120070 120077 125040 126868 127233 ,990131 711096 674626 616765 817634 665674 695255 683133 457504 107713 ,81197 96619 104533 116711 117206 120070 120077 125040 126868 127233 
466415 493024 915846 361519 298575 357678 990296 197648 805829 241013 ,68697 70588 78120 79191 82306 83301 83624 87319 88695 89309 ,466415 493024 915846 361519 298575 357678 990296 197648 805829 241013 ,68697 70588 78120 79191 82306 83301 83624 87319 88695 89309 
757185 262971 236181 355337 234645 591308 523391 700768 338254 471646 ,48777 59837 60029 61402 62266 62824 64642 65367 65866 67844 ,757185 262971 236181 355337 234645 591308 523391 700768 338254 471646 ,48777 59837 60029 61402 62266 62824 64642 65367 65866 67844 
254781 52464 562429 306111 341619 488083 300845 516641 310871 325921 ,26217 26850 27658 28161 29264 29286 30002 30377 30668 30902 ,254781 52464 562429 306111 341619 488083 300845 516641 310871 325921 ,26217 26850 27658 28161 29264 29286 30002 30377 30668 30902 
348195 151632 919497 331642 112707 890727 346071 84397 373246 726189 ,22818 24851 27668 31411 32548 33500 34067 34244 34349 34514 ,348195 151632 919497 331642 112707 890727 346071 84397 373246 726189 ,22818 24851 27668 31411 32548 33500 34067 34244 34349 34514 
595188 245230 92308 631658 633608 172809 947585 678985 245757 273972 ,115329 131863 159471 166735 167147 168280 168839 169653 170879 173246 ,595188 245230 92308 631658 633608 172809 947585 678985 245757 273972 ,115329 131863 159471 166735 167147 168280 168839 169653 170879 173246 
224651 712735 16992 419933 60414 249688 107584 538689 106335 836748 ,96590 102937 105090 105715 109048 109562 109908 111843 114881 117397 ,224651 712735 16992 419933 60414 249688 107584 538689 106335 836748 ,96590 102937 105090 105715 109048 109562 109908 111843 114881 117397 
945657 359543 357493 865372 234583 422400 923556 392461 314628 95564 ,68823 73981 75566 78135 79066 80434 80519 81421 81861 82033 ,945657 359543 357493 865372 234583 422400 923556 392461 314628 95564 ,68823 73981 75566 78135 79066 80434 80519 81421 81861 82033 
303650 437621 162568 702350 181873 20 95240 23137 304478 799855 ,54905 63324 67041 67618 69634 72314 72820 73766 74052 74096 ,437621 162568 702350 181873 20 95240 304478 799855 181244 304547 ,63324 67041 67618 69634 72314 72820 74052 74096 74364 76673 
516617 518412 712016 518461 139669 519599 295460 183133 294886 442060 ,51211 52395 57759 58388 60480 61919 61935 62353 62671 64363 ,516617 518412 712016 518461 139669 519599 295460 294886 442060 393393 ,51211 52395 57759 58388 60480 61919 61935 62671 64363 64708 
242177 358665 238361 440419 101249 194488 458004 494432 920342 663619 ,29313 36506 36581 36620 39528 41572 41804 42597 42598 43058 ,242177 358665 238361 440419 101249 194488 458004 494432 920342 663619 ,29313 36506 36581 36620 39528 41572 41804 42597 42598 43058 
174541 48153 103307 301637 684068 173700 491322 103304 966891 169394 ,47868 48507 48569 49821 51786 52276 52501 53249 53346 54785 ,174541 48153 103307 301637 684068 173700 491322 103304 966891 169394 ,47868 48507 48569 49821 51786 52276 52501 53249 53346 54785 
217218 998242 553839 83176 834621 848623 410237 840267 277767 666696 ,46246 49784 49903 50502 51804 52763 53017 53234 53749 53989 ,217218 998242 553839 83176 834621 848623 410237 840267 277767 666696 ,46246 49784 49903 50502 51804 52763 53017 53234 53749 53989 
440003 413232 19613 847978 593372 466791 101004 990625 781004 191892 ,45156 56356 58650 65468 65679 66528 68734 69360 69812 73318 ,440003 413232 847978 593372 466791 101004 990625 781004 191892 787186 ,45156 56356 65468 65679 66528 68734 69360 69812 73318 75076 
724723 465431 922090 357730 753205 327232 627550 385773 318301 872372 ,72230 77158 77407 77533 81693 83379 83722 83886 84526 85323 ,724723 465431 922090 753205 327232 627550 385773 318301 872372 91604 ,72230 77158 77407 81693 83379 83722 83886 84526 85323 85622 
741605 866314 145074 467960 360408 818639 282847 773248 770158 269382 ,71960 86767 90962 91670 102757 105980 106329 108782 109102 109593 ,741605 866314 145074 467960 360408 818639 282847 773248 770158 269382 ,71960 86767 90962 91670 102757 105980 106329 108782 109102 109593 
13718 516518 993811 468055 410759 410568 19104 628687 406695 58811 ,57643 61457 61777 61868 62037 62459 62476 66858 66918 68117 ,13718 516518 993811 468055 410568 19104 628687 406695 58811 420806 ,57643 61457 61777 61868 62459 62476 66858 66918 68117 69552 
334412 806429 505251 650336 731016 507362 184114 611634 598590 19654 ,59000 77787 88363 89734 89760 90381 91003 91089 91213 91318 ,334412 806429 505251 650336 731016 507362 184114 611634 598590 19654 ,59000 77787 88363 89734 89760 90381 91003 91089 91213 91318 
362693 349691 171886 316587 55350 150663 360475 865777 130332 851088 ,15134 20382 62557 71967 72714 73535 74207 77468 78440 79588 ,362693 349691 171886 316587 55350 150663 360475 865777 130332 851088 ,15134 20382 62557 71967 72714 73535 74207 77468 78440 79588 
361253 693126 435776 513981 389018 807353 957490 957098 605736 556726 ,51820 58005 62824 66532 67554 68249 70652 71178 71778 74299 ,361253 693126 435776 513981 389018 807353 957490 957098 556726 989181 ,51820 58005 62824 66532 67554 68249 70652 71178 74299 74646 
314054 317832 356193 848092 857254 750914 752569 272119 403172 985547 ,40152 54787 67102 71028 71504 73051 73084 73232 73789 73867 ,314054 317832 356193 848092 857254 750914 752569 272119 403172 990 ,40152 54787 67102 71028 71504 73051 73084 73232 73789 74899 
787647 857684 620318 15558 997068 665745 554218 585052 20121 362505 ,65279 66040 70825 71219 71488 72863 73291 73417 73830 74798 ,787647 857684 620318 15558 997068 665745 554218 585052 20121 362505 ,65279 66040 70825 71219 71488 72863 73291 73417 73830 74798 
356684 2149 622936 165923 205751 866210 186093 342927 16189 179613 ,50547 70396 81006 86615 86950 87102 87687 87843 88331 88942 ,356684 2149 622936 165923 205751 866210 186093 342927 16189 179613 ,50547 70396 81006 86615 86950 87102 87687 87843 88331 88942 
387463 632541 418083 288114 578911 589843 397 752120 614565 402437 ,91709 100823 104721 105033 105862 106684 109100 111665 112586 113611 ,387463 632541 418083 288114 578911 589843 397 752120 614565 402437 ,91709 100823 104721 105033 105862 106684 109100 111665 112586 113611 
420006 62538 695785 259405 74388 157635 926588 256508 51925 408544 ,78478 78725 83424 83888 85687 86107 87083 87616 90308 90691 ,420006 62538 695785 259405 74388 157635 926588 256508 51925 408544 ,78478 78725 83424 83888 85687 86107 87083 87616 90308 90691 
334735 922889 257722 745027 123594 239327 560262 560411 901370 298358 ,18690 19342 20066 20406 21745 21753 21949 22191 22252 22444 ,334735 922889 257722 745027 123594 239327 560262 560411 901370 298358 ,18690 19342 20066 20406 21745 21753 21949 22191 22252 22444 
968791 733955 257652 276119 564962 224392 139312 233542 481516 60719 ,64640 64814 67196 70686 73208 74222 76579 76785 77733 78491 ,968791 733955 257652 276119 564962 224392 233542 481516 60719 963095 ,64640 64814 67196 70686 73208 74222 76785 77733 78491 78625 
689895 603379 635298 301999 516528 726965 142989 966631 560726 26197 ,30988 31528 31582 32731 34323 35674 36693 37271 37823 38009 ,603379 301999 351751 300853 31203 307472 24418 73542 905127 434560 ,31528 32731 39263 39645 40588 40942 41303 43649 43752 44423 
178637 489910 813719 911086 669233 247965 860403 907640 258745 905080 ,56496 57600 59487 60351 61721 63646 64422 64725 66403 67742 ,178637 489910 813719 911086 669233 247965 860403 907640 258745 152504 ,56496 57600 59487 60351 61721 63646 64422 64725 66403 67969 
893973 329208 251306 408613 986799 228517 543647 967804 947954 893376 ,39905 43425 53332 53529 58963 59583 61151 63716 63757 71497 ,893973 329208 251306 408613 986799 228517 543647 967804 947954 893376 ,39905 43425 53332 53529 58963 59583 61151 63716 63757 71497 
354390 340652 312327 317087 491358 492469 792876 61491 788364 97631 ,31648 36776 45706 50763 53696 62991 63506 64001 65447 66538 ,354390 340652 312327 317087 491358 492469 792876 61491 788364 97631 ,31648 36776 45706 50763 53696 62991 63506 64001 65447 66538 
183362 392825 543794 765503 331448 708359 449783 83321 511108 619423 ,73151 75349 77969 89243 91326 91645 93327 96106 97203 97456 ,183362 392825 543794 765503 331448 708359 449783 83321 511108 619423 ,73151 75349 77969 89243 91326 91645 93327 96106 97203 97456 
524335 70100 678337 499246 940651 400218 932220 129052 71320 538946 ,52111 61199 61986 62693 63263 63767 65461 65523 65940 66769 ,524335 70100 678337 499246 940651 400218 932220 129052 71320 538946 ,52111 61199 61986 62693 63263 63767 65461 65523 65940 66769 
485134 345407 480261 378829 921751 385502 890002 738979 880120 572533 ,36456 46523 47641 47920 48709 48951 49860 50327 51684 51955 ,345407 480261 400266 543343 554571 255381 754822 617224 118477 797224 ,46523 47641 52478 53519 54132 54777 55714 56747 57131 57531 
162053 922879 155240 241842 258966 856255 347804 784343 966191 170319 ,148999 150742 151336 159158 161154 161379 161890 162427 162456 166518 ,162053 922879 155240 241842 258966 856255 347804 784343 966191 170319 ,148999 150742 151336 159158 161154 161379 161890 162427 162456 166518 
140616 465427 770450 865471 158432 892694 458381 989744 795005 873121 ,49557 53922 54705 58616 58976 59087 59390 59539 60436 60956 ,140616 465427 770450 865471 158432 892694 458381 989744 795005 873121 ,49557 53922 54705 58616 58976 59087 59390 59539 60436 60956 
439363 30865 680918 299757 147490 37059 433571 268582 431745 504322 ,84733 86879 89337 90946 91582 91958 92117 94092 95345 95682 ,439363 30865 680918 299757 147490 37059 433571 431745 504322 573937 ,84733 86879 89337 90946 91582 91958 92117 95345 95682 96116 
733358 135943 197453 630788 501022 330937 369571 757429 972573 459218 ,93502 94135 100210 110813 111128 112665 113664 114097 114223 116398 ,733358 135943 197453 630788 501022 330937 369571 757429 972573 459218 ,93502 94135 100210 110813 111128 112665 113664 114097 114223 116398 
966911 851714 829772 512767 700030 965693 844728 702513 508393 351191 ,70440 74781 77988 80058 87809 88101 88989 89011 89047 89222 ,966911 851714 829772 512767 700030 965693 844728 702513 508393 351191 ,70440 74781 77988 80058 87809 88101 88989 89011 89047 89222 
654105 642670 910165 633712 738161 318725 148250 218227 41289 291704 ,41015 43806 52728 56438 56955 58170 58472 59361 61149 62167 ,654105 642670 910165 633712 738161 318725 148250 218227 291704 217113 ,41015 43806 52728 56438 56955 58170 58472 59361 62167 63185 
403386 188256 452449 408616 36737 672050 90702 956574 79240 426384 ,68423 75480 78783 80256 81999 82796 83176 84348 85545 85864 ,403386 188256 452449 408616 36737 672050 90702 956574 79240 426384 ,68423 75480 78783 80256 81999 82796 83176 84348 85545 85864 
890920 843822 171729 15859 926906 486292 986071 986254 208930 826564 ,99888 105506 106349 112967 118772 124608 126638 132012 132899 133499 ,890920 843822 171729 15859 926906 486292 986071 986254 208930 826564 ,99888 105506 106349 112967 118772 124608 126638 132012 132899 133499 
27 139007 296139 176086 619765 728978 799176 909016 520239 723117 ,74435 78458 83041 83764 83769 83874 84145 84953 85362 85808 ,27 139007 296139 619765 799176 909016 520239 723117 467018 399467 ,74435 78458 83041 83769 84145 84953 85362 85808 86536 87111 
349653 304941 437245 343571 89307 191871 345837 89985 312665 428478 ,13788 52766 60598 69070 76504 76629 77789 78893 79994 81948 ,349653 304941 437245 343571 89307 191871 345837 89985 312665 428478 ,13788 52766 60598 69070 76504 76629 77789 78893 79994 81948 
253655 759250 9613 881114 149216 922624 113179 155568 218908 849095 ,43920 45876 50312 54312 55660 55678 56832 57836 58477 58620 ,253655 759250 9613 881114 149216 922624 113179 155568 218908 849095 ,43920 45876 50312 54312 55660 55678 56832 57836 58477 58620 
347042 478644 251090 245733 51680 350038 540416 833315 902924 928120 ,40319 51768 52216 52361 55243 55737 56759 57961 58802 60061 ,347042 478644 251090 245733 51680 350038 540416 833315 902924 928120 ,40319 51768 52216 52361 55243 55737 56759 57961 58802 60061 
472112 450400 346380 52880 49378 726954 519157 347804 26939 993845 ,55749 61400 74380 76945 81615 86534 87234 94530 95468 97710 ,472112 450400 346380 52880 49378 726954 519157 347804 26939 993845 ,55749 61400 74380 76945 81615 86534 87234 94530 95468 97710 
916679 604345 224806 665803 374560 210385 187893 829139 736204 668069 ,33985 39713 40894 41573 43708 44241 44377 44822 46947 46954 ,916679 604345 224806 665803 374560 210385 187893 829139 736204 668069 ,33985 39713 40894 41573 43708 44241 44377 44822 46947 46954 
493341 432810 945179 355943 862466 46432 28905 985098 431559 955262 ,49667 60290 61491 63419 66102 66679 66863 67183 69010 72722 ,493341 432810 945179 355943 862466 46432 28905 985098 431559 955262 ,49667 60290 61491 63419 66102 66679 66863 67183 69010 72722 
348648 534017 64908 685163 276961 577081 271683 515116 206917 33144 ,38856 57952 57965 61399 62259 63554 63781 64830 65718 66946 ,348648 534017 64908 685163 276961 577081 271683 515116 206917 33144 ,38856 57952 57965 61399 62259 63554 63781 64830 65718 66946 
271222 808086 366396 948103 241584 328901 606569 558167 504028 258119 ,44121 45123 52396 52913 53214 53634 55368 60361 62685 64087 ,271222 808086 366396 948103 241584 328901 606569 558167 504028 258119 ,44121 45123 52396 52913 53214 53634 55368 60361 62685 64087 
168118 693639 327447 304728 169451 349501 695146 721538 526952 239009 ,58526 69960 79416 79665 80119 80458 80621 80725 81491 82145 ,168118 693639 327447 304728 169451 349501 695146 721538 526952 239009 ,58526 69960 79416 79665 80119 80458 80621 80725 81491 82145 
493024 386699 688925 297256 156078 318675 505806 203248 47584 843428 ,85723 86776 90015 94248 94282 94440 96235 97565 98760 99129 ,386699 688925 297256 156078 318675 505806 203248 47584 843428 86699 ,86776 90015 94248 94282 94440 96235 97565 98760 99129 99429 
89177 152967 311846 305388 278668 521566 126861 523493 86529 185430 ,33924 33981 34691 34829 35076 36198 36278 36299 36534 36754 ,89177 152967 311846 305388 278668 521566 126861 523493 86529 185430 ,33924 33981 34691 34829 35076 36198 36278 36299 36534 36754 
820994 31738 315549 869 60303 180396 821381 905158 633643 341643 ,63941 67921 71732 72658 73656 74069 74719 75511 76010 76792 ,341643 424184 236140 521878 535605 944928 269734 286310 736126 940318 ,76792 82294 83944 88967 89401 89800 90137 90512 91171 92029 
660516 910528 293559 524301 683112 207551 672024 915136 236659 371001 ,55436 58478 61683 62087 62315 62350 62518 62581 64897 65188 ,660516 910528 293559 524301 683112 207551 672024 915136 236659 371001 ,55436 58478 61683 62087 62315 62350 62518 62581 64897 65188 
811149 812859 402558 294713 51680 280215 851782 274382 718780 933344 ,31600 32948 34958 39652 40535 40811 41843 43448 43493 43502 ,811149 812859 402558 294713 51680 280215 851782 274382 718780 933344 ,31600 32948 34958 39652 40535 40811 41843 43448 43493 43502 
901138 419694 706850 282038 944878 504567 405950 206758 52654 469724 ,58824 61016 62471 66180 69150 70148 71512 72078 72903 73483 ,901138 419694 706850 282038 944878 504567 405950 206758 52654 469724 ,58824 61016 62471 66180 69150 70148 71512 72078 72903 73483 
362574 308480 900356 357266 950410 758029 530952 373789 955319 767781 ,14007 63459 64064 65209 70404 72477 73002 73491 73922 75065 ,362574 308480 900356 357266 950410 758029 530952 373789 955319 767781 ,14007 63459 64064 65209 70404 72477 73002 73491 73922 75065 
976517 976181 196815 675571 755810 677104 111657 675636 485648 194530 ,47389 49052 50410 53601 54597 55799 56318 56656 57630 57920 ,976517 976181 196815 675571 755810 677104 675636 485648 194530 221352 ,47389 49052 50410 53601 54597 55799 56656 57630 57920 60355 
113494 114592 303646 966233 287996 532368 551520 514920 167056 838885 ,104483 107867 107868 109010 113367 114349 116199 116320 119033 119303 ,113494 114592 303646 966233 287996 532368 551520 514920 167056 838885 ,104483 107867 107868 109010 113367 114349 116199 116320 119033 119303 
123628 349592 693245 679747 359012 329577 357709 796245 367791 81757 ,61591 73560 74310 74423 76031 76231 76815 77316 77531 77678 ,123628 349592 693245 679747 359012 329577 357709 796245 367791 81757 ,61591 73560 74310 74423 76031 76231 76815 77316 77531 77678 
759603 755407 730586 743651 141433 101867 862626 288194 871220 496323 ,41529 42521 43266 46010 48655 50721 63259 63364 65517 65622 ,759603 755407 730586 743651 141433 101867 862626 288194 871220 496323 ,41529 42521 43266 46010 48655 50721 63259 63364 65517 65622 
276672 541471 243026 464728 812069 576720 478673 299546 801304 405884 ,62699 62951 65657 68853 70912 71295 72303 73171 73294 73840 ,276672 541471 243026 464728 812069 576720 478673 299546 801304 405884 ,62699 62951 65657 68853 70912 71295 72303 73171 73294 73840 
288194 17073 345859 860773 983197 267689 595702 989250 284751 318800 ,118963 119005 121058 123019 128382 129246 134882 136356 137303 137829 ,288194 17073 345859 860773 983197 267689 595702 989250 284751 318800 ,118963 119005 121058 123019 128382 129246 134882 136356 137303 137829 
771203 451871 555452 492663 521431 510881 521260 452077 243659 84212 ,36766 40949 41836 43537 45165 45347 45772 48594 49106 49645 ,771203 451871 555452 492663 521431 510881 521260 452077 243659 84212 ,36766 40949 41836 43537 45165 45347 45772 48594 49106 49645 
627450 254744 254593 74926 770625 883295 256533 387013 4243 32095 ,52911 56119 59247 64650 65668 66448 68055 68471 69352 69954 ,627450 254744 254593 74926 770625 883295 256533 387013 4243 32095 ,52911 56119 59247 64650 65668 66448 68055 68471 69352 69954 
133034 250762 214396 158536 565068 79149 185079 40607 1432 899919 ,62019 62343 65482 65887 67049 68382 69417 70874 71180 72537 ,133034 250762 214396 158536 565068 79149 185079 1432 899919 748364 ,62019 62343 65482 65887 67049 68382 69417 71180 72537 73721 
395731 508959 492710 62603 959922 678797 958403 492952 320346 489598 ,65258 65317 70522 70673 72274 72477 73246 74026 74427 75862 ,395731 508959 492710 62603 959922 678797 958403 492952 320346 92657 ,65258 65317 70522 70673 72274 72477 73246 74026 74427 77487 
144714 978153 966126 966211 593688 37232 311180 313539 250651 296524 ,55493 59457 60329 60462 61961 62458 63036 63048 63453 63510 ,966126 614159 604336 914472 776217 159288 333365 220835 404275 348055 ,60329 76335 81176 84256 86555 87693 88300 88901 90680 90781 
98163 272171 61117 93078 666486 813958 746906 99908 918946 362677 ,49321 63544 65142 67868 69134 69430 69594 70139 70818 72657 ,272171 61117 93078 666486 813958 746906 99908 918946 362677 739915 ,63544 65142 67868 69134 69430 69594 70139 70818 72657 73553 
236189 929551 169916 346943 573850 724723 724726 761501 508996 574614 ,59909 60515 61878 62674 64812 65096 65829 66293 66389 66431 ,236189 929551 169916 346943 573850 724726 761501 508996 574614 703690 ,59909 60515 61878 62674 64812 65829 66293 66389 66431 66549 
355019 42342 152345 68768 956981 583752 593824 810185 957569 151589 ,63863 69615 70522 70721 71484 73602 73966 75022 75426 77042 ,355019 42342 152345 68768 956981 583752 593824 810185 957569 151589 ,63863 69615 70522 70721 71484 73602 73966 75022 75426 77042 
278876 305126 337196 784974 385892 292133 278974 292259 350809 322993 ,13873 15585 18556 20274 20376 21316 23011 23135 23200 23480 ,278876 305126 337196 784974 385892 292133 278974 292259 350809 322993 ,13873 15585 18556 20274 20376 21316 23011 23135 23200 23480 
719656 306616 111862 279692 364026 131335 108453 892786 337756 352343 ,23058 27406 28132 30991 31312 31390 31718 31928 32652 33346 ,719656 306616 111862 279692 364026 131335 108453 892786 337756 352343 ,23058 27406 28132 30991 31312 31390 31718 31928 32652 33346 
363807 246707 522327 322080 613446 156056 722995 708745 799702 81704 ,30996 31470 31741 32064 32148 33973 35458 35583 35887 35974 ,363807 246707 522327 322080 613446 156056 722995 708745 799702 81704 ,30996 31470 31741 32064 32148 33973 35458 35583 35887 35974 
96918 982843 983155 306382 984646 773736 61588 94375 444888 29968 ,12101 13928 14259 14759 16946 18574 18693 20348 20451 20821 ,61588 94375 68570 690771 91973 94325 186290 806086 363371 615807 ,18693 20348 21859 22233 22697 23072 23744 23958 27213 27595 
376692 859113 903075 66099 65937 921012 428863 229916 903070 929942 ,56344 56657 58381 59118 60336 60414 61838 62748 63286 64222 ,376692 859113 903075 66099 65937 428863 229916 903070 929942 30600 ,56344 56657 58381 59118 60336 61838 62748 63286 64222 64232 
765111 615106 151256 560359 130935 636698 142341 614885 160830 780119 ,15716 18730 19149 19225 20010 20030 20220 21243 21343 21366 ,765111 615106 151256 560359 130935 636698 142341 614885 160830 780119 ,15716 18730 19149 19225 20010 20030 20220 21243 21343 21366 
988591 20066 727294 183488 986942 916638 428625 183841 954120 63810 ,66076 71519 77418 83747 84868 91614 91859 94331 95153 98811 ,988591 20066 727294 183488 986942 916638 428625 183841 954120 63810 ,66076 71519 77418 83747 84868 91614 91859 94331 95153 98811 
19635 337671 337011 458004 301998 293086 279435 60997 292304 452900 ,31651 39492 46037 46507 46735 46847 49011 53040 54109 54586 ,19635 337671 337011 458004 301998 293086 279435 60997 292304 452900 ,31651 39492 46037 46507 46735 46847 49011 53040 54109 54586 
23729 609694 56116 331431 601677 498737 238314 292172 994971 446795 ,24518 24670 24927 32622 33414 34363 34690 35122 36048 36812 ,23729 609694 56116 331431 601677 498737 238314 292172 994971 446795 ,24518 24670 24927 32622 33414 34363 34690 35122 36048 36812 
524763 94343 496731 392249 43255 86956 542724 815951 363565 364896 ,43661 44340 46008 46156 54076 54331 54499 55578 55978 56405 ,524763 94343 496731 392249 43255 86956 542724 815951 363565 364896 ,43661 44340 46008 46156 54076 54331 54499 55578 55978 56405 
438275 510266 812950 305827 188743 560209 686148 504816 499098 117578 ,25686 27327 27898 29633 30463 30730 31288 31720 31802 32577 ,438275 510266 812950 305827 188743 560209 686148 504816 499098 117578 ,25686 27327 27898 29633 30463 30730 31288 31720 31802 32577 
782304 381989 52672 722997 36585 80794 371327 168469 385270 601264 ,61007 62748 62835 63123 63511 63899 64055 64427 64659 64980 ,782304 381989 52672 722997 80794 371327 385270 601264 405300 738400 ,61007 62748 62835 63123 63899 64055 64659 64980 65203 65721 
712709 784931 808709 385695 180651 79529 733856 658347 526275 509443 ,47783 53721 56215 58123 58239 59451 60866 62279 62377 65082 ,712709 784931 808709 385695 180651 79529 733856 658347 526275 509443 ,47783 53721 56215 58123 58239 59451 60866 62279 62377 65082 
108047 638249 536367 540724 41025 573670 210926 38950 604227 659613 ,18958 23796 24611 25526 26154 27822 28363 30720 31032 31426 ,108047 638249 536367 540724 41025 573670 210926 38950 604227 659613 ,18958 23796 24611 25526 26154 27822 28363 30720 31032 31426 
776344 57888 890218 424007 119054 247771 433397 941454 131411 324397 ,37213 40903 41130 46660 48166 49120 50056 52474 52911 53857 ,776344 57888 890218 424007 119054 247771 433397 941454 131411 324397 ,37213 40903 41130 46660 48166 49120 50056 52474 52911 53857 
636835 82812 100678 23452 926663 814715 79087 499273 487832 923144 ,10475 11629 12012 15056 15376 15908 15977 16266 16674 16698 ,636835 100678 23452 926663 814715 499273 487832 923144 29980 522168 ,10475 12012 15056 15376 15908 16266 16674 16698 16785 16947 
76224 249044 62650 86890 141503 975674 579288 406596 973282 458849 ,62266 75468 78374 81416 83734 84826 85125 86635 88472 90620 ,76224 249044 62650 86890 141503 975674 579288 406596 458849 504526 ,62266 75468 78374 81416 83734 84826 85125 86635 90620 91055 
227640 779766 503418 82519 280972 972660 59721 215804 489507 645681 ,20231 55253 61921 64644 67362 70280 70295 72575 76221 76338 ,227640 779766 503418 82519 280972 972660 59721 215804 489507 645681 ,20231 55253 61921 64644 67362 70280 70295 72575 76221 76338 
446882 420682 426704 280732 567738 29943 815392 923126 487378 151252 ,14308 15172 15885 18090 18137 19203 19415 19467 20490 20539 ,446882 420682 426704 280732 567738 29943 815392 923126 487378 151252 ,14308 15172 15885 18090 18137 19203 19415 19467 20490 20539 
29963 815448 800176 425907 719196 23435 489510 818650 29950 818601 ,21063 21953 22340 22522 23130 23991 24090 24661 24667 25991 ,29963 815448 800176 425907 719196 23435 489510 818650 29950 818601 ,21063 21953 22340 22522 23130 23991 24090 24661 24667 25991 
698803 889929 657581 30894 221433 966634 503409 984939 435978 966957 ,74163 80543 82971 83371 84557 84701 85584 85894 85954 86359 ,698803 889929 30894 221433 966634 503409 984939 435978 966957 175462 ,74163 80543 83371 84557 84701 85584 85894 85954 86359 86438 
662087 737569 48377 49290 210103 409583 567619 522198 695472 628249 ,33495 34079 36196 36571 39761 39861 41745 44205 48395 50121 ,662087 737569 49290 210103 409583 567619 522198 695472 628249 476693 ,33495 34079 36571 39761 39861 41745 44205 48395 50121 54438 
629080 394550 293177 618970 295316 92582 414174 594043 226777 101338 ,64833 65871 66999 74335 74339 78332 78591 81425 82536 82838 ,629080 394550 293177 618970 295316 92582 414174 594043 226777 101338 ,64833 65871 66999 74335 74339 78332 78591 81425 82536 82838 
205050 268710 312959 514776 91368 321954 22251 44221 112207 237119 ,15485 21130 25710 26118 26694 27340 27800 27913 29054 31037 ,205050 268710 312959 514776 91368 321954 22251 44221 112207 237119 ,15485 21130 25710 26118 26694 27340 27800 27913 29054 31037 
155712 392654 526583 431887 175299 454376 502864 809232 393715 973216 ,59170 62673 69113 69692 75768 77368 77660 78527 79264 79992 ,155712 392654 526583 431887 175299 454376 502864 809232 393715 973216 ,59170 62673 69113 69692 75768 77368 77660 78527 79264 79992 
685838 533707 219525 261748 177916 683899 281721 730575 716513 526292 ,43182 44572 56670 58926 63214 68417 72156 72199 72553 72918 ,685838 533707 219525 261748 177916 683899 281721 730575 716513 526292 ,43182 44572 56670 58926 63214 68417 72156 72199 72553 72918 
804944 146204 368154 706046 167339 604036 30545 613475 396916 521819 ,90635 91001 97644 100641 105977 106106 106293 107192 107989 108296 ,804944 146204 368154 706046 167339 604036 30545 613475 396916 521819 ,90635 91001 97644 100641 105977 106106 106293 107192 107989 108296 
618034 238871 229495 137166 176287 705912 633769 183118 949517 240342 ,55098 69057 70804 72821 73540 73835 77367 77372 77904 78881 ,618034 238871 229495 176287 705912 633769 183118 240342 780301 142428 ,55098 69057 70804 73540 73835 77367 77372 78881 79472 81068 
565088 196598 457996 742875 219647 324858 144271 368272 773329 29722 ,56229 61525 67274 68525 68915 69069 69272 69789 71748 71954 ,565088 196598 457996 219647 324858 368272 773329 29722 320861 378791 ,56229 61525 67274 68915 69069 69789 71748 71954 72488 72759 
995703 741672 89280 107243 505013 251205 719187 534872 84616 11461 ,51068 54469 54688 55379 56430 59335 61820 61911 62832 63752 ,995703 741672 89280 107243 505013 251205 719187 534872 84616 11461 ,51068 54469 54688 55379 56430 59335 61820 61911 62832 63752 
965499 610534 51942 756403 69466 965941 903017 631652 491232 457702 ,53094 60377 61153 61237 61726 62335 62457 62963 64571 65109 ,965499 610534 756403 965941 903017 631652 491232 457702 21965 799432 ,53094 60377 61237 62335 62457 62963 64571 65109 65654 65850 
118123 621451 600875 846385 18808 931132 352112 847432 116599 324456 ,59217 65643 67926 68435 69600 70091 70483 70824 72001 73203 ,118123 621451 600875 846385 18808 931132 847432 472614 356555 49809 ,59217 65643 67926 68435 69600 70091 70824 73466 73896 73945 
488826 443252 16155 723369 822662 806370 705875 2388 246043 704222 ,63489 67429 71082 71244 71541 71556 71594 71623 72403 72662 ,488826 443252 16155 723369 822662 806370 705875 2388 704222 830825 ,63489 67429 71082 71244 71541 71556 71594 71623 72662 73280 
11395 285803 359731 851642 678327 798241 461490 136439 332481 729299 ,69874 71685 83229 84833 85114 92481 95027 96827 97057 99485 ,11395 285803 359731 851642 678327 798241 461490 136439 332481 729299 ,69874 71685 83229 84833 85114 92481 95027 96827 97057 99485 
430320 344245 233876 102587 634407 744677 631590 440353 777321 639793 ,46314 48615 61595 62137 65329 65497 66493 66756 67135 67391 ,430320 344245 233876 102587 634407 744677 631590 440353 777321 639793 ,46314 48615 61595 62137 65329 65497 66493 66756 67135 67391 
690234 426262 797395 534939 696081 722006 73520 81732 490003 745438 ,58767 71645 73414 73461 75192 75335 76235 77394 80077 80814 ,690234 426262 797395 534939 696081 722006 73520 81732 490003 745438 ,58767 71645 73414 73461 75192 75335 76235 77394 80077 80814 
739265 435503 104646 485200 270750 460260 515318 204911 269189 97225 ,43692 47364 48271 49478 55549 58058 59198 59755 59755 60812 ,739265 435503 104646 485200 270750 460260 515318 269189 204911 97225 ,43692 47364 48271 49478 55549 58058 59198 59755 59755 60812 
311969 549809 462439 977119 172381 322855 176789 664890 344131 105836 ,69582 69768 74408 74575 76519 76847 77874 78266 78320 78386 ,311969 549809 462439 977119 172381 322855 176789 664890 344131 624623 ,69582 69768 74408 74575 76519 76847 77874 78266 78320 79093 
986986 240939 341573 862148 212756 987041 327835 861744 324686 776038 ,66857 67928 68756 71321 71866 71870 72072 72236 72681 73215 ,986986 240939 341573 862148 212756 987041 327835 861744 324686 776038 ,66857 67928 68756 71321 71866 71870 72072 72236 72681 73215 
581532 754013 466577 764027 250694 112537 431902 588536 514408 764733 ,34959 35246 35412 35794 36632 38768 38946 39300 39841 39847 ,581532 754013 466577 250694 112537 431902 588536 514408 764733 773634 ,34959 35246 35412 36632 38768 38946 39300 39841 39847 40039 
573703 340994 90850 687943 238797 354003 192545 452607 600477 453109 ,101259 105135 106161 107542 108150 109496 116040 122380 122657 123433 ,573703 340994 90850 687943 238797 354003 192545 452607 600477 453109 ,101259 105135 106161 107542 108150 109496 116040 122380 122657 123433 
899825 233306 558231 182413 797883 563086 883464 384162 682984 506258 ,73945 75600 76752 80746 80794 82042 82142 82475 82905 83647 ,899825 233306 558231 182413 797883 563086 883464 384162 682984 506258 ,73945 75600 76752 80746 80794 82042 82142 82475 82905 83647 
987455 352382 256697 854420 980664 777783 496880 698478 401320 267829 ,80668 85436 86921 96915 97308 100103 104293 109889 111089 113312 ,987455 352382 256697 854420 980664 777783 496880 698478 401320 267829 ,80668 85436 86921 96915 97308 100103 104293 109889 111089 113312 
527422 185747 67623 517062 430788 462377 117128 109515 367439 622304 ,69802 75052 75514 77709 78886 79905 80930 81511 81923 82819 ,527422 185747 67623 517062 430788 462377 117128 109515 367439 622304 ,69802 75052 75514 77709 78886 79905 80930 81511 81923 82819 
827672 585437 66952 133820 673826 765478 143690 927585 491459 815217 ,75256 76800 77945 79209 79544 80233 80406 83199 83808 83825 ,827672 585437 66952 133820 673826 765478 143690 927585 491459 815217 ,75256 76800 77945 79209 79544 80233 80406 83199 83808 83825 
516655 663233 845271 177296 433192 67989 174394 83592 719101 29326 ,44353 46168 47935 49803 51722 52769 54199 57389 58186 58660 ,516655 663233 177296 433192 67989 174394 83592 719101 29326 726497 ,44353 46168 49803 51722 52769 54199 57389 58186 58660 59036 
82761 94145 238502 56041 512746 281738 780438 83820 230345 84010 ,20184 22624 25443 27145 27413 27757 29962 30058 31085 31122 ,82761 94145 238502 56041 512746 281738 780438 83820 230345 84010 ,20184 22624 25443 27145 27413 27757 29962 30058 31085 31122 
202626 266904 862568 132612 181425 374346 133333 398201 505110 422387 ,61037 61037 63811 66893 67066 67332 67492 67523 68627 70228 ,202626 862568 132612 181425 374346 133333 398201 505110 422387 706915 ,61037 63811 66893 67066 67332 67492 67523 68627 70228 70947 
282650 225532 122918 641544 860540 799151 928193 937891 82695 239727 ,55613 56786 58361 61266 61946 62167 65907 66531 67883 68469 ,282650 225532 860540 799151 82695 871988 957020 703986 133129 866314 ,55613 56786 61946 62167 67883 72354 72996 73930 75164 75230 
531217 995087 662650 662610 85663 255165 110554 152426 658134 339903 ,26141 27226 28093 29076 30358 30751 31129 31285 31418 31767 ,531217 995087 662650 662610 85663 255165 110554 152426 658134 339903 ,26141 27226 28093 29076 30358 30751 31129 31285 31418 31767 
249249 501087 804933 219515 936527 882973 496507 325488 941872 652079 ,74538 82796 93257 95289 96894 98685 99219 99268 100915 101257 ,249249 501087 804933 219515 936527 882973 496507 325488 941872 652079 ,74538 82796 93257 95289 96894 98685 99219 99268 100915 101257 
858653 235185 389816 280354 259902 17490 535023 232848 500114 359889 ,38493 41353 44292 45375 46042 46268 47167 47285 47852 49280 ,858653 235185 389816 280354 259902 17490 535023 232848 500114 359889 ,38493 41353 44292 45375 46042 46268 47167 47285 47852 49280 
993524 185458 969324 579771 586781 141886 852832 864388 376341 268491 ,54774 55637 57057 57716 58770 59099 59676 60181 60806 62292 ,993524 185458 969324 586781 141886 852832 864388 376341 268491 518241 ,54774 55637 57057 58770 59099 59676 60181 60806 62292 62414 
131252 364475 861521 723842 206986 345542 434311 978054 261913 237682 ,43565 45231 48258 48725 48864 48954 49018 50153 50977 52637 ,131252 861521 723842 206986 345542 434311 978054 237682 264121 465423 ,43565 48258 48725 48864 48954 49018 50153 52637 52770 52997 
259902 139967 312891 863451 272702 788683 249336 554607 351206 313347 ,46561 47105 47468 48872 50071 50334 50810 53898 54786 56586 ,259902 139967 312891 863451 272702 788683 249336 554607 351206 313347 ,46561 47105 47468 48872 50071 50334 50810 53898 54786 56586 
414230 310126 240390 943947 26256 255306 24564 301454 861521 210850 ,50100 61187 67992 67998 68074 69197 70792 71052 71731 72281 ,414230 310126 240390 943947 26256 255306 24564 301454 861521 210850 ,50100 61187 67992 67998 68074 69197 70792 71052 71731 72281 
177587 702168 113714 926131 437553 128785 525789 351680 927019 711853 ,83368 84154 84665 84838 85307 86589 87653 88180 88488 89236 ,177587 702168 113714 926131 437553 128785 525789 351680 927019 711853 ,83368 84154 84665 84838 85307 86589 87653 88180 88488 89236 
689947 249030 411525 736404 370649 247860 638083 249336 364140 205674 ,32784 43148 43581 44077 45282 45477 45656 46678 48202 48678 ,689947 249030 411525 370649 247860 638083 364140 205674 610380 338100 ,32784 43148 43581 45282 45477 45656 48202 48678 49974 50037 
771123 991985 834539 632216 133843 557187 181632 433973 741452 147802 ,51866 70712 76692 77735 78069 78686 79646 81234 83364 84471 ,771123 991985 834539 632216 133843 557187 181632 433973 741452 147802 ,51866 70712 76692 77735 78069 78686 79646 81234 83364 84471 
216372 240771 420874 151442 217316 297618 783538 529929 9707 272016 ,38471 38859 38862 41119 41351 42388 44928 45812 45985 46012 ,216372 240771 420874 151442 217316 297618 783538 529929 9707 272016 ,38471 38859 38862 41119 41351 42388 44928 45812 45985 46012 
400132 610517 404741 673337 299193 556354 871729 229567 970279 578428 ,22753 28748 29570 33742 37936 38043 38577 39439 39602 39840 ,400132 610517 404741 673337 299193 556354 871729 229567 970279 578428 ,22753 28748 29570 33742 37936 38043 38577 39439 39602 39840 
881143 597999 725916 173260 1364 442166 152145 436283 576747 610774 ,80467 83099 85480 87284 89154 90372 90430 91017 91155 91572 ,881143 597999 725916 173260 1364 442166 152145 436283 576747 610774 ,80467 83099 85480 87284 89154 90372 90430 91017 91155 91572 
976008 62126 935216 259686 471668 678618 13913 173489 391241 328560 ,109460 115824 116601 119768 122870 124834 125845 126344 126361 126965 ,976008 62126 935216 259686 471668 678618 13913 173489 391241 328560 ,109460 115824 116601 119768 122870 124834 125845 126344 126361 126965 
430184 237976 105252 327926 484880 693437 350624 339485 926677 129640 ,35203 40332 41855 43319 44800 45700 46190 48077 52724 52858 ,430184 237976 105252 327926 484880 693437 350624 339485 926677 129640 ,35203 40332 41855 43319 44800 45700 46190 48077 52724 52858 
635457 632849 702742 580168 632941 134642 481444 251914 572755 482430 ,26819 30799 35382 36173 37256 47141 49313 49636 50905 51889 ,485394 570517 829997 67847 897622 957263 442152 403258 198353 849465 ,52869 58721 62561 62766 64640 64996 65019 66464 66554 66973 
92704 182549 194061 748753 553383 887836 818703 692252 773417 587561 ,66434 70230 73100 73836 81622 82498 83594 84902 86076 88645 ,92704 182549 194061 748753 553383 887836 818703 692252 773417 587561 ,66434 70230 73100 73836 81622 82498 83594 84902 86076 88645 
513034 937833 3915 369851 330757 673367 487315 836360 612616 309764 ,71010 76565 78972 81802 82842 83592 84285 85381 86404 86993 ,513034 937833 3915 369851 330757 673367 487315 836360 612616 309764 ,71010 76565 78972 81802 82842 83592 84285 85381 86404 86993 
250425 299398 18322 836099 702510 517004 18832 561480 517188 69035 ,39830 41862 44057 44240 44781 45023 45104 45914 47294 47519 ,250425 299398 18322 836099 702510 18832 561480 517188 69035 68761 ,39830 41862 44057 44240 44781 45104 45914 47294 47519 47975 
311148 510313 680275 694273 853978 187072 634054 364759 431019 947494 ,39017 58862 61577 64664 65059 65283 67703 68459 68580 73608 ,311148 510313 680275 694273 853978 187072 634054 364759 431019 947494 ,39017 58862 61577 64664 65059 65283 67703 68459 68580 73608 
201893 266171 367023 338058 172201 376334 453198 244442 721142 587894 ,64717 64717 66531 69042 69915 71302 71557 71914 72578 72987 ,201893 266171 367023 338058 172201 376334 453198 244442 721142 587894 ,64717 64717 66531 69042 69915 71302 71557 71914 72578 72987 
870560 15009 218805 32300 84707 130366 95821 114112 393209 924615 ,63399 63676 66854 67864 67877 69823 69874 70768 71521 71644 ,15009 218805 32300 84707 130366 95821 114112 393209 924615 426020 ,63676 66854 67864 67877 69823 69874 70768 71521 71644 72303 
554870 66330 257145 523243 97465 242413 187533 431469 247761 321530 ,38669 41515 45381 48308 49187 49705 50196 51619 52046 52112 ,554870 66330 257145 523243 97465 242413 187533 431469 247761 321530 ,38669 41515 45381 48308 49187 49705 50196 51619 52046 52112 
509948 909513 175308 795454 220351 619986 251056 723660 553020 515281 ,59069 95605 101287 102372 103378 104675 104967 105280 109737 110987 ,509948 909513 175308 795454 220351 619986 251056 723660 553020 515281 ,59069 95605 101287 102372 103378 104675 104967 105280 109737 110987 
806204 465500 122228 280744 79954 105164 95836 415062 158963 1464 ,52742 53307 53432 53762 57482 57706 58635 59063 59094 61199 ,806204 465500 122228 280744 79954 105164 95836 158963 1464 806876 ,52742 53307 53432 53762 57482 57706 58635 59094 61199 61484 
369841 368256 517013 950356 847961 197201 276017 635988 812229 593562 ,29729 31791 54891 54897 55874 57101 57101 57322 58276 58322 ,369841 368256 517013 950356 847961 276017 197201 635988 812229 593562 ,29729 31791 54891 54897 55874 57101 57101 57322 58276 58322 
851850 242763 847844 107125 140748 434458 181182 246798 138038 916079 ,65587 68385 76560 82743 88198 88462 88770 90810 91080 93391 ,851850 242763 847844 107125 140748 434458 181182 246798 138038 916079 ,65587 68385 76560 82743 88198 88462 88770 90810 91080 93391 
21741 144754 402726 687440 499643 652980 779412 92755 154771 486046 ,80028 80792 85973 86288 86406 86611 87615 88063 89870 89911 ,21741 144754 687440 499643 652980 779412 154771 486046 724215 379189 ,80028 80792 86288 86406 86611 87615 89870 89911 90419 91511 
954388 327850 948076 949444 992961 575477 966192 915930 325525 441280 ,67551 67953 70532 72003 73787 74098 76730 77486 78031 78301 ,954388 327850 948076 949444 992961 575477 966192 915930 325525 441280 ,67551 67953 70532 72003 73787 74098 76730 77486 78031 78301 
406475 794222 30500 829133 781148 976720 781434 742787 601792 742891 ,41552 42384 42443 43153 43982 44612 44807 44919 45888 46103 ,794222 260649 892591 145751 713958 958244 790913 915286 264326 793201 ,42384 49168 50251 50701 51794 52330 52858 53133 53801 53875 
280579 629590 764047 629439 350077 299753 626967 573251 370127 482470 ,68272 72194 77068 83400 83672 86785 87979 89696 92351 92609 ,350077 573251 370127 482470 475255 580448 732623 409477 949360 749395 ,83672 89696 92351 92609 92789 93307 93662 95829 96615 97130 
385686 74788 402127 120408 519905 722974 83584 398194 202727 819154 ,62558 65088 65951 65977 66974 67380 68520 69630 71350 71898 ,74788 120408 722974 83584 398194 202727 819154 623380 988467 140554 ,65088 65977 67380 68520 69630 71350 71898 74517 75083 75300 
207175 537925 213058 662031 853444 702274 477452 754694 711243 949974 ,26175 26419 29164 30552 30805 31126 33110 33192 33458 34100 ,207175 537925 213058 662031 853444 702274 477452 754694 711243 949974 ,26175 26419 29164 30552 30805 31126 33110 33192 33458 34100 
912532 559918 509740 32587 871155 529687 305308 385013 844657 518732 ,56078 61594 62766 63971 64175 64259 65578 66334 67276 67461 ,912532 559918 509740 32587 871155 529687 305308 385013 844657 518732 ,56078 61594 62766 63971 64175 64259 65578 66334 67276 67461 
81252 709773 788066 578918 638327 358447 861923 582744 638405 862643 ,24787 31279 31703 35462 36277 36523 36560 37820 37977 39031 ,81252 709773 788066 578918 638327 358447 861923 582744 862643 261007 ,24787 31279 31703 35462 36277 36523 36560 37820 39031 39113 
214612 385185 160304 327572 257464 572809 513060 405065 68094 905127 ,43804 50693 50977 54333 56410 56777 57335 57548 58405 58753 ,214612 385185 160304 327572 257464 572809 513060 405065 68094 905127 ,43804 50693 50977 54333 56410 56777 57335 57548 58405 58753 
68937 69049 372423 123056 515651 922813 106312 103231 502522 549436 ,42452 44087 46618 46853 47095 47134 47742 47772 47772 47869 ,69049 372423 515651 922813 60735 807027 510638 122585 73136 242578 ,44087 46618 47095 47134 48131 49710 50544 50674 51226 51931 
550350 169822 448485 599145 23726 517276 966987 427063 925400 4076 ,70071 75651 81549 82631 85093 86413 86579 86760 88091 88382 ,550350 169822 448485 599145 23726 517276 966987 427063 925400 4076 ,70071 75651 81549 82631 85093 86413 86579 86760 88091 88382 
777630 517484 574740 517811 358047 56014 294589 575115 185439 376813 ,43900 46546 48483 48506 53734 54451 54490 54579 54666 55018 ,517484 376813 365260 29635 302826 494636 371372 930727 970190 412599 ,46546 55018 55757 62720 63595 63916 67788 67884 68295 69137 
352552 321987 747372 899872 780160 294169 79037 132473 83127 338233 ,50453 54067 54418 58726 59582 60093 63030 63264 64593 64883 ,352552 321987 747372 899872 780160 294169 79037 132473 83127 338233 ,50453 54067 54418 58726 59582 60093 63030 63264 64593 64883 
276519 461637 176040 990577 963697 598580 112100 949946 100496 974111 ,70533 83964 101903 103271 104415 106537 108895 110915 114085 116239 ,276519 461637 176040 990577 963697 598580 112100 949946 100496 974111 ,70533 83964 101903 103271 104415 106537 108895 110915 114085 116239 
264054 91345 83648 936135 164407 971020 61102 93643 517320 883261 ,37612 48230 48959 49866 51215 51999 52785 53262 53427 53548 ,264054 91345 83648 936135 164407 971020 61102 93643 517320 883087 ,37612 48230 48959 49866 51215 51999 52785 53262 53427 53593 
947028 101107 979430 952196 559709 424402 845872 105721 423637 39592 ,29461 30891 32404 32932 36819 37793 38376 38496 39607 40261 ,947028 101107 979430 952196 559709 424402 845872 105721 423637 39592 ,29461 30891 32404 32932 36819 37793 38376 38496 39607 40261 
726464 574499 707351 888844 520162 515202 466263 484911 354818 868864 ,90793 92344 92365 94224 96022 98623 99741 100659 100862 101675 ,726464 574499 888844 520162 515202 484911 354818 868864 297491 749128 ,90793 92344 94224 96022 98623 100659 100862 101675 101696 102055 
890859 42632 569997 212294 960252 470215 944371 921215 774737 404790 ,38624 42752 43818 43842 44697 47076 47102 47178 47367 47477 ,890859 42632 569997 212294 960252 470215 944371 921215 774737 404790 ,38624 42752 43818 43842 44697 47076 47102 47178 47367 47477 
568514 678814 546172 783411 856560 578737 851211 686480 977748 687229 ,66848 83372 85998 86310 87298 88590 89214 89740 93691 93962 ,568514 678814 546172 783411 856560 578737 851211 686480 977748 687229 ,66848 83372 85998 86310 87298 88590 89214 89740 93691 93962 
337156 880374 668539 843486 121739 670193 649597 134634 94943 522147 ,46089 46843 49841 51412 52858 53281 53335 54402 54670 56249 ,337156 880374 668539 843486 121739 670193 649597 134634 94943 522147 ,46089 46843 49841 51412 52858 53281 53335 54402 54670 56249 
29640 167218 599830 191103 368437 643344 755712 639051 892029 782483 ,50860 55447 65029 65181 65719 71169 71977 73542 73955 77679 ,29640 167218 599830 191103 368437 643344 755712 639051 892029 782483 ,50860 55447 65029 65181 65719 71169 71977 73542 73955 77679 
200510 823489 282451 361732 28822 298481 814409 817368 100274 944361 ,40958 42375 43108 44983 45813 48486 48526 49132 49274 49455 ,200510 823489 282451 361732 28822 298481 814409 817368 100274 944361 ,40958 42375 43108 44983 45813 48486 48526 49132 49274 49455 
836595 824461 337147 798131 14299 174713 509432 547228 183922 572842 ,52041 52100 52149 52780 53834 55520 55922 56677 56822 57303 ,836595 824461 337147 798131 14299 174713 509432 547228 183922 572842 ,52041 52100 52149 52780 53834 55520 55922 56677 56822 57303 
172121 435561 381568 499624 396491 394445 248580 597429 783747 261393 ,80612 88771 93578 103331 103397 108910 109354 111708 112228 112888 ,172121 435561 381568 499624 396491 394445 248580 597429 783747 261393 ,80612 88771 93578 103331 103397 108910 109354 111708 112228 112888 
147802 553739 205041 707226 185668 344369 980202 578681 233542 483336 ,82024 84571 91944 95557 97489 104467 107095 107968 110996 114563 ,147802 553739 205041 707226 185668 344369 980202 578681 233542 483336 ,82024 84571 91944 95557 97489 104467 107095 107968 110996 114563 
676331 855691 834210 62325 326017 705827 114144 965059 600477 698870 ,90536 96167 100250 100947 102160 103220 103580 107585 108927 110552 ,676331 855691 834210 62325 326017 705827 114144 965059 600477 698870 ,90536 96167 100250 100947 102160 103220 103580 107585 108927 110552 
725138 134799 362025 828538 553187 77580 62199 402578 553851 785745 ,64906 66190 68575 70313 70356 70366 70819 72390 73829 77667 ,725138 134799 362025 828538 553187 77580 62199 402578 785745 533065 ,64906 66190 68575 70313 70356 70366 70819 72390 77667 78273 
254830 481466 246532 237022 514615 716603 145352 554870 431103 672171 ,46302 49615 50483 52261 52324 53090 53572 54006 54193 54427 ,254830 481466 246532 237022 514615 716603 145352 431103 672171 539906 ,46302 49615 50483 52261 52324 53090 53572 54193 54427 54771 
998762 636647 341533 11495 818949 868328 914350 221439 31713 173087 ,100900 102602 104017 104090 105706 106952 107396 109231 109570 109859 ,998762 341533 818949 868328 914350 221439 31713 173087 178058 757208 ,100900 104017 105706 106952 107396 109231 109570 109859 109910 110455 
541227 134953 633506 555711 199451 246610 530061 721537 341765 470889 ,51993 55814 56896 57757 58782 59867 60198 62261 64194 64271 ,541227 134953 633506 555711 199451 246610 530061 721537 341765 470889 ,51993 55814 56896 57757 58782 59867 60198 62261 64194 64271 
235739 572925 256895 861508 175630 966928 109339 421421 200663 112260 ,65888 66243 67014 68345 70262 72324 74295 75619 76168 77220 ,235739 572925 256895 861508 175630 966928 109339 421421 200663 112260 ,65888 66243 67014 68345 70262 72324 74295 75619 76168 77220 
121006 714501 513831 452488 494415 316345 286496 82933 596651 403488 ,66618 70093 74026 76457 76938 80318 83429 85544 85952 86813 ,121006 714501 513831 452488 494415 286496 82933 596651 403488 3132 ,66618 70093 74026 76457 76938 83429 85544 85952 86813 87837 
254074 707628 143386 803695 246875 569768 158888 44513 975291 553571 ,26206 26445 31312 31606 31729 32116 32137 32426 32929 32989 ,254074 707628 143386 803695 246875 569768 158888 44513 975291 553571 ,26206 26445 31312 31606 31729 32116 32137 32426 32929 32989 
264780 493041 320327 504028 199929 178644 484453 240955 283031 435948 ,67658 71782 73223 74715 74906 77247 77622 78303 79018 79058 ,264780 493041 320327 504028 199929 178644 484453 240955 283031 435948 ,67658 71782 73223 74715 74906 77247 77622 78303 79018 79058 
706271 915928 274514 801463 174177 179664 944112 195617 486584 702305 ,87131 88097 88313 90841 92626 92650 92925 93070 93384 93430 ,706271 915928 274514 801463 174177 179664 944112 195617 486584 702305 ,87131 88097 88313 90841 92626 92650 92925 93070 93384 93430 
272254 928814 327798 937860 869046 598365 842269 856301 12838 541803 ,89190 92324 93354 94476 97771 98397 98506 98531 98827 99340 ,272254 928814 327798 937860 869046 598365 842269 856301 12838 541803 ,89190 92324 93354 94476 97771 98397 98506 98531 98827 99340 
891286 547587 158085 490412 694746 978528 912314 973207 75187 152019 ,47322 52315 53751 57017 58566 66466 67316 67937 68023 68760 ,891286 547587 158085 490412 694746 978528 912314 973207 75187 152019 ,47322 52315 53751 57017 58566 66466 67316 67937 68023 68760 
21749 873757 332481 562945 328347 727735 33364 14425 498907 991259 ,50131 53576 55697 57968 59616 60181 60819 61821 62162 62930 ,21749 873757 332481 562945 328347 727735 33364 14425 498907 991259 ,50131 53576 55697 57968 59616 60181 60819 61821 62162 62930 
802011 892444 223737 709773 124011 697236 778395 10751 26748 117487 ,41556 41980 42728 46812 50302 50862 51128 51169 51443 51982 ,802011 892444 223737 709773 124011 697236 778395 10751 26748 117487 ,41556 41980 42728 46812 50302 50862 51128 51169 51443 51982 
310050 901685 257442 16605 678309 127361 16842 233153 11333 150572 ,53593 55676 56226 56257 58291 59398 61716 62436 62809 63575 ,310050 901685 257442 16605 678309 16842 233153 11333 150572 40642 ,53593 55676 56226 56257 58291 61716 62436 62809 63575 63772 
319619 262126 143201 415655 698732 955432 515146 226346 237417 365326 ,54919 65366 69174 70221 71284 71520 73833 74323 75881 76202 ,319619 698732 237417 984547 525272 535787 457037 887599 407274 855226 ,54919 71284 75881 80347 81142 81767 81915 83353 83569 83760 
126073 307116 923786 692086 368023 939709 400735 895495 147490 110284 ,66809 75031 77364 77600 78449 78569 78816 79113 80079 80320 ,126073 307116 923786 368023 400735 895495 147490 110284 78303 308882 ,66809 75031 77364 78449 78816 79113 80079 80320 80541 80964 
603726 12368 49797 277234 315937 614134 507819 290524 868173 566953 ,76121 88752 91423 92736 95339 99193 99296 100594 100893 103804 ,603726 12368 49797 277234 315937 614134 507819 290524 868173 566953 ,76121 88752 91423 92736 95339 99193 99296 100594 100893 103804 
235015 912209 305960 452983 668758 323946 859986 453115 886111 299370 ,45128 48694 49315 49819 50077 50105 50112 50253 50517 50774 ,235015 912209 305960 452983 668758 323946 859986 453115 886111 299370 ,45128 48694 49315 49819 50077 50105 50112 50253 50517 50774 
801674 213324 910515 103891 410114 268167 593530 836442 499752 59336 ,47728 54461 58780 67206 67847 68344 68795 71275 71444 71712 ,801674 213324 910515 103891 410114 268167 593530 836442 499752 59336 ,47728 54461 58780 67206 67847 68344 68795 71275 71444 71712 
866490 688193 173875 65461 174101 388037 44602 526679 814926 220401 ,45525 46019 51105 53977 55560 55643 56187 56251 58553 58959 ,866490 688193 173875 65461 174101 388037 44602 526679 814926 220401 ,45525 46019 51105 53977 55560 55643 56187 56251 58553 58959 
208444 467584 433146 693047 307275 830409 695083 294833 849113 875645 ,61751 69845 70051 73100 74465 75362 75693 76400 76758 76889 ,208444 467584 433146 693047 307275 830409 695083 294833 849113 875645 ,61751 69845 70051 73100 74465 75362 75693 76400 76758 76889 
332426 106140 648948 497901 299037 383208 125455 35237 633060 48728 ,129009 129371 143523 143685 144973 147223 148293 148483 148511 150040 ,332426 299037 633060 66314 683703 334341 30944 73608 870549 851855 ,129009 144973 148511 152184 156414 159335 163676 164008 165030 165214 
597429 183580 116117 5323 41693 170263 967687 516259 469594 10637 ,61615 64248 65094 65174 66550 66891 68289 68378 68485 68837 ,597429 183580 116117 5323 41693 170263 967687 469594 10637 808957 ,61615 64248 65094 65174 66550 66891 68289 68485 68837 69116 
235239 861165 240553 361154 329169 785957 992131 333924 992691 546213 ,85585 91075 92040 92663 96352 97439 98222 98229 98654 98928 ,235239 861165 240553 361154 329169 785957 992131 333924 992691 546213 ,85585 91075 92040 92663 96352 97439 98222 98229 98654 98928 
946066 342742 159434 782021 760103 220907 660194 254638 834233 377661 ,82821 83447 85750 88086 91783 92174 92449 92464 93181 93323 ,946066 342742 159434 782021 760103 220907 254638 834233 377661 375443 ,82821 83447 85750 88086 91783 92174 92464 93181 93323 94215 
588880 763957 598562 203269 425639 897297 948462 480825 320028 793467 ,76280 79928 79947 80912 81120 84492 84805 84913 85051 86107 ,588880 763957 203269 425639 897297 948462 480825 320028 793467 600477 ,76280 79928 80912 81120 84492 84805 84913 85051 86107 86256 
625395 491077 626158 171646 170489 300656 915121 860074 250374 625813 ,58254 59230 59884 60762 66783 68757 69150 70853 71286 71474 ,625395 491077 626158 171646 170489 300656 915121 860074 250374 625813 ,58254 59230 59884 60762 66783 68757 69150 70853 71286 71474 
431574 437654 98565 464871 244750 129525 97604 116255 529386 771873 ,59878 72141 72292 73260 73534 74607 77072 77700 78601 78936 ,431574 437654 98565 464871 244750 129525 97604 116255 529386 771873 ,59878 72141 72292 73260 73534 74607 77072 77700 78601 78936 
959439 519843 46018 204156 99476 208798 451374 536529 536450 379740 ,42204 49133 49929 50100 50149 50292 51060 52823 54008 54371 ,959439 46018 204156 99476 208798 451374 536529 536450 379740 527497 ,42204 49929 50100 50149 50292 51060 52823 54008 54371 54724 
94120 810320 385779 303831 714631 508691 241320 509808 270470 608153 ,62685 70065 73772 76111 76256 78151 79024 82218 82294 82311 ,94120 810320 385779 714631 508691 241320 509808 270470 608153 183394 ,62685 70065 73772 76256 78151 79024 82218 82294 82311 82515 
330154 679860 277702 835057 277767 272762 618790 102850 574162 863457 ,55782 55864 58837 59200 61444 61611 61699 62355 62711 62728 ,679860 277702 835057 277767 272762 618790 102850 574162 863457 26722 ,55864 58837 59200 61444 61611 61699 62355 62711 62728 63981 
549144 440030 711602 730223 435685 882779 213844 328396 160515 488263 ,55241 60677 62295 63454 63822 63937 67251 67485 68130 69039 ,549144 440030 711602 730223 435685 882779 213844 328396 160515 488263 ,55241 60677 62295 63454 63822 63937 67251 67485 68130 69039 
341290 662430 354522 312392 630847 681013 67691 648885 281577 669114 ,42686 43755 49233 50247 53977 55306 58136 58417 58437 58581 ,341290 662430 354522 630847 681013 67691 648885 281577 669114 78442 ,42686 43755 49233 53977 55306 58136 58417 58437 58581 58771 
288760 244407 601108 944398 704516 949126 940209 804322 341980 166749 ,58670 66522 66833 67606 68171 68496 68517 68583 68671 70708 ,288760 244407 601108 944398 704516 949126 940209 804322 341980 166749 ,58670 66522 66833 67606 68171 68496 68517 68583 68671 70708 
978953 463453 521224 799199 170560 205872 83567 629156 818528 868237 ,70531 83078 87800 90138 90401 90923 91018 94768 94790 96517 ,978953 463453 521224 799199 170560 205872 83567 629156 818528 868237 ,70531 83078 87800 90138 90401 90923 91018 94768 94790 96517 
213079 545338 977328 453762 633092 545899 560998 442289 985640 881795 ,56084 58901 61724 62115 63070 63363 64872 65187 66321 66632 ,213079 545338 977328 453762 633092 545899 560998 442289 985640 881795 ,56084 58901 61724 62115 63070 63363 64872 65187 66321 66632 
926241 460376 283333 836702 583463 115010 936494 395822 606578 598146 ,73473 76744 77118 80374 82764 83143 83382 84860 85067 85680 ,926241 283333 583463 115010 395822 606578 598146 140047 396491 193010 ,73473 77118 82764 83143 84860 85067 85680 87209 88410 90171 
96693 611282 254415 216448 567160 369936 246982 525230 535557 781078 ,41421 45123 45255 46163 47368 48457 49364 49994 50049 50916 ,781078 413916 846618 676836 326545 910843 574274 157261 469986 424070 ,50916 53053 54143 55245 55991 56466 56497 57018 57628 58354 
926388 693779 688847 437752 580267 785811 193063 271879 947500 651697 ,54625 61626 63067 64304 64365 64950 65536 65536 66801 67236 ,926388 693779 688847 437752 580267 785811 193063 271879 947500 651697 ,54625 61626 63067 64304 64365 64950 65536 65536 66801 67236 
254986 407328 482167 483239 292119 515549 502300 789003 305131 211305 ,29947 30187 32443 32879 33307 33569 34005 34429 35259 35423 ,254986 407328 482167 483239 292119 515549 502300 789003 305131 211305 ,29947 30187 32443 32879 33307 33569 34005 34429 35259 35423 
608796 938603 169208 965897 903244 628155 765420 341372 865097 864649 ,64168 76661 80663 90254 90679 91542 92369 93059 94063 94081 ,608796 938603 169208 965897 903244 628155 765420 341372 865097 864649 ,64168 76661 80663 90254 90679 91542 92369 93059 94063 94081 
597547 398798 165419 744775 645372 371334 899109 375112 990816 84481 ,113073 119243 121707 127890 130088 131082 132778 133301 134797 134808 ,597547 398798 165419 744775 645372 371334 899109 375112 990816 84481 ,113073 119243 121707 127890 130088 131082 132778 133301 134797 134808 
876487 895600 177376 903927 555302 83329 837949 347025 572690 611680 ,52107 57550 64265 66550 70649 72733 72922 73372 74350 74539 ,876487 895600 177376 903927 555302 83329 837949 347025 572690 611680 ,52107 57550 64265 66550 70649 72733 72922 73372 74350 74539 
813410 893470 697151 830084 436114 578857 516677 719796 735464 272950 ,74456 77995 79520 81650 81897 82352 83064 84364 85121 85931 ,813410 893470 697151 830084 436114 578857 516677 719796 735464 272950 ,74456 77995 79520 81650 81897 82352 83064 84364 85121 85931 
167451 945944 629650 620574 735574 816662 903806 90795 503244 393765 ,69007 71466 74375 80394 80802 81322 84363 95260 96050 97844 ,167451 945944 629650 620574 735574 816662 903806 90795 503244 393765 ,69007 71466 74375 80394 80802 81322 84363 95260 96050 97844 
198995 635198 824287 671493 745069 28604 262629 809083 831322 101888 ,87899 89418 99499 99916 100491 102284 103840 103847 104189 105420 ,198995 635198 824287 671493 745069 28604 262629 809083 831322 101888 ,87899 89418 99499 99916 100491 102284 103840 103847 104189 105420 
958428 543276 50544 474711 648156 932870 828249 210385 164362 854318 ,45815 57739 60938 62023 64142 65999 67450 67684 67850 68919 ,958428 543276 50544 474711 648156 932870 828249 210385 164362 854318 ,45815 57739 60938 62023 64142 65999 67450 67684 67850 68919 
67778 272440 956609 236295 496342 324631 716847 453892 943190 413799 ,48905 50462 52042 53698 53722 54587 54897 54908 55065 55603 ,67778 272440 956609 236295 496342 324631 716847 453892 943190 413799 ,48905 50462 52042 53698 53722 54587 54897 54908 55065 55603 
666142 968778 214760 252777 661469 910075 85379 83736 884704 700442 ,85354 88218 92739 98720 103214 103289 103478 104234 105117 105560 ,666142 968778 214760 252777 661469 910075 85379 83736 884704 700442 ,85354 88218 92739 98720 103214 103289 103478 104234 105117 105560 
907944 996134 917166 908483 892660 778164 904934 709969 672502 787192 ,41168 49779 54211 55259 55507 56205 57718 58412 59333 59949 ,904934 271250 672417 996226 912875 617773 907143 198214 571837 778834 ,57718 60601 60757 62373 63157 70919 70927 72459 73633 79058 
293897 761529 369107 176650 951218 684819 161615 826016 957729 99040 ,44491 47545 47677 52563 55089 56077 57577 59654 59942 63771 ,293897 761529 369107 176650 951218 684819 161615 826016 957729 99040 ,44491 47545 47677 52563 55089 56077 57577 59654 59942 63771 
151503 293803 682233 127447 250960 180933 741008 448570 16350 512201 ,83413 83548 85956 89352 89548 90457 91649 91827 92565 94402 ,151503 293803 682233 127447 250960 180933 741008 448570 16350 512201 ,83413 83548 85956 89352 89548 90457 91649 91827 92565 94402 
589312 467413 548062 852889 526539 539497 973528 107874 323305 622630 ,55174 64031 69731 73218 73353 74726 76500 78824 79042 79077 ,589312 467413 548062 852889 526539 539497 973528 107874 323305 622630 ,55174 64031 69731 73218 73353 74726 76500 78824 79042 79077 
935044 178576 877241 965852 332537 461210 823862 241906 177535 11645 ,59436 63476 69752 70178 71992 72235 74884 76212 76549 76614 ,935044 178576 877241 965852 332537 461210 823862 241906 433770 534137 ,59436 63476 69752 70178 71992 72235 74884 76212 76617 76910 
244518 255306 122539 955596 24337 909140 533123 660893 965592 662401 ,49206 56558 58169 59462 59665 60557 60906 62249 62553 63885 ,244518 122539 955596 24337 909140 533123 660893 965592 662401 522592 ,49206 58169 59462 59665 60557 60906 62249 62553 63885 64879 
267895 901264 295595 539495 441688 988364 482243 795411 812606 891811 ,49034 50051 51066 52160 53491 54832 55035 55098 55313 55352 ,891811 332731 479286 156349 336536 341080 758616 753854 459376 233218 ,55352 57003 59719 63506 65053 68154 70121 71308 72511 76137 
44312 981769 801994 290769 910039 415121 236142 701866 796720 735189 ,38833 44514 46601 46651 47434 48570 49637 51564 52951 54878 ,44312 981769 801994 290769 910039 415121 236142 701866 796720 735189 ,38833 44514 46601 46651 47434 48570 49637 51564 52951 54878 
965411 80610 293093 44535 220010 432699 522311 547369 327002 286225 ,32669 34298 34554 35095 36289 36548 38787 39815 40347 40692 ,965411 80610 293093 44535 220010 432699 522311 547369 327002 286225 ,32669 34298 34554 35095 36289 36548 38787 39815 40347 40692 
629833 224844 517961 922787 749769 888625 481989 903705 227528 955520 ,39165 48435 51907 52679 52685 53680 54110 54800 55849 56155 ,629833 224844 517961 922787 749769 888625 227528 955520 506992 315658 ,39165 48435 51907 52679 52685 53680 55849 56155 56626 56910 
567725 10931 956292 116840 788046 579041 451201 652559 908332 370432 ,73457 75548 76874 77397 77590 77883 78099 78646 79161 79181 ,567725 10931 956292 116840 788046 579041 451201 652559 908332 370432 ,73457 75548 76874 77397 77590 77883 78099 78646 79161 79181 
401041 294346 429991 385744 313602 188865 823111 720814 130235 716915 ,53821 62966 64233 65111 65294 66209 68052 69257 69280 69715 ,401041 294346 429991 385744 313602 188865 823111 720814 130235 716915 ,53821 62966 64233 65111 65294 66209 68052 69257 69280 69715 
369936 363763 365402 781078 3236 246982 249536 130968 103912 103830 ,44984 45676 46344 47257 52663 53301 53458 54533 55120 55250 ,369936 363763 365402 781078 3236 246982 249536 130968 103912 103830 ,44984 45676 46344 47257 52663 53301 53458 54533 55120 55250 
262964 698478 230524 390187 294597 554870 871696 469759 342660 527344 ,76864 95836 115332 119416 132724 134169 149545 150255 158340 174222 ,262964 698478 230524 390187 294597 554870 871696 469759 342660 527344 ,76864 95836 115332 119416 132724 134169 149545 150255 158340 174222 
994312 457757 132674 151130 172047 139903 765606 549226 592126 242587 ,77979 78853 79962 80477 80892 84130 90694 99355 100327 100404 ,994312 457757 132674 151130 172047 139903 765606 549226 592126 242587 ,77979 78853 79962 80477 80892 84130 90694 99355 100327 100404 
771825 736921 529854 852352 840695 586745 138755 490641 458646 571571 ,66179 68834 69211 69423 69701 71520 71531 72056 72312 72313 ,852352 840695 586745 893913 430663 490174 694386 272305 219324 338145 ,69423 69701 71520 72608 73563 76469 77041 77563 77678 78090 
420736 254510 210931 309317 199445 922325 224777 665055 893539 773021 ,37175 45952 46430 46822 48213 48605 49342 50577 50620 50766 ,420736 254510 210931 309317 199445 922325 224777 665055 893539 773021 ,37175 45952 46430 46822 48213 48605 49342 50577 50620 50766 
22842 911494 854167 608771 911593 117507 545263 668040 642573 660204 ,26220 37782 42230 42818 42886 43089 43520 43801 43996 44371 ,22842 911494 854167 608771 911593 117507 545263 668040 642573 660204 ,26220 37782 42230 42818 42886 43089 43520 43801 43996 44371 
55534 909141 192940 416913 562181 477396 518674 547634 286598 81576 ,34517 35058 42659 45830 47440 49024 50385 50385 50760 51097 ,192940 416913 547634 518674 81576 155613 256803 524669 476740 561130 ,42659 45830 50385 50385 51097 52599 52710 54068 54257 55756 
854832 810078 980324 772015 675480 252680 56041 772038 349114 773142 ,28687 32316 33784 34369 34523 34887 34925 35272 35495 35644 ,854832 810078 980324 772015 675480 252680 56041 772038 349114 773142 ,28687 32316 33784 34369 34523 34887 34925 35272 35495 35644 
233425 31054 684235 773885 751858 722641 29884 244183 114337 491637 ,86868 87360 90098 91634 94541 94608 94819 95244 95588 96157 ,233425 31054 684235 773885 751858 29884 244183 114337 117511 622390 ,86868 87360 90098 91634 94541 94819 95244 95588 96489 96678 
870069 248949 527808 975887 150557 575253 155051 339277 637013 303886 ,24661 24742 24909 25868 26530 27187 27973 28283 28308 28722 ,975887 339277 303886 89201 10305 211494 505658 379453 508889 507001 ,25868 28283 28722 29150 29971 30583 30637 31310 31617 31667 
301849 727078 261403 258110 749898 946779 457867 749873 479887 345616 ,87758 90704 91775 91938 94327 95301 96058 96611 96729 96883 ,727078 261403 258110 749898 457867 749873 479887 345616 774313 893315 ,90704 91775 91938 94327 96058 96611 96729 96883 100081 103414 
946226 554331 486737 720604 420361 79027 233188 266677 883779 277574 ,76537 81019 91289 91506 91942 92799 93664 93849 96053 96243 ,946226 554331 486737 720604 420361 79027 233188 266677 277574 697801 ,76537 81019 91289 91506 91942 92799 93664 93849 96243 96334 
191403 220539 865567 152414 210541 188726 93363 501980 843104 84844 ,93025 104830 105657 105661 105837 106276 107874 108265 110801 111104 ,191403 220539 865567 152414 210541 188726 93363 501980 843104 84844 ,93025 104830 105657 105661 105837 106276 107874 108265 110801 111104 
430316 389930 477521 30791 615999 722979 297643 168903 924153 787961 ,41083 60733 76458 80313 88499 89456 93660 93836 94927 96252 ,430316 389930 477521 30791 615999 722979 297643 168903 924153 787961 ,41083 60733 76458 80313 88499 89456 93660 93836 94927 96252 
289875 425223 371013 661895 802548 320613 861099 337981 355454 699171 ,52026 58925 61564 62201 65955 67522 68503 69036 69847 70448 ,289875 425223 371013 802548 320613 861099 192237 394866 220753 593662 ,52026 58925 61564 65955 67522 68503 70709 72221 73864 74043 
978623 362495 482318 113678 481591 672364 961546 352230 515437 725101 ,94942 99081 102193 104508 105146 107272 108421 109257 113544 113867 ,978623 362495 482318 113678 481591 672364 961546 352230 515437 725101 ,94942 99081 102193 104508 105146 107272 108421 109257 113544 113867 
510833 311998 274960 296184 838981 749193 434847 470322 470369 231433 ,56316 57809 58604 62667 64962 66472 69877 70156 73457 73656 ,510833 311998 274960 296184 838981 749193 434847 470322 470369 231433 ,56316 57809 58604 62667 64962 66472 69877 70156 73457 73656 
461284 338104 386533 187652 901503 497804 507004 766333 910852 339118 ,48391 56841 59939 60230 61080 66381 67682 70904 71274 71983 ,461284 338104 386533 187652 901503 497804 507004 766333 910852 339118 ,48391 56841 59939 60230 61080 66381 67682 70904 71274 71983 
914032 251447 218515 965260 781026 886751 73478 388491 654453 787093 ,52570 58883 60714 61153 61333 62118 62455 62476 62755 63397 ,914032 251447 218515 965260 781026 886751 73478 388491 654453 787093 ,52570 58883 60714 61153 61333 62118 62455 62476 62755 63397 
344082 412490 797688 479699 695443 817625 481107 419474 18419 968048 ,47879 73485 76245 79128 83250 84732 84978 85391 85928 87757 ,344082 412490 797688 479699 695443 817625 481107 419474 18419 968048 ,47879 73485 76245 79128 83250 84732 84978 85391 85928 87757 
373565 380258 472731 103088 715365 910347 763920 471168 975552 469369 ,55738 92325 94658 94711 96072 98557 99014 100412 100516 106480 ,373565 380258 472731 103088 715365 910347 763920 471168 975552 469369 ,55738 92325 94658 94711 96072 98557 99014 100412 100516 106480 
655507 445536 446005 907510 446028 445103 666854 446049 445503 816931 ,8246 8369 8616 8650 8658 8777 9115 9121 9219 9281 ,655507 445536 446005 907510 446028 445103 666854 446049 445503 816931 ,8246 8369 8616 8650 8658 8777 9115 9121 9219 9281 
558026 39072 799865 556943 814344 827892 521200 38014 520831 387016 ,21934 23775 24088 27210 28995 31010 31161 31881 32366 33277 ,558026 39072 799865 556943 814344 827892 521200 38014 520831 387016 ,21934 23775 24088 27210 28995 31010 31161 31881 32366 33277 
280462 661676 83438 823563 42682 953639 814471 953040 468758 415490 ,18408 20931 21073 23150 23928 24488 24516 24903 25631 26227 ,83438 791407 468072 810578 123651 682725 862343 467579 46135 520837 ,21073 26349 28234 29791 31062 31647 31863 32180 32833 33199 
207189 913733 820584 477220 52435 479208 814471 49286 586548 768604 ,11432 16099 16407 18012 18073 18509 18984 20090 20288 20434 ,207189 913733 820584 477220 52435 479208 814471 49286 586548 768604 ,11432 16099 16407 18012 18073 18509 18984 20090 20288 20434 
373504 24777 993271 645781 380349 983678 380658 417502 896935 656086 ,10261 14672 17273 19635 20444 22016 22067 22213 22509 22820 ,645781 417502 714964 643069 571150 983937 381436 537011 761781 211859 ,19635 22213 25349 25538 27643 27817 28733 29395 29844 32493 
443515 445851 828291 190768 758954 755592 693806 536330 648608 446962 ,14795 15542 16376 16397 16555 17096 17503 17828 17879 18118 ,443515 445851 693806 113269 853445 886895 536590 620858 952642 755514 ,14795 15542 17503 18688 18766 19225 19709 19744 21159 21769 
448210 994107 906811 44990 895336 668069 43950 807458 877348 58184 ,12525 14636 15384 15426 17100 17422 17828 19773 19860 20393 ,448210 994107 906811 44990 895336 668069 43950 807458 877348 58184 ,12525 14636 15384 15426 17100 17422 17828 19773 19860 20393 
772844 991823 98649 764641 991200 848569 997035 831650 573076 373885 ,33702 45080 51259 51741 51946 54411 54954 55566 57687 57874 ,772844 991823 98649 764641 991200 848569 997035 831650 573076 373885 ,33702 45080 51259 51741 51946 54411 54954 55566 57687 57874 
192076 854617 826789 756659 709222 445709 846063 614028 254146 986350 ,22110 29526 31496 33507 33967 34132 35339 35357 35827 36670 ,192076 854617 826789 756659 709222 445709 846063 614028 254146 986350 ,22110 29526 31496 33507 33967 34132 35339 35357 35827 36670 
232170 637447 952112 638140 774653 346444 798376 878366 374351 794470 ,44572 59361 78967 84531 88952 100072 104423 106457 108852 108956 ,232170 637447 952112 638140 774653 346444 798376 878366 374351 113165 ,44572 59361 78967 84531 88952 100072 104423 106457 108852 110364 
568974 587516 408144 766441 841453 568981 86564 134411 721625 313275 ,50902 55309 56581 60046 67814 74611 77038 77800 79200 79606 ,568974 587516 408144 766441 841453 568981 86564 134411 721625 888875 ,50902 55309 56581 60046 67814 74611 77038 77800 79200 82533 
828600 478081 903687 907490 532313 735579 973326 216500 81088 471428 ,55298 66542 66829 73326 74279 74936 75496 75707 78265 78632 ,828600 478081 903687 907490 532313 735579 973326 216500 81088 471428 ,55298 66542 66829 73326 74279 74936 75496 75707 78265 78632 
772790 447070 952977 673398 539828 764138 606686 44289 768214 811321 ,16954 20730 21372 21623 21652 22736 23421 24418 24767 24989 ,772790 447070 952977 673398 539828 764138 606686 44289 768214 811321 ,16954 20730 21372 21623 21652 22736 23421 24418 24767 24989 
533781 932150 191917 850556 562511 807987 855328 507418 433973 778488 ,72668 74608 82502 84478 85867 90180 95422 95753 99387 100548 ,533781 932150 191917 850556 562511 807987 855328 507418 433973 778488 ,72668 74608 82502 84478 85867 90180 95422 95753 99387 100548 
404706 784667 992784 993527 618505 862672 837580 840292 789855 992281 ,38120 44857 45442 46496 49800 50539 52078 52175 52478 52990 ,404706 784667 992784 993527 618505 862672 837580 840292 789855 992281 ,38120 44857 45442 46496 49800 50539 52078 52175 52478 52990 
835811 611637 853467 835696 544387 963240 611612 675378 834270 191264 ,14196 15470 16184 16346 16842 17419 17898 17922 18402 18450 ,611637 653935 24884 109986 447666 544466 654246 513218 987963 612225 ,15470 19388 20312 20585 20983 21080 21318 21478 21645 21844 
42233 41004 542037 571526 880149 39534 425232 39297 560788 448346 ,13795 14400 15421 16428 16945 17019 17113 17348 17555 17618 ,42233 41004 542037 571526 880149 39534 425232 39297 560788 448346 ,13795 14400 15421 16428 16945 17019 17113 17348 17555 17618 
15160 485350 659592 934716 915526 766080 895365 856924 716305 632337 ,46874 49647 55790 58660 60673 61979 62016 63605 64154 65308 ,15160 485350 659592 934716 915526 766080 895365 856924 716305 632337 ,46874 49647 55790 58660 60673 61979 62016 63605 64154 65308 
954483 622000 835916 293947 413705 357733 836059 853475 772540 174058 ,63794 71296 72879 73350 73523 74180 78234 79735 80061 80370 ,954483 622000 835916 293947 413705 357733 836059 853475 772540 174058 ,63794 71296 72879 73350 73523 74180 78234 79735 80061 80370 
685087 678591 915582 764599 834326 576421 759753 625587 119649 205613 ,82133 82267 85823 96920 104067 105110 105858 107310 109839 111188 ,685087 678591 915582 764599 834326 576421 759753 625587 119649 205613 ,82133 82267 85823 96920 104067 105110 105858 107310 109839 111188 
847124 39765 416423 543930 45660 385811 809175 959208 888831 478931 ,71642 74287 77000 79212 80959 85075 93866 97430 98499 100220 ,847124 39765 416423 543930 45660 385811 809175 959208 888831 478931 ,71642 74287 77000 79212 80959 85075 93866 97430 98499 100220 
544172 772186 757177 248546 247104 143641 535595 374814 795185 374058 ,13402 13735 14239 14812 14868 14943 15615 15764 15839 16062 ,544172 772186 757177 248546 247104 143641 535595 374814 795185 374058 ,13402 13735 14239 14812 14868 14943 15615 15764 15839 16062 
405518 632460 878367 830837 616883 598371 919827 471488 247049 675346 ,44035 49145 56082 62007 62797 63195 63195 63576 64763 69495 ,405518 632460 878367 830837 616883 598371 919827 471488 247049 675346 ,44035 49145 56082 62007 62797 63195 63195 63576 64763 69495 
481172 225330 859316 921021 985694 731922 223644 791365 964032 400559 ,49322 49964 50183 51319 56327 57307 58251 58324 59090 59527 ,481172 225330 859316 921021 985694 731922 223644 791365 964032 400559 ,49322 49964 50183 51319 56327 57307 58251 58324 59090 59527 
29625 186380 837684 196243 873220 186553 841784 559161 539414 444620 ,47641 55942 58271 58389 60474 61351 62519 63064 63534 63604 ,29625 186380 837684 196243 873220 186553 841784 559161 539414 444620 ,47641 55942 58271 58389 60474 61351 62519 63064 63534 63604 
948311 790727 719330 433827 520143 449117 200062 689911 709136 326197 ,66583 68016 72206 72248 74252 74738 77597 77768 78019 79649 ,948311 790727 719330 433827 520143 449117 200062 689911 709136 326197 ,66583 68016 72206 72248 74252 74738 77597 77768 78019 79649 
634874 214580 102169 208681 208258 634951 985694 448402 921021 62781 ,28220 28825 36942 37719 40449 40596 41395 41549 41721 43340 ,634874 214580 102169 208681 208258 634951 985694 448402 921021 62781 ,28220 28825 36942 37719 40449 40596 41395 41549 41721 43340 
520436 753898 931739 870503 876350 562308 851980 16230 319395 753961 ,57591 59308 59309 59601 61386 61670 61815 61837 62082 63306 ,753898 876350 16230 753961 68885 192077 857057 969917 933756 410070 ,59308 61386 61837 63306 64708 66047 66314 68703 69282 69498 
909784 979231 979215 419812 903927 273511 83329 83357 424278 458123 ,43367 47386 48122 52130 57827 58008 58688 60097 61354 62130 ,909784 979231 979215 419812 903927 273511 83329 83357 424278 458123 ,43367 47386 48122 52130 57827 58008 58688 60097 61354 62130 
673367 877666 578043 603679 114022 786377 969509 955085 509335 954777 ,103099 160664 162435 165004 181512 181694 183522 186193 192373 193313 ,673367 877666 578043 603679 114022 786377 969509 955085 509335 954777 ,103099 160664 162435 165004 181512 181694 183522 186193 192373 193313 
47770 303133 132800 218833 969377 839142 895044 8999 766067 688054 ,79392 101260 102045 106165 111549 113493 115161 119733 120132 120389 ,47770 303133 132800 218833 969377 839142 895044 8999 766067 688054 ,79392 101260 102045 106165 111549 113493 115161 119733 120132 120389 
834118 204334 36125 480293 889725 841312 406675 997335 487130 100329 ,35669 39411 40371 41681 41838 42728 43590 43883 44623 44737 ,100329 568277 997354 645381 202078 183362 36400 670697 561160 51639 ,44737 45648 46267 46727 46821 47497 47542 47921 49541 49648 
479207 42678 953173 633604 655247 446194 599853 446957 227169 39167 ,37681 43958 44042 46014 46273 47042 47263 48396 48917 49195 ,479207 42678 953173 633604 655247 446194 599853 446957 227169 39167 ,37681 43958 44042 46014 46273 47042 47263 48396 48917 49195 
14963 871821 504110 728950 688242 986377 260253 867597 754416 808925 ,81759 87768 87825 90236 90611 93389 97078 97487 98126 98334 ,14963 871821 504110 728950 688242 986377 260253 867597 754416 808925 ,81759 87768 87825 90236 90611 93389 97078 97487 98126 98334 
743055 537513 419675 537923 9378 38559 424597 538982 359978 791479 ,40200 49792 52218 54396 54524 54838 55742 57290 57979 60247 ,743055 537513 419675 537923 9378 38559 424597 538982 359978 791479 ,40200 49792 52218 54396 54524 54838 55742 57290 57979 60247 
609874 101624 820658 172317 604582 689246 742690 656698 352261 22328 ,26058 76358 78140 85560 97126 101706 110323 111617 116017 116619 ,609874 101624 820658 172317 604582 689246 742690 656698 352261 22328 ,26058 76358 78140 85560 97126 101706 110323 111617 116017 116619 
471140 815996 680128 44917 627897 695182 514204 604559 747715 591775 ,49023 69265 72481 72513 73302 73826 74752 76379 77102 79560 ,471140 815996 680128 44917 627897 695182 514204 604559 747715 591775 ,49023 69265 72481 72513 73302 73826 74752 76379 77102 79560 
649539 667446 437378 203413 969865 566872 292380 737223 400729 465051 ,60057 60088 61914 66470 66716 69096 69698 70024 75262 75690 ,649539 667446 437378 203413 969865 566872 292380 737223 400729 465051 ,60057 60088 61914 66470 66716 69096 69698 70024 75262 75690 
307357 641815 269942 852898 410659 334793 687868 502044 521797 471584 ,47221 47642 60562 62357 64101 64167 71923 72073 78116 78823 ,307357 641815 269942 852898 410659 334793 687868 502044 521797 471584 ,47221 47642 60562 62357 64101 64167 71923 72073 78116 78823 
670652 740238 937973 906300 557497 339946 985704 907805 911885 818092 ,57863 64408 65687 67194 67717 68267 70262 70264 70493 72809 ,670652 740238 937973 906300 557497 339946 985704 907805 911885 818092 ,57863 64408 65687 67194 67717 68267 70262 70264 70493 72809 
205131 532380 278192 50500 926891 48850 942700 982323 530436 719059 ,59741 62603 66699 68252 68384 68400 68407 69347 69388 70363 ,205131 532380 278192 50500 926891 942700 982323 530436 719059 850201 ,59741 62603 66699 68252 68384 68407 69347 69388 70363 71288 
560773 668300 541541 996848 38238 38403 39534 39219 121650 668823 ,24485 24555 25575 26383 28255 29243 30627 31401 31909 32550 ,560773 668300 541541 996848 38238 38403 39534 39219 121650 668823 ,24485 24555 25575 26383 28255 29243 30627 31401 31909 32550 
688322 712589 792367 410586 814844 814647 849957 50966 700408 216460 ,21928 27531 33221 35225 37565 37592 40530 41068 43524 45344 ,56363 762839 45172 95960 981963 212599 807613 52209 24586 187386 ,49556 56654 60303 61477 61677 64999 65377 66545 68284 68847 
361833 811571 514163 326463 173073 292295 986203 449893 514815 627816 ,62773 65732 67936 68197 70547 70747 71400 71873 72682 72915 ,361833 811571 514163 326463 173073 292295 986203 449893 514815 627816 ,62773 65732 67936 68197 70547 70747 71400 71873 72682 72915 
646567 48874 994650 774566 962172 912327 423551 649755 645784 775153 ,50074 66579 68375 69988 76384 79669 79975 80736 80776 81291 ,646567 994650 774566 962172 912327 649755 645784 775153 879557 676535 ,50074 68375 69988 76384 79669 80736 80776 81291 83031 83919 
956244 119677 241013 673709 303974 231890 511149 561416 643519 646882 ,43184 50180 56283 66165 67697 68117 70576 73817 75586 78043 ,956244 119677 241013 673709 303974 231890 511149 561416 643519 646882 ,43184 50180 56283 66165 67697 68117 70576 73817 75586 78043 
983896 758022 489774 504507 497336 995614 424689 311004 948775 419680 ,89168 92533 93701 95253 95802 99442 100723 102522 107845 108159 ,983896 758022 489774 504507 497336 995614 424689 311004 948775 419680 ,89168 92533 93701 95253 95802 99442 100723 102522 107845 108159 
138257 124896 54023 109762 687733 414763 548929 490720 505525 468716 ,121921 133229 139564 139852 142547 144163 144256 150016 152242 152752 ,138257 124896 54023 109762 687733 414763 548929 490720 505525 468716 ,121921 133229 139564 139852 142547 144163 144256 150016 152242 152752 
424152 8266 810466 578224 770276 617510 54492 904969 910066 799957 ,41346 43359 45443 50813 51135 51738 53290 54305 57257 57386 ,424152 8266 810466 578224 770276 617510 54492 904969 910066 837490 ,41346 43359 45443 50813 51135 51738 53290 54305 57257 57809 
474079 427358 869770 470965 758438 50212 637696 571680 588601 41024 ,69046 70673 72767 73580 74016 74221 74326 74947 75914 77264 ,474079 427358 869770 470965 758438 50212 637696 571680 588601 41024 ,69046 70673 72767 73580 74016 74221 74326 74947 75914 77264 
809187 615839 20977 531921 566495 285492 51164 561108 754671 631113 ,59660 66578 67003 68523 70389 70445 71007 71631 71926 72013 ,809187 615839 531921 566495 285492 51164 561108 754671 631113 404991 ,59660 66578 68523 70389 70445 71007 71631 71926 72013 72271 
872212 981327 66964 35653 328143 934942 753709 754326 814596 276133 ,73814 84034 84958 85195 88262 88732 89238 89371 89818 89902 ,66964 35653 328143 934942 753709 814596 276133 439758 415625 36474 ,84958 85195 88262 88732 89238 89818 89902 91066 91266 92163 
404438 754136 259622 681917 6384 378962 499736 57842 14821 272295 ,54249 59945 60168 60633 62478 62974 63652 63850 64233 65768 ,404438 754136 259622 681917 6384 378962 499736 57842 14821 272295 ,54249 59945 60168 60633 62478 62974 63652 63850 64233 65768 
466601 373612 409472 888247 467513 55654 348000 499905 412395 689156 ,57921 71917 80670 85120 89503 90910 92398 94225 94405 94508 ,466601 373612 409472 888247 467513 55654 348000 499905 412395 689156 ,57921 71917 80670 85120 89503 90910 92398 94225 94405 94508 
518134 140385 94485 953323 363373 607688 528524 95977 151822 663283 ,22055 23727 28856 29463 29919 31108 31723 32046 32868 33670 ,518134 140385 94485 953323 363373 607688 528524 95977 151822 663283 ,22055 23727 28856 29463 29919 31108 31723 32046 32868 33670 
321639 430455 261875 517912 305027 312839 321641 365407 516651 316653 ,18982 21683 22794 23028 23250 23495 24520 25285 25871 26111 ,321639 430455 261875 517912 305027 312839 321641 365407 516651 316653 ,18982 21683 22794 23028 23250 23495 24520 25285 25871 26111 
846420 164350 355587 812491 567418 908929 854636 377915 783217 846766 ,59820 61227 63591 64802 65837 66941 67895 68332 68954 69765 ,846420 164350 812491 567418 908929 854636 377915 783217 846766 398898 ,59820 61227 64802 65837 66941 67895 68332 68954 69765 70015 
929815 680570 843207 942662 222442 161179 225062 261244 22322 268137 ,41370 49081 53136 55017 55336 55896 56188 57628 58752 58824 ,929815 680570 843207 942662 222442 161179 225062 261244 22322 268137 ,41370 49081 53136 55017 55336 55896 56188 57628 58752 58824 
143074 495955 292903 173015 684559 698478 30791 27193 311686 229136 ,83818 95812 98807 100825 101691 102762 104075 105420 105721 106558 ,143074 495955 292903 173015 684559 698478 30791 27193 311686 229136 ,83818 95812 98807 100825 101691 102762 104075 105420 105721 106558 
796820 169290 107263 280964 711980 437535 753304 729624 332543 37368 ,91736 98274 98527 101425 103739 104308 104499 104901 105727 106406 ,796820 169290 280964 711980 437535 37368 6552 68026 346298 169404 ,91736 98274 101425 103739 104308 106406 106617 106682 106983 107347 
165416 185722 753179 474062 773582 936165 483092 463525 946176 881975 ,74429 79596 80111 81878 82202 83082 83522 84138 85310 86450 ,165416 185722 753179 474062 773582 936165 483092 463525 946176 881975 ,74429 79596 80111 81878 82202 83082 83522 84138 85310 86450 
626893 638257 642884 897134 644505 768845 401191 789070 905853 910242 ,51073 56203 64329 65242 67381 71085 72483 74144 75235 76985 ,626893 638257 642884 897134 644505 768845 401191 789070 905853 910242 ,51073 56203 64329 65242 67381 71085 72483 74144 75235 76985 
859932 824160 752773 484733 774684 474237 330719 478353 511579 739380 ,101185 104501 114318 114506 117576 117960 119457 121641 123018 123702 ,859932 824160 752773 484733 774684 474237 330719 478353 511579 739380 ,101185 104501 114318 114506 117576 117960 119457 121641 123018 123702 
826818 49667 577719 697646 470218 593187 499727 316646 321276 60397 ,49446 51107 51745 51785 52468 54303 56997 57213 57488 59818 ,826818 49667 577719 697646 470218 593187 499727 316646 321276 60397 ,49446 51107 51745 51785 52468 54303 56997 57213 57488 59818 
622356 437351 359175 886734 748362 425717 425721 816864 664101 485337 ,59110 62712 63122 63884 64866 65771 66494 66649 67962 68206 ,622356 437351 359175 886734 748362 425717 425721 664101 485337 362361 ,59110 62712 63122 63884 64866 65771 66494 67962 68206 68223 
598428 181843 419634 151491 831838 377286 300238 595459 942056 421263 ,44923 45635 46904 48691 50059 50276 52160 52333 52885 53188 ,598428 831838 377286 300238 595459 631159 989671 943781 534775 224244 ,44923 50059 50276 52160 52333 53733 54578 55163 55187 55290 
833079 23826 25792 924822 20769 247417 385767 22451 522062 134323 ,67232 69961 70558 85217 85642 86366 88826 90258 90894 91900 ,833079 23826 25792 924822 20769 247417 385767 22451 522062 134323 ,67232 69961 70558 85217 85642 86366 88826 90258 90894 91900 
478840 809233 988071 435336 312613 282236 192547 271363 270362 719844 ,59482 60217 62021 62762 65019 65122 65544 65544 66588 66783 ,478840 809233 988071 435336 312613 282236 192547 271363 270362 719844 ,59482 60217 62021 62762 65019 65122 65544 65544 66588 66783 
807643 769680 56839 46897 856475 820658 788106 328069 647280 140388 ,61713 62702 74057 80469 110113 110469 113469 121818 123245 123702 ,807643 769680 56839 46897 856475 820658 788106 328069 647280 140388 ,61713 62702 74057 80469 110113 110469 113469 121818 123245 123702 
304186 325167 650643 590605 417240 609069 956663 908342 656273 91873 ,58999 60153 63177 63844 63911 64131 64563 65062 65758 66001 ,304186 325167 650643 417240 609069 956663 908342 656273 220164 635556 ,58999 60153 63177 63911 64131 64563 65062 65758 66261 66951 
978045 722398 388106 637490 80802 920942 228585 689303 16782 535070 ,47015 52292 53190 54490 57443 60334 62249 63098 63291 63944 ,978045 722398 388106 637490 80802 920942 228585 689303 16782 535070 ,47015 52292 53190 54490 57443 60334 62249 63098 63291 63944 
324211 529403 865519 531719 144973 579169 876838 271420 804519 398944 ,59385 63195 66727 66974 68791 69096 69133 69449 69660 69821 ,324211 529403 865519 531719 144973 579169 876838 271420 804519 398944 ,59385 63195 66727 66974 68791 69096 69133 69449 69660 69821 
401822 581440 699995 169077 518902 174172 696635 791505 810592 389986 ,64219 73496 75168 76613 77187 77650 78955 79610 81038 81115 ,401822 581440 699995 169077 518902 174172 696635 791505 810592 389986 ,64219 73496 75168 76613 77187 77650 78955 79610 81038 81115 
547282 352870 437591 536709 720792 246499 408657 903450 451482 533112 ,38085 42003 42693 43553 44149 49566 50019 50670 51738 53910 ,547282 246499 408657 903450 451482 533112 580887 771963 738764 610359 ,38085 49566 50019 50670 51738 53910 55745 55785 55843 56189 
453883 525840 974052 779266 144593 423269 817449 454083 445665 511524 ,27913 30668 33698 34145 35752 35977 36158 36283 36320 37353 ,453883 525840 974052 779266 144593 817449 454083 445665 511524 410080 ,27913 30668 33698 34145 35752 36158 36283 36320 37353 37421 
862992 981250 315449 844246 975213 985302 203309 978140 989305 935837 ,63968 82174 82490 83618 84889 86317 88686 93601 93683 95577 ,862992 981250 315449 844246 975213 985302 203309 978140 989305 935837 ,63968 82174 82490 83618 84889 86317 88686 93601 93683 95577 
240803 70283 239736 537628 728061 529072 233799 560389 79570 451458 ,29643 32836 35990 37167 37171 37905 37912 38058 39030 39282 ,240803 70283 239736 537628 233799 560389 79570 451458 538350 518996 ,29643 32836 35990 37167 37912 38058 39030 39282 39480 39564 
381784 832933 423017 566492 175628 929123 305257 970004 613872 431068 ,45837 48040 51921 52975 53845 55095 55428 56186 56192 56298 ,381784 832933 423017 566492 175628 929123 305257 970004 613872 431068 ,45837 48040 51921 52975 53845 55095 55428 56186 56192 56298 
895068 470316 275384 841184 297804 449385 781359 691799 698368 217584 ,66624 67602 73031 73207 73772 75105 75160 76067 76212 76426 ,895068 470316 275384 841184 297804 449385 781359 691799 698368 217584 ,66624 67602 73031 73207 73772 75105 75160 76067 76212 76426 
828332 55200 918159 834082 695047 56717 199997 519855 435108 955003 ,52025 54523 55052 55160 55418 55792 56187 56286 56479 56552 ,828332 55200 918159 834082 695047 56717 199997 519855 435108 955003 ,52025 54523 55052 55160 55418 55792 56187 56286 56479 56552 
584452 508744 892264 814709 407278 563196 520919 475332 505741 803441 ,71898 74494 86787 89176 91551 92731 94431 94765 98299 99014 ,584452 508744 892264 814709 407278 563196 520919 475332 505741 803441 ,71898 74494 86787 89176 91551 92731 94431 94765 98299 99014 
925166 758487 227234 4138 971167 947585 943073 683331 718822 486223 ,69685 72592 73965 85345 88949 89387 91203 91965 93639 95193 ,925166 758487 227234 4138 971167 947585 943073 683331 718822 486223 ,69685 72592 73965 85345 88949 89387 91203 91965 93639 95193 
784775 893418 794992 422849 429476 158377 748101 443530 355420 822232 ,21550 33096 33600 34539 35164 35252 35721 39059 39568 39782 ,784775 893418 794992 422849 429476 158377 748101 443530 355420 822232 ,21550 33096 33600 34539 35164 35252 35721 39059 39568 39782 
15411 393441 81758 399898 64711 105343 706838 312270 261099 15878 ,48283 56945 60750 60899 61885 62178 62778 63204 63997 65846 ,15411 393441 81758 399898 64711 105343 706838 312270 261099 15878 ,48283 56945 60750 60899 61885 62178 62778 63204 63997 65846 
900107 899509 382589 657428 656977 657750 37983 422397 922834 24434 ,32744 33971 34643 38509 39069 39614 39742 40742 41155 41186 ,900107 899509 382589 657428 656977 657750 422397 922834 24434 668928 ,32744 33971 34643 38509 39069 39614 40742 41155 41186 41551 
46236 204546 389930 332869 385864 772195 567359 329385 528918 281003 ,107887 108607 111919 113451 131728 132104 163033 173842 189052 191685 ,46236 204546 389930 332869 385864 772195 567359 329385 528918 281003 ,107887 108607 111919 113451 131728 132104 163033 173842 189052 191685 
79570 736264 636403 685639 365450 262002 235039 94967 323587 559550 ,35825 40152 40401 40576 41712 43633 43764 43846 43966 44686 ,79570 736264 636403 685639 365450 262002 235039 94967 323587 559550 ,35825 40152 40401 40576 41712 43633 43764 43846 43966 44686 
646194 721635 812278 617829 940532 925766 789366 812243 465255 911682 ,36779 47035 49288 53648 54479 56737 57004 57799 59056 59131 ,646194 721635 812278 617829 940532 925766 789366 812243 465255 911682 ,36779 47035 49288 53648 54479 56737 57004 57799 59056 59131 
386015 386514 755650 974738 386656 588166 989585 754608 414022 5664 ,41586 43059 65037 67157 74322 74586 75709 76172 79670 79784 ,386015 386514 755650 974738 386656 588166 989585 754608 414022 5664 ,41586 43059 65037 67157 74322 74586 75709 76172 79670 79784 
850624 566254 566280 131417 558695 373460 130922 535557 423557 151664 ,7098 7372 7587 7879 8062 8233 8386 8401 8505 8623 ,850624 566280 558695 373460 535557 423557 151664 423904 518583 914849 ,7098 7587 8062 8233 8401 8505 8623 9615 9833 10261 
131746 515404 210561 122766 717306 784990 905723 953111 261234 934659 ,32217 33029 33220 35011 35462 36228 36228 36943 37608 39121 ,131746 515404 210561 122766 717306 905723 784990 953111 261234 934659 ,32217 33029 33220 35011 35462 36228 36228 36943 37608 39121 
897172 954600 996268 654009 400920 998365 847918 102383 596838 924833 ,40500 49323 55484 60747 67829 78883 78897 83527 83931 86469 ,897172 954600 996268 654009 400920 998365 847918 102383 596838 924833 ,40500 49323 55484 60747 67829 78883 78897 83527 83931 86469 
749512 910893 854488 716812 277540 544716 647410 717160 967533 676674 ,57463 63898 66439 66954 70469 70528 71166 71948 72687 73083 ,749512 910893 854488 716812 277540 544716 647410 717160 676674 995139 ,57463 63898 66439 66954 70469 70528 71166 71948 73083 73299 
909076 716608 647146 641013 891561 869194 384755 759966 640009 380617 ,53086 56822 57702 67533 68216 69644 70109 70259 70705 71607 ,909076 716608 647146 641013 891561 869194 384755 759966 640009 380617 ,53086 56822 57702 67533 68216 69644 70109 70259 70705 71607 
539649 769027 641674 901162 891569 209968 606355 554157 641995 897895 ,31672 33191 35184 37054 38029 40426 42394 44383 46029 47322 ,539649 769027 641674 901162 891569 209968 606355 641995 897895 546884 ,31672 33191 35184 37054 38029 40426 42394 46029 47322 48997 
517586 914992 806764 427368 653412 540688 897193 531615 730523 279042 ,70791 70940 76671 77123 77421 77832 79136 79778 80824 81025 ,517586 914992 806764 427368 653412 540688 897193 531615 730523 279042 ,70791 70940 76671 77123 77421 77832 79136 79778 80824 81025 
429928 554301 161890 372224 370751 423296 130849 384812 492557 560813 ,46585 50477 51948 53148 53249 53788 54193 54368 54996 55424 ,429928 554301 161890 372224 370751 423296 130849 384812 492557 560813 ,46585 50477 51948 53148 53249 53788 54193 54368 54996 55424 
385689 972687 287709 416619 345733 636335 199292 630095 210204 855611 ,63747 82495 85981 86058 86977 89024 89405 90020 91130 91781 ,385689 972687 287709 416619 345733 636335 199292 630095 210204 855611 ,63747 82495 85981 86058 86977 89024 89405 90020 91130 91781 
823099 240144 61157 832973 444210 476831 594239 129660 594646 454313 ,41098 43462 45557 47945 48347 49034 49370 50031 50931 51929 ,823099 240144 61157 832973 444210 476831 594239 129660 594646 454313 ,41098 43462 45557 47945 48347 49034 49370 50031 50931 51929 
865734 874263 988085 956811 472212 705591 874353 886101 957209 522259 ,41070 43503 45804 45974 49739 51414 52231 52279 52795 54361 ,865734 874263 988085 956811 472212 705591 874353 886101 957209 522259 ,41070 43503 45804 45974 49739 51414 52231 52279 52795 54361 
482276 481771 563127 523189 250243 306838 730303 203858 815794 171478 ,47958 52494 62204 67993 69728 71590 71792 72034 72362 73702 ,482276 481771 563127 523189 250243 306838 730303 203858 815794 171478 ,47958 52494 62204 67993 69728 71590 71792 72034 72362 73702 
291815 728633 841680 120882 118279 790656 144453 131064 729520 769247 ,50356 50724 54542 54809 55530 55610 59032 59050 60868 60961 ,291815 728633 841680 120882 118279 790656 144453 131064 729520 769247 ,50356 50724 54542 54809 55530 55610 59032 59050 60868 60961 
870157 196326 662466 822738 532607 904790 18444 319067 475259 50873 ,75125 80360 84868 86219 87688 90058 90464 92289 92647 92776 ,870157 196326 662466 822738 532607 904790 18444 319067 475259 50873 ,75125 80360 84868 86219 87688 90058 90464 92289 92647 92776 
593300 99594 634442 797490 867052 199386 481039 99909 658781 840954 ,50813 53883 54184 55032 55950 57380 57664 58486 61061 61968 ,593300 99594 634442 797490 867052 199386 481039 99909 658781 840954 ,50813 53883 54184 55032 55950 57380 57664 58486 61061 61968 
942417 66564 994653 32903 373004 893771 961729 437774 384454 534954 ,52343 54217 59848 65121 67479 67990 68431 69145 69202 69514 ,942417 66564 994653 32903 373004 893771 961729 437774 384454 534954 ,52343 54217 59848 65121 67479 67990 68431 69145 69202 69514 
375252 758408 677627 676368 758508 676574 676162 620386 817891 333539 ,47948 48803 52865 57957 59071 60886 60943 62568 62649 62712 ,375252 758408 677627 676368 758508 676574 676162 620386 817891 756997 ,47948 48803 52865 57957 59071 60886 60943 62568 62649 63410 
520877 946044 627758 550782 64887 274197 32352 871209 175972 272156 ,107612 143328 146728 147454 154238 156731 158529 168197 175660 177207 ,520877 946044 627758 550782 64887 274197 32352 871209 175972 272156 ,107612 143328 146728 147454 154238 156731 158529 168197 175660 177207 
690159 803287 863642 119397 213288 565974 756317 621802 771490 747043 ,61500 69075 74341 77568 78074 78780 78881 81841 83615 85407 ,690159 803287 863642 119397 213288 565974 756317 621802 771490 747043 ,61500 69075 74341 77568 78074 78780 78881 81841 83615 85407 
456337 683966 906995 578598 901650 286216 380450 52336 24572 732713 ,23806 24312 30748 31129 31910 32517 32934 33915 35563 36537 ,456337 683966 906995 578598 901650 286216 380450 52336 24572 732713 ,23806 24312 30748 31129 31910 32517 32934 33915 35563 36537 
464274 643481 642498 820497 373567 657853 558417 53518 423557 820569 ,15867 22963 23222 23757 24476 25830 26885 27086 27176 27292 ,642498 820497 373567 657853 558417 53518 423557 820569 101689 793328 ,23222 23757 24476 25830 26885 27086 27176 27292 27361 27637 
743616 594924 77848 450451 201687 881863 62893 394089 357848 434873 ,118775 128475 133831 141048 152383 154740 156615 160897 162498 164474 ,743616 594924 77848 450451 201687 881863 62893 394089 357848 434873 ,118775 128475 133831 141048 152383 154740 156615 160897 162498 164474 
83633 486167 186737 619149 73106 899305 867561 767506 899179 678110 ,80246 84466 85019 85057 85657 85899 88188 90271 90653 90837 ,83633 486167 186737 73106 899305 867561 767506 899179 678110 973982 ,80246 84466 85019 85657 85899 88188 90271 90653 90837 91006 
616229 363330 483560 601114 510711 445357 526312 965662 83908 214578 ,116035 123047 125539 127287 127351 128408 129095 134391 135407 137493 ,616229 363330 483560 601114 510711 445357 526312 965662 83908 214578 ,116035 123047 125539 127287 127351 128408 129095 134391 135407 137493 
630540 82861 127836 871003 64610 630564 572286 90504 195835 619855 ,36961 38989 43384 45325 46885 47016 47478 48012 48277 49627 ,630540 82861 127836 871003 64610 630564 572286 90504 195835 619855 ,36961 38989 43384 45325 46885 47016 47478 48012 48277 49627 
866315 541760 182652 609252 876505 681819 544361 885978 846288 932976 ,38485 52701 57174 57866 58267 58737 59053 59185 59427 59615 ,866315 541760 182652 609252 876505 681819 544361 885978 846288 932976 ,38485 52701 57174 57866 58267 58737 59053 59185 59427 59615 
420236 308245 663506 259606 721897 26958 456726 687872 982272 727915 ,90511 93970 96137 96195 97479 101506 101533 105209 106113 106215 ,420236 308245 663506 259606 721897 456726 687872 982272 727915 594924 ,90511 93970 96137 96195 97479 101533 105209 106113 106215 106505 
676916 281884 852588 262697 757468 182180 177680 641695 928473 612673 ,82796 90498 94347 95359 95390 96334 97032 100406 100786 100828 ,676916 281884 852588 757468 182180 177680 641695 928473 612673 333304 ,82796 90498 94347 95390 96334 97032 100406 100786 100828 101015 
424144 424345 377897 471708 438544 639732 669318 642934 216496 939962 ,29913 34078 35453 35693 36274 37659 38679 40535 41175 41962 ,424144 424345 377897 471708 438544 639732 642934 216496 939962 506396 ,29913 34078 35453 35693 36274 37659 40535 41175 41962 42030 
379980 932682 36091 634516 668545 102222 661760 479272 353695 60361 ,49632 49930 52740 53434 53989 56546 56657 57013 57812 58192 ,379980 932682 36091 634516 668545 102222 661760 479272 353695 60361 ,49632 49930 52740 53434 53989 56546 56657 57013 57812 58192 
498793 629226 770134 518111 727294 41065 276639 269495 254829 316973 ,95094 105144 108620 109206 111220 112256 112681 113598 113984 114685 ,498793 629226 770134 518111 727294 41065 276639 269495 254829 316973 ,95094 105144 108620 109206 111220 112256 112681 113598 113984 114685 
27238 447195 720418 704239 63369 265323 402662 898958 974040 812541 ,77046 83795 86106 90879 92023 93624 93741 94540 96337 97316 ,27238 447195 720418 704239 63369 265323 402662 974040 812541 711252 ,77046 83795 86106 90879 92023 93624 93741 96337 97316 98213 
729299 796325 238300 983624 467165 797809 371382 271499 80134 829145 ,71412 77084 77719 78023 82182 82748 83037 83237 83743 84092 ,238300 467165 371382 271499 80134 829145 634630 68019 839253 371077 ,77719 82182 83037 83237 83743 84092 84403 84513 85286 85850 
874258 599186 920401 716477 557323 111292 6143 5546 55297 178539 ,84814 95079 98266 99110 99943 103574 106666 106729 106882 107529 ,874258 599186 920401 716477 557323 111292 6143 5546 55297 178539 ,84814 95079 98266 99110 99943 103574 106666 106729 106882 107529 
19312 846910 748933 194991 657710 864175 151589 504890 501672 464085 ,72479 77655 78315 79435 79499 79682 79735 80985 81573 81790 ,19312 273385 323516 172442 777964 940651 276642 692947 327753 64133 ,72479 81857 83482 86597 86987 87041 88698 89487 90248 90542 
882420 896310 662579 578022 734606 960274 55311 801056 399312 593110 ,40184 51026 51659 53687 54416 57354 57487 58815 59779 62937 ,882420 896310 578022 734606 960274 55311 801056 399312 593110 833607 ,40184 51026 53687 54416 57354 57487 58815 59779 62937 67303 
234553 79810 1959 174165 906256 153265 46608 778081 96896 420270 ,125635 135384 145450 149402 178823 184206 185178 185532 187210 192118 ,234553 79810 1959 174165 906256 153265 46608 778081 96896 420270 ,125635 135384 145450 149402 178823 184206 185178 185532 187210 192118 
673994 674007 676296 974720 259126 650688 402138 450330 447641 697723 ,66690 71663 87531 95154 98230 100857 104765 105154 105330 106069 ,673994 674007 676296 974720 650688 402138 450330 697723 943961 348276 ,66690 71663 87531 95154 100857 104765 105154 106069 109263 109563 
429704 384940 966958 514409 352519 510373 313970 409187 807317 355017 ,72855 91484 95217 104267 107025 107421 107869 110893 114039 114241 ,429704 384940 966958 514409 352519 510373 313970 409187 807317 355017 ,72855 91484 95217 104267 107025 107421 107869 110893 114039 114241 
456746 35975 418921 96604 294533 221384 291019 157503 547291 164407 ,73497 76916 77807 79549 79835 86657 90100 90234 90288 90603 ,456746 35975 418921 96604 294533 221384 291019 157503 164407 172444 ,73497 76916 77807 79549 79835 86657 90100 90234 90603 91044 
288010 756490 112362 537349 536590 417565 715250 373771 952642 996680 ,32981 34493 39205 41337 41392 42081 43244 43359 44056 44192 ,288010 756490 112362 537349 536590 417565 715250 373771 952642 996680 ,32981 34493 39205 41337 41392 42081 43244 43359 44056 44192 
725574 507959 896849 679458 831849 230699 454828 640501 223536 249688 ,42185 45943 63125 81298 81476 85007 90497 96632 97869 99022 ,725574 507959 896849 679458 831849 230699 454828 640501 223536 249688 ,42185 45943 63125 81298 81476 85007 90497 96632 97869 99022 
837162 836794 788624 969596 568767 960245 819260 759250 881114 757756 ,27528 28353 34434 36161 36342 40470 41028 42722 43726 44152 ,837162 836794 788624 969596 568767 960245 819260 759250 881114 757756 ,27528 28353 34434 36161 36342 40470 41028 42722 43726 44152 
690123 505267 689876 493540 199827 426505 233082 703484 600765 790663 ,33655 33758 34271 40823 42230 42826 44271 45220 45487 45740 ,690123 505267 689876 493540 199827 426505 233082 703484 600765 790663 ,33655 33758 34271 40823 42230 42826 44271 45220 45487 45740 
505053 943477 297636 502031 498864 121427 456641 649608 101482 844391 ,94566 95858 96312 97852 98729 101023 107425 112848 115242 118006 ,505053 943477 297636 502031 498864 121427 456641 649608 101482 844391 ,94566 95858 96312 97852 98729 101023 107425 112848 115242 118006 
626661 827179 844594 843515 229834 809079 99797 201947 770728 536277 ,66006 66218 71350 72961 73569 74825 74841 75449 76165 76373 ,626661 827179 844594 843515 229834 809079 99797 201947 770728 536277 ,66006 66218 71350 72961 73569 74825 74841 75449 76165 76373 
219350 533630 499472 526725 73923 157902 153441 737984 701620 875161 ,68078 88683 91293 98128 100515 106654 108572 112206 112438 112788 ,219350 533630 499472 526725 73923 157902 153441 737984 701620 875161 ,68078 88683 91293 98128 100515 106654 108572 112206 112438 112788 
600073 745780 758622 409501 277390 415887 934821 316496 356177 164855 ,71602 85323 87853 99049 106553 107212 108642 109638 111122 114993 ,600073 745780 758622 409501 277390 415887 934821 316496 356177 728350 ,71602 85323 87853 99049 106553 107212 108642 109638 111122 115238 
220934 751590 864195 201964 714146 860078 818607 698838 806966 752439 ,78318 87837 90602 92222 94064 95214 95954 97790 98663 98760 ,220934 751590 864195 201964 714146 860078 818607 698838 806966 752439 ,78318 87837 90602 92222 94064 95214 95954 97790 98663 98760 
979245 270479 931449 919650 331884 871599 47396 725573 861092 560351 ,71158 74797 76944 77475 78642 79678 81581 82355 82446 83047 ,979245 270479 931449 919650 331884 871599 47396 725573 861092 560351 ,71158 74797 76944 77475 78642 79678 81581 82355 82446 83047 
19556 268523 975847 679449 711355 423568 459525 542947 730808 881270 ,86883 105449 108255 111607 112053 112216 115594 119475 119601 120325 ,19556 268523 975847 679449 711355 423568 459525 542947 730808 881270 ,86883 105449 108255 111607 112053 112216 115594 119475 119601 120325 
139608 702754 95398 370508 11977 23425 795354 580587 274375 247239 ,57560 57901 65735 68596 71524 73075 74447 75328 75964 78308 ,139608 702754 95398 370508 11977 23425 795354 580587 274375 247239 ,57560 57901 65735 68596 71524 73075 74447 75328 75964 78308 
463494 107157 409839 106861 908227 628749 856051 263604 767758 970754 ,40048 50987 54963 56251 57885 58017 58658 62228 64450 66672 ,463494 107157 409839 106861 908227 628749 856051 263604 767758 970754 ,40048 50987 54963 56251 57885 58017 58658 62228 64450 66672 
192640 487524 22642 120390 616746 441075 295649 519652 689708 737098 ,63489 81553 87897 92890 98039 98097 100478 101203 103275 103541 ,192640 487524 22642 120390 616746 441075 519652 689708 737098 271341 ,63489 81553 87897 92890 98039 98097 101203 103275 103541 103816 
46168 667212 417726 744580 534693 790510 391688 717306 416125 523176 ,49141 72475 73997 79794 84173 86997 98801 98954 103867 106941 ,46168 667212 417726 744580 534693 790510 391688 717306 416125 523176 ,49141 72475 73997 79794 84173 86997 98801 98954 103867 106941 
502814 100921 189686 591141 145672 630237 496074 45374 399341 588906 ,71767 72511 74113 74158 75769 77884 78844 78987 79176 79285 ,502814 100921 189686 591141 145672 630237 496074 45374 399341 588906 ,71767 72511 74113 74158 75769 77884 78844 78987 79176 79285 
659356 659013 278781 363646 352517 274071 772276 140555 485032 662815 ,31652 38998 40147 40504 41629 42505 42953 44279 44747 44904 ,772276 325651 87964 859933 156120 600997 96390 280103 496034 908486 ,42953 45258 46117 48320 48479 53879 54176 54383 57346 57837 
858158 59454 193954 712735 705400 316810 899197 920647 708861 209728 ,53939 57425 59068 59463 61315 63863 63968 64255 64895 65297 ,858158 59454 193954 712735 705400 316810 899197 920647 708861 209728 ,53939 57425 59068 59463 61315 63863 63968 64255 64895 65297 
831478 599039 843496 968508 831470 900649 844127 481181 72882 546122 ,52883 54448 55015 55534 56320 57636 58035 58887 59060 60410 ,831478 599039 843496 968508 831470 900649 481181 72882 546122 512135 ,52883 54448 55015 55534 56320 57636 58887 59060 60410 60526 
686148 448382 665306 693915 282779 429755 242180 467192 689886 389897 ,31190 32026 32932 34200 35097 35881 36800 37420 37457 37719 ,448382 665306 693915 282779 429755 242180 467192 689886 389897 889077 ,32026 32932 34200 35097 35881 36800 37420 37457 37719 37849 
943126 563546 863165 519071 402487 942904 707629 843379 243924 936264 ,65854 86454 87706 89382 89772 90068 90777 91293 94457 95605 ,943126 563546 863165 519071 402487 942904 707629 843379 243924 936264 ,65854 86454 87706 89382 89772 90068 90777 91293 94457 95605 
53247 52144 53221 55628 478104 875236 84690 583809 885475 575230 ,37370 44456 44634 45012 46064 46206 46571 46614 46647 46687 ,53247 52144 53221 55628 478104 875236 84690 583809 885475 575230 ,37370 44456 44634 45012 46064 46206 46571 46614 46647 46687 
411068 96538 740760 510295 723426 815335 500302 123163 502120 151913 ,16274 20467 21186 22081 22422 23181 23337 23366 23448 23691 ,411068 96538 740760 510295 723426 815335 500302 123163 502120 151913 ,16274 20467 21186 22081 22422 23181 23337 23366 23448 23691 
717179 208966 726305 678120 16660 965309 290613 205280 69767 37175 ,57127 60544 63443 64140 64464 64541 64765 65142 65400 65520 ,717179 208966 726305 678120 16660 965309 290613 205280 37175 105741 ,57127 60544 63443 64140 64464 64541 64765 65142 65520 66348 
540319 540321 123689 220393 61870 64930 152056 703520 864088 542182 ,40150 44004 45656 50185 51285 52856 53955 55932 56039 56747 ,540319 540321 123689 220393 61870 64930 152056 703520 864088 542182 ,40150 44004 45656 50185 51285 52856 53955 55932 56039 56747 
521935 815392 804251 540616 997991 635848 422983 268709 809945 429871 ,43079 63483 68511 69302 69359 69617 69639 69807 71453 72664 ,521935 815392 804251 540616 997991 635848 422983 268709 809945 429871 ,43079 63483 68511 69302 69359 69617 69639 69807 71453 72664 
389947 744781 84169 522308 209888 741068 550777 438496 29995 735044 ,62427 65646 66706 67721 69322 69512 70153 70882 72504 72969 ,389947 744781 84169 522308 741068 438496 29995 469163 735796 255781 ,62427 65646 66706 67721 69512 70882 72504 73441 74185 74257 
834728 867893 535682 535397 789371 731045 863511 323064 226581 438938 ,31320 32177 33098 34888 36658 38075 38849 39534 40846 41270 ,834728 867893 535682 535397 789371 731045 863511 323064 226581 438938 ,31320 32177 33098 34888 36658 38075 38849 39534 40846 41270 
430864 721292 466663 615582 20892 181255 152275 292155 82918 122963 ,44914 57708 57989 59151 59316 59481 61574 62043 62670 63083 ,430864 721292 466663 615582 20892 181255 152275 292155 82918 122963 ,44914 57708 57989 59151 59316 59481 61574 62043 62670 63083 
398394 595476 631146 416257 899120 855804 773712 839077 356902 507368 ,61521 64887 67277 72783 73469 74173 74324 74370 76052 76344 ,398394 595476 631146 416257 899120 855804 773712 356902 507368 275485 ,61521 64887 67277 72783 73469 74173 74324 76052 76344 76472 
616916 867996 636615 547873 273526 373843 932692 771875 487203 856971 ,35210 54898 63444 67943 69786 71893 71912 72167 73958 74139 ,616916 867996 636615 547873 273526 373843 932692 771875 487203 856971 ,35210 54898 63444 67943 69786 71893 71912 72167 73958 74139 
194523 193376 126044 265572 276797 431653 196612 381941 389965 600786 ,55171 64864 71397 73302 74054 76682 77554 77905 78224 78660 ,194523 193376 126044 265572 276797 431653 196612 381941 389965 600786 ,55171 64864 71397 73302 74054 76682 77554 77905 78224 78660 
429347 883464 367213 336682 533112 547091 830857 30466 761523 967764 ,58989 66031 66770 74368 77502 78012 79027 84553 84658 86793 ,429347 883464 367213 336682 533112 547091 830857 30466 761523 967764 ,58989 66031 66770 74368 77502 78012 79027 84553 84658 86793 
448795 629812 803006 173654 793594 176446 178686 837010 765904 32007 ,56160 57865 60946 61286 61684 61861 63123 63627 63752 63877 ,448795 629812 173654 793594 178686 837010 765904 32007 386672 474269 ,56160 57865 61286 61684 63123 63627 63752 63877 63913 63985 
830908 62806 105416 842674 15917 876654 70430 988063 525580 13752 ,80584 83186 85514 89757 90616 91357 94205 95765 97749 98770 ,830908 62806 105416 842674 15917 876654 70430 988063 525580 13752 ,80584 83186 85514 89757 90616 91357 94205 95765 97749 98770 
601024 261973 691974 89423 267450 259197 686319 217864 924687 532096 ,44906 47068 47197 47302 48084 49383 49418 49816 49820 51770 ,601024 924687 532096 63926 600866 592874 311193 271610 419552 189 ,44906 49820 51770 52249 52250 54153 55226 57064 57571 59239 
157350 197975 8392 30761 279650 961668 629013 877751 455281 166670 ,55141 64053 65343 66003 67326 67992 71920 72152 72477 75108 ,157350 8392 30761 961668 629013 877751 455281 166670 293744 554092 ,55141 65343 66003 67992 71920 72152 72477 75108 75155 76346 
9700 401388 975608 733453 172566 100815 960170 280133 823011 417010 ,66095 66360 66649 68535 69176 69335 69417 70354 71010 71807 ,9700 975608 733453 172566 100815 960170 823011 417010 633517 131728 ,66095 66649 68535 69176 69335 69417 71010 71807 72114 72820 
811341 867959 844974 3679 635645 395270 725082 708445 233542 949748 ,60769 63356 63611 64913 66151 66277 66841 66957 67130 67232 ,811341 867959 844974 3679 395270 725082 708445 233542 949748 887263 ,60769 63356 63611 64913 66277 66841 66957 67130 67232 67880 
13781 523905 168031 917687 844700 543212 527826 917027 681800 527177 ,40648 42106 43089 43608 43664 44814 44833 44870 45054 45290 ,917687 543212 527826 919141 553206 184981 271134 271917 682051 797260 ,43608 44814 44833 47766 48185 48379 48566 49667 51243 51652 
389686 458820 458728 458022 452177 699852 458378 486514 449996 4273 ,32894 39075 42511 44043 45494 45741 45789 47159 47218 47252 ,389686 458820 458728 458022 452177 699852 486514 449996 4273 601581 ,32894 39075 42511 44043 45494 45741 47159 47218 47252 47997 
836270 287567 515796 221144 541517 979205 13753 377562 929646 202423 ,61180 65059 72490 73022 73236 74610 75316 75732 77067 78555 ,836270 287567 515796 221144 541517 979205 13753 377562 929646 202423 ,61180 65059 72490 73022 73236 74610 75316 75732 77067 78555 
330143 122119 368523 508106 174891 722338 684213 255000 331635 703239 ,34608 40467 41135 41536 41578 45196 45308 45991 46762 47501 ,122119 368523 508106 174891 722338 684213 255000 331635 703239 88896 ,40467 41135 41536 41578 45196 45308 45991 46762 47501 48430 
859670 510695 70613 344603 113156 583893 113715 115921 614284 471104 ,48702 50050 53591 53653 53950 54445 55001 56201 56232 56993 ,859670 510695 70613 344603 113156 583893 113715 115921 614284 471104 ,48702 50050 53591 53653 53950 54445 55001 56201 56232 56993 
889945 799269 16573 99117 406574 331902 495030 733343 437887 623017 ,75779 76946 77050 77300 78895 85956 86442 87733 89626 89700 ,889945 799269 16573 99117 406574 331902 495030 733343 437887 623017 ,75779 76946 77050 77300 78895 85956 86442 87733 89626 89700 
751542 844400 859999 107615 868298 751090 217064 153557 868632 232464 ,54766 57457 58644 58899 58956 59761 62636 63203 67910 69478 ,751542 844400 859999 107615 868298 751090 217064 153557 868632 232464 ,54766 57457 58644 58899 58956 59761 62636 63203 67910 69478 
521869 947274 102543 988052 191895 93842 937301 977394 842536 926525 ,37750 37874 39886 44992 45116 45208 45208 46713 47003 47575 ,521869 947274 102543 988052 191895 93842 937301 977394 842536 926525 ,37750 37874 39886 44992 45116 45208 45208 46713 47003 47575 
14735 857407 527497 783082 538859 960042 16368 677837 961020 335135 ,62746 73223 73799 74912 76210 76596 77112 77219 78079 79646 ,14735 857407 527497 783082 538859 960042 16368 677837 961020 335135 ,62746 73223 73799 74912 76210 76596 77112 77219 78079 79646 
867576 678426 13795 819921 65942 987485 838670 944197 830837 360982 ,63876 69071 70470 70899 71296 71983 72038 75268 78359 79367 ,867576 678426 13795 819921 65942 987485 838670 944197 830837 360982 ,63876 69071 70470 70899 71296 71983 72038 75268 78359 79367 
222357 598375 258582 601178 579462 316277 851730 362847 562722 865820 ,47013 49911 55603 57086 60410 60532 61291 62913 64254 64320 ,222357 598375 258582 579462 316277 851730 362847 562722 865820 29181 ,47013 49911 55603 60410 60532 61291 62913 64254 64320 64322 
179706 179716 592760 3247 683668 76787 169634 835862 798717 436475 ,53312 53867 56949 63949 66031 67095 67739 67871 69044 69168 ,179706 179716 592760 3247 169634 835862 798717 436475 178765 404381 ,53312 53867 56949 63949 67739 67871 69044 69168 70080 70482 
456508 594761 594579 111636 106335 888599 9083 959776 8193 750734 ,44524 54635 60099 60789 60818 62090 65228 66124 66935 67574 ,456508 594761 594579 111636 106335 888599 9083 959776 8193 750734 ,44524 54635 60099 60789 60818 62090 65228 66124 66935 67574 
596833 551241 82170 629686 465483 143140 544114 97230 338992 830587 ,70501 77863 78800 81020 83667 83987 87187 87595 88108 88935 ,596833 551241 82170 629686 465483 143140 544114 97230 338992 830587 ,70501 77863 78800 81020 83667 83987 87187 87595 88108 88935 
831218 831878 204540 268818 875490 842098 423835 350327 390536 931693 ,43912 47203 47841 47841 48220 48466 48882 49316 49347 51125 ,831218 831878 204540 268818 875490 842098 423835 350327 390536 931693 ,43912 47203 47841 47841 48220 48466 48882 49316 49347 51125 
627758 59248 913389 724106 833673 498474 209332 358321 274692 859545 ,107183 115111 118162 129704 135219 135436 135870 135970 136240 136741 ,627758 59248 913389 724106 833673 498474 209332 358321 274692 859545 ,107183 115111 118162 129704 135219 135436 135870 135970 136240 136741 
514443 696123 825684 214282 704057 236399 105103 920563 969214 63341 ,45045 61423 62759 70012 70502 71263 71705 72527 72694 72816 ,514443 696123 825684 214282 704057 236399 105103 920563 969214 63341 ,45045 61423 62759 70012 70502 71263 71705 72527 72694 72816 
10057 760672 489314 264549 946542 17017 740410 670559 326472 379189 ,53795 55837 61266 61333 62449 62875 63567 63648 66015 66080 ,10057 760672 489314 264549 946542 17017 740410 670559 326472 379189 ,53795 55837 61266 61333 62449 62875 63567 63648 66015 66080 
133852 236738 344756 186111 136625 801304 318567 179532 342154 484855 ,57556 62604 63930 64169 64626 65099 65190 68271 69506 69597 ,133852 344756 186111 136625 801304 318567 179532 342154 484855 395160 ,57556 63930 64169 64626 65099 65190 68271 69506 69597 69873 
399595 384540 792059 488815 930497 553609 358463 882298 509822 135716 ,60993 62791 64434 65162 65843 72799 73433 75409 76829 76863 ,399595 384540 792059 488815 930497 553609 358463 882298 135716 700352 ,60993 62791 64434 65162 65843 72799 73433 75409 76863 77218 
571365 218143 496731 359860 337018 211783 421479 210755 959483 724612 ,35721 44254 44430 46907 49743 50522 50936 51444 52563 53001 ,571365 218143 496731 359860 337018 211783 421479 210755 959483 724612 ,35721 44254 44430 46907 49743 50522 50936 51444 52563 53001 
171330 591053 868792 679377 273173 879843 273570 242485 933159 744082 ,72110 75192 75633 76333 80612 80617 81045 81654 82457 83603 ,171330 591053 868792 679377 273173 879843 273570 242485 933159 744082 ,72110 75192 75633 76333 80612 80617 81045 81654 82457 83603 
352722 355697 645174 985694 397277 899384 370119 710156 248754 700770 ,69153 69267 70492 73241 74007 74496 75545 76075 76730 77875 ,352722 355697 645174 985694 397277 899384 370119 710156 248754 700770 ,69153 69267 70492 73241 74007 74496 75545 76075 76730 77875 
762566 473973 660430 94282 592974 460216 474007 605686 82788 239460 ,54973 56710 57104 58670 59089 59210 59428 60274 60541 61442 ,762566 473973 660430 94282 592974 460216 474007 605686 82788 239460 ,54973 56710 57104 58670 59089 59210 59428 60274 60541 61442 
810257 922544 203563 952092 729532 324374 37072 279401 75895 651170 ,56360 62317 67475 69051 69156 70381 70419 71137 71364 72058 ,810257 922544 203563 952092 729532 37072 279401 75895 651170 636382 ,56360 62317 67475 69051 69156 70419 71137 71364 72058 72147 
681524 125444 879675 259240 59387 503698 201850 181273 278601 751244 ,50505 64350 65074 69104 71273 71299 71352 72230 72738 73554 ,681524 125444 879675 259240 59387 503698 201850 181273 278601 751244 ,50505 64350 65074 69104 71273 71299 71352 72230 72738 73554 
961343 494831 241492 157443 957385 60825 838624 865272 12994 213389 ,60008 60122 61924 62015 62029 65738 66076 66773 69456 71154 ,961343 494831 241492 157443 957385 60825 838624 865272 12994 213389 ,60008 60122 61924 62015 62029 65738 66076 66773 69456 71154 
741330 121420 15973 966869 275333 128538 983765 635645 32458 659004 ,82979 90040 94733 99594 100512 102767 103612 104301 104317 104995 ,741330 121420 15973 966869 275333 128538 983765 635645 32458 659004 ,82979 90040 94733 99594 100512 102767 103612 104301 104317 104995 
98991 144441 836947 405218 713031 875674 876464 223671 751994 691626 ,69482 73186 73272 77564 78929 78974 80603 80791 82070 82239 ,98991 144441 836947 405218 713031 875674 876464 223671 751994 691626 ,69482 73186 73272 77564 78929 78974 80603 80791 82070 82239 
297210 572050 279159 938994 377351 612058 739188 324723 751874 313026 ,77052 85577 85864 95986 97293 98011 98506 101318 101573 101832 ,297210 572050 279159 938994 377351 612058 739188 324723 751874 313026 ,77052 85577 85864 95986 97293 98011 98506 101318 101573 101832 
63940 32722 888472 507667 315023 264456 870666 966768 99130 87584 ,98712 100620 107661 108644 113805 122146 129211 129671 132751 133132 ,63940 32722 888472 507667 315023 264456 870666 966768 99130 87584 ,98712 100620 107661 108644 113805 122146 129211 129671 132751 133132 
530998 82799 990887 338453 157670 704382 582716 171881 593059 874856 ,62496 78238 81880 86570 89645 91846 92652 95384 95858 96047 ,530998 82799 990887 338453 157670 704382 582716 171881 593059 874856 ,62496 78238 81880 86570 89645 91846 92652 95384 95858 96047 
208715 861324 632988 337789 280917 635489 156478 42107 281181 280339 ,56722 57488 57551 60207 60413 61421 61555 62793 62861 63944 ,208715 861324 632988 337789 280917 635489 156478 42107 281181 280339 ,56722 57488 57551 60207 60413 61421 61555 62793 62861 63944 
455525 454816 338453 579923 965944 12186 186075 370844 233332 787963 ,80675 83411 84199 84764 86230 86480 86585 87630 88068 88671 ,455525 454816 338453 965944 12186 186075 370844 233332 787963 575629 ,80675 83411 84199 86230 86480 86585 87630 88068 88671 89528 
408427 700462 63150 738625 893713 893775 425818 834548 877572 134329 ,53659 54931 55906 56808 56851 59743 60306 61553 62638 63426 ,408427 700462 63150 738625 893713 893775 425818 834548 134329 893523 ,53659 54931 55906 56808 56851 59743 60306 61553 63426 63603 
392660 582266 2655 452784 349479 392415 430321 711792 311942 36954 ,90363 96298 100061 100551 102719 103179 106786 108587 109383 112076 ,392660 582266 2655 452784 349479 392415 430321 711792 311942 36954 ,90363 96298 100061 100551 102719 103179 106786 108587 109383 112076 
739901 529649 915553 886548 915120 184081 297965 277523 58620 585264 ,48050 52920 54514 55051 55304 56066 56527 56551 57831 58010 ,739901 529649 915553 886548 915120 184081 297965 277523 58620 585264 ,48050 52920 54514 55051 55304 56066 56527 56551 57831 58010 
599293 277890 324971 945687 226362 724285 277163 186355 747063 653566 ,59488 61065 61110 62694 64600 65203 66144 66258 68917 69420 ,599293 277890 324971 945687 226362 724285 277163 186355 747063 653566 ,59488 61065 61110 62694 64600 65203 66144 66258 68917 69420 
947545 942513 751700 717900 424773 843827 951744 465706 734790 95862 ,53407 55835 56252 57251 59785 60513 61290 62554 63356 63468 ,947545 942513 751700 717900 424773 843827 465706 734790 95862 108333 ,53407 55835 56252 57251 59785 60513 62554 63356 63468 63573 
272639 78948 198484 93325 218577 389260 519702 146653 77026 234659 ,62448 63285 63946 66227 66599 68816 70734 71439 72509 72733 ,272639 78948 198484 93325 218577 389260 519702 146653 77026 234659 ,62448 63285 63946 66227 66599 68816 70734 71439 72509 72733 
917599 355532 377599 320394 404275 320884 542378 626986 366706 199461 ,49416 49474 52170 53431 53922 55655 55983 56770 57495 57604 ,917599 355532 377599 320394 404275 320884 542378 626986 366706 199461 ,49416 49474 52170 53431 53922 55655 55983 56770 57495 57604 
631818 15372 262060 790750 363754 292523 971465 785091 167393 602984 ,50447 55645 57681 58067 59143 63576 68829 69029 69946 70389 ,631818 15372 262060 790750 363754 292523 971465 785091 167393 602984 ,50447 55645 57681 58067 59143 63576 68829 69029 69946 70389 
99049 238319 772360 139277 216395 772215 278964 804039 523959 772144 ,22484 28168 28309 29284 29284 30279 30718 30810 31034 31447 ,99049 238319 772360 216395 139277 772215 278964 804039 523959 772144 ,22484 28168 28309 29284 29284 30279 30718 30810 31034 31447 
322675 313895 481559 319412 261528 30329 419516 719135 249825 350726 ,38148 41588 41845 41932 43141 43514 43824 44329 45910 47573 ,322675 313895 481559 319412 261528 30329 419516 719135 249825 350726 ,38148 41588 41845 41932 43141 43514 43824 44329 45910 47573 
789271 422646 30066 227381 762584 953192 422785 475053 428169 762834 ,29895 34949 42742 43177 45811 46377 46796 46851 47074 48386 ,789271 422646 30066 227381 762584 953192 422785 475053 428169 762834 ,29895 34949 42742 43177 45811 46377 46796 46851 47074 48386 
977883 68764 617858 785797 49397 68622 392518 542324 434098 206544 ,48177 51406 54259 54757 56956 57141 57223 57773 58254 58383 ,977883 68764 617858 785797 49397 68622 392518 542324 434098 206544 ,48177 51406 54259 54757 56956 57141 57223 57773 58254 58383 
993665 548662 747009 505944 993683 483729 472380 469395 233481 239406 ,29790 31214 32058 32165 32922 33407 33887 35013 35374 35420 ,747009 505944 993683 472380 233481 239406 438275 984334 232781 241457 ,32058 32165 32922 33887 35374 35420 35650 35740 35928 36536 
406339 708965 464849 464899 59181 525671 379102 89946 522862 56036 ,36224 42232 43145 43175 43218 43323 43529 43809 44609 44812 ,406339 708965 464849 59181 525671 379102 89946 522862 56036 452545 ,36224 42232 43145 43218 43323 43529 43809 44609 44812 45235 
740096 184476 11996 83835 62456 563196 874061 197386 561848 482402 ,35802 47343 56255 56398 56768 57021 57330 57550 57708 59589 ,740096 184476 11996 83835 62456 563196 874061 197386 561848 482402 ,35802 47343 56255 56398 56768 57021 57330 57550 57708 59589 
518526 723039 194240 67983 71223 522503 34634 578119 515998 200046 ,81430 85056 85200 85437 89322 90972 91015 91298 91382 91424 ,518526 723039 194240 67983 71223 522503 34634 578119 515998 200046 ,81430 85056 85200 85437 89322 90972 91015 91298 91382 91424 
336910 351913 516660 321555 459547 426918 498694 451228 105292 305632 ,27264 30732 31067 33489 34296 34811 35150 35792 36905 37375 ,336910 351913 321555 426918 498694 451228 105292 305632 79429 55239 ,27264 30732 33489 34811 35150 35792 36905 37375 37438 37583 
55166 807325 675944 8828 627800 473396 451647 333318 527344 958686 ,61319 62943 64265 68974 69788 72478 73390 76699 77309 82537 ,55166 807325 675944 8828 627800 473396 451647 333318 527344 958686 ,61319 62943 64265 68974 69788 72478 73390 76699 77309 82537 
265130 26467 157534 525659 204595 726693 901713 754214 20840 521695 ,59223 60388 60961 61041 63001 64048 64082 64142 65200 66446 ,265130 26467 157534 525659 204595 726693 901713 754214 20840 521695 ,59223 60388 60961 61041 63001 64048 64082 64142 65200 66446 
11063 945845 390999 14032 867545 213196 862379 885109 589380 564077 ,61090 66041 67751 68669 70891 73497 74805 77374 78893 82677 ,11063 945845 390999 14032 867545 213196 862379 885109 589380 564077 ,61090 66041 67751 68669 70891 73497 74805 77374 78893 82677 
40262 337531 4585 42549 790727 566272 306382 336964 449192 731416 ,30082 34146 38819 39599 40420 43121 44087 44152 44177 44363 ,40262 337531 4585 42549 790727 566272 306382 336964 449192 731416 ,30082 34146 38819 39599 40420 43121 44087 44152 44177 44363 
773879 909231 470431 416031 931121 409783 991689 425095 203661 513111 ,72682 78619 80886 83088 86990 87065 89573 91404 93607 93861 ,773879 909231 470431 931121 409783 991689 425095 203661 513111 538052 ,72682 78619 80886 86990 87065 89573 91404 93607 93861 95672 
527884 549264 177641 151470 776721 364324 59134 380946 945258 19608 ,34900 37828 43956 45191 47080 47193 48898 49471 50853 51720 ,527884 177641 364324 19608 690537 787773 776801 61237 662896 116662 ,34900 43956 47193 51720 52187 52315 52535 52808 52904 53189 
390382 390295 60029 843224 748148 13308 15757 489652 491389 219432 ,15657 31516 42290 43304 46685 47325 49113 51132 51617 52043 ,390382 390295 843224 13308 15757 489652 219432 389982 134292 163448 ,15657 31516 43304 47325 49113 51132 52043 52848 53202 53346 
761473 677813 522168 747427 760730 496918 540616 525009 449193 186326 ,31316 31596 31776 34196 34852 34864 35153 35829 37940 39354 ,761473 677813 522168 747427 760730 496918 540616 525009 449193 186326 ,31316 31596 31776 34196 34852 34864 35153 35829 37940 39354 
384165 11827 452432 12759 612211 28572 155632 61471 224561 475414 ,108025 109868 109905 110633 115070 115387 126265 127936 129975 132055 ,384165 11827 452432 12759 612211 28572 155632 61471 224561 475414 ,108025 109868 109905 110633 115070 115387 126265 127936 129975 132055 
318014 222774 18200 278089 33713 801600 483545 484082 664013 690078 ,58673 58887 67254 70345 70366 72130 73608 73752 74873 76263 ,318014 222774 18200 278089 33713 801600 483545 484082 664013 690078 ,58673 58887 67254 70345 70366 72130 73608 73752 74873 76263 
364983 840762 270511 976926 979871 921842 279208 248829 249846 133348 ,43863 44633 45265 46357 49159 50198 50493 50616 50847 51246 ,364983 840762 270511 976926 979871 921842 279208 248829 249846 133348 ,43863 44633 45265 46357 49159 50198 50493 50616 50847 51246 
141203 923582 299608 736771 364363 519294 427963 514965 776987 843345 ,58747 61280 61499 63861 64620 65303 65400 65799 66031 66166 ,141203 923582 299608 736771 364363 519294 427963 514965 776987 843345 ,58747 61280 61499 63861 64620 65303 65400 65799 66031 66166 
390610 390996 226734 194919 273735 414420 52063 2034 515031 515413 ,11828 15395 38027 39101 39101 39467 40139 40757 42110 42223 ,390610 390996 226734 194919 273735 414420 52063 2034 515031 514777 ,11828 15395 38027 39101 39101 39467 40139 40757 42110 42370 
485612 258876 236745 532665 562561 630580 577873 179531 150546 212763 ,55950 59179 64395 64894 67598 68689 71018 71402 72362 72582 ,485612 258876 236745 532665 562561 630580 577873 179531 150546 212763 ,55950 59179 64395 64894 67598 68689 71018 71402 72362 72582 
706906 422494 516149 669069 490305 912744 929248 338308 729685 795381 ,61554 64303 66464 66782 67723 68270 69069 70798 70965 72735 ,706906 422494 516149 669069 490305 912744 929248 338308 729685 795381 ,61554 64303 66464 66782 67723 68270 69069 70798 70965 72735 
783683 718948 616537 427881 856261 409615 770591 336334 699880 557317 ,57079 57233 59520 59650 59796 60000 61130 61154 62724 62726 ,783683 718948 616537 427881 856261 409615 770591 336334 699880 557317 ,57079 57233 59520 59650 59796 60000 61130 61154 62724 62726 
195153 242180 324114 965569 917962 183133 990138 421678 139967 698853 ,58056 65705 67741 69383 69456 73894 75389 77583 80925 82117 ,195153 242180 324114 965569 917962 183133 990138 421678 139967 698853 ,58056 65705 67741 69383 69456 73894 75389 77583 80925 82117 
255399 97810 29628 646891 720639 258683 194714 874795 689447 558547 ,45797 53557 62210 64248 65580 66397 68164 68485 71195 72617 ,255399 97810 29628 646891 720639 258683 194714 874795 689447 558547 ,45797 53557 62210 64248 65580 66397 68164 68485 71195 72617 
932277 59900 272465 708694 871515 974262 462426 59863 663307 461799 ,50812 55755 56762 56924 59345 60138 60291 60556 60676 60863 ,932277 59900 272465 708694 871515 974262 462426 59863 663307 461799 ,50812 55755 56762 56924 59345 60138 60291 60556 60676 60863 
90504 829029 681770 706917 696110 540576 224860 932191 104176 922313 ,36057 38744 40461 42252 44528 44759 45518 45518 45649 46179 ,90504 829029 681770 706917 696110 540576 932191 224860 104176 922313 ,36057 38744 40461 42252 44528 44759 45518 45518 45649 46179 
865716 383088 143643 949726 746237 245028 12769 14646 12789 208543 ,51819 54379 57174 57719 58439 58621 60456 61404 64290 64441 ,865716 383088 143643 949726 746237 245028 12769 14646 12789 208543 ,51819 54379 57174 57719 58439 58621 60456 61404 64290 64441 
548617 510313 288289 88638 24867 565977 97827 373177 294597 686235 ,52704 62200 72599 77573 78010 80206 80217 82715 83342 84758 ,548617 510313 288289 88638 24867 565977 97827 373177 294597 686235 ,52704 62200 72599 77573 78010 80206 80217 82715 83342 84758 
634883 527111 516434 533905 356985 812871 599712 70274 617941 279138 ,55620 61609 62878 65529 66431 68497 68545 68889 68953 68986 ,634883 516434 812871 599712 70274 617941 279138 935788 612116 589367 ,55620 62878 68497 68545 68889 68953 68986 69443 69724 71194 
831866 859529 698782 573582 545375 72046 58014 908247 823066 227284 ,48424 52746 55509 56250 56896 57764 57886 58702 60772 61069 ,831866 859529 698782 573582 545375 72046 58014 908247 823066 227284 ,48424 52746 55509 56250 56896 57764 57886 58702 60772 61069 
179172 790507 55617 631124 84040 97159 982980 529558 107831 265326 ,52091 52178 54648 55320 55686 55923 56358 57702 57894 57930 ,179172 790507 55617 631124 84040 97159 982980 529558 107831 265326 ,52091 52178 54648 55320 55686 55923 56358 57702 57894 57930 
519356 633958 868180 851507 731182 526000 318386 416851 393520 929640 ,53172 55158 57948 60358 63686 64318 64394 66201 66830 67190 ,519356 633958 868180 851507 731182 526000 318386 416851 393520 929640 ,53172 55158 57948 60358 63686 64318 64394 66201 66830 67190 
912744 914187 850514 470858 219521 914877 706906 617956 990564 516149 ,47386 49684 52247 54897 57486 58133 59750 59978 61716 62188 ,912744 914187 850514 470858 219521 914877 706906 617956 990564 516149 ,47386 49684 52247 54897 57486 58133 59750 59978 61716 62188 
717797 933486 359980 837297 275860 394539 542012 573111 233840 208672 ,48723 54867 55411 56115 60762 64452 67294 67937 68402 69074 ,717797 933486 359980 837297 275860 394539 542012 573111 233840 208672 ,48723 54867 55411 56115 60762 64452 67294 67937 68402 69074 
563626 991325 896669 255052 635121 110280 846523 200973 13251 105706 ,50157 57709 62555 63287 64752 68523 69023 71250 72569 73532 ,563626 991325 896669 255052 635121 110280 846523 200973 13251 105706 ,50157 57709 62555 63287 64752 68523 69023 71250 72569 73532 
77748 573025 382191 454027 339749 155461 983920 262387 283277 315995 ,54645 57118 58695 59186 60653 60760 61619 61796 64344 64500 ,77748 573025 382191 454027 339749 155461 983920 262387 283277 315995 ,54645 57118 58695 59186 60653 60760 61619 61796 64344 64500 
6588 996213 719385 600732 534517 401441 732224 108453 363877 953372 ,39477 43668 45528 46154 47638 48685 50052 50374 52829 53067 ,6588 996213 719385 600732 534517 401441 732224 108453 363877 953372 ,39477 43668 45528 46154 47638 48685 50052 50374 52829 53067 
391882 790789 389613 625594 381023 989829 381581 790796 306990 614991 ,4621 27443 29174 31762 32515 33661 33687 34280 34439 34898 ,391882 790789 389613 625594 381023 989829 381581 790796 306990 614991 ,4621 27443 29174 31762 32515 33661 33687 34280 34439 34898 
392123 166483 392426 725891 678944 883153 227276 686829 703817 628659 ,23362 50425 54038 59474 60478 60973 62556 62714 62840 62960 ,392123 166483 392426 725891 678944 883153 227276 686829 703817 628659 ,23362 50425 54038 59474 60478 60973 62556 62714 62840 62960 
392351 392513 228988 238473 821141 489509 779899 959702 326815 233022 ,17721 31350 47149 47151 47468 47726 48035 50040 50062 50750 ,392351 392513 228988 238473 821141 489509 779899 959702 326815 233022 ,17721 31350 47149 47151 47468 47726 48035 50040 50062 50750 
366437 597526 181146 70674 726565 785745 695895 142065 97695 948090 ,65307 66939 67850 68543 68765 70529 70797 75287 75526 75994 ,366437 597526 181146 70674 726565 785745 695895 142065 97695 948090 ,65307 66939 67850 68543 68765 70529 70797 75287 75526 75994 
392456 392219 70872 453260 83442 280665 984720 72959 495876 60631 ,20234 22991 28438 30640 31254 31555 32431 32714 33150 33350 ,392456 392219 70872 453260 83442 280665 984720 495876 60631 602366 ,20234 22991 28438 30640 31254 31555 32431 33150 33350 33408 
334811 285024 259606 982272 612152 435905 20985 379769 710969 581082 ,99350 109949 114821 117545 118430 121298 122833 124001 127965 130949 ,334811 285024 259606 982272 612152 435905 20985 379769 710969 581082 ,99350 109949 114821 117545 118430 121298 122833 124001 127965 130949 
468289 718316 69016 175258 32477 767385 139998 742273 439635 753765 ,86595 91368 96075 99384 99544 99769 100817 100962 102528 104293 ,468289 718316 69016 175258 32477 767385 139998 742273 439635 753765 ,86595 91368 96075 99384 99544 99769 100817 100962 102528 104293 
437972 20399 966223 1031 491642 678947 402099 728865 69774 766883 ,55346 73274 76926 80674 81772 83276 83423 85144 85505 85674 ,437972 20399 966223 1031 491642 402099 728865 69774 766883 90267 ,55346 73274 76926 80674 81772 83423 85144 85505 85674 86302 
210214 305805 533623 173332 465995 223900 699520 452671 694837 520033 ,50341 52212 52594 53668 56724 57528 58644 59799 60566 60896 ,305805 533623 173332 465995 223900 699520 452671 694837 520033 131395 ,52212 52594 53668 56724 57528 58644 59799 60566 60896 61874 
17504 293451 110950 766928 436613 809773 287283 468367 193930 515975 ,52707 56073 57503 58665 58712 59208 59265 59306 60412 60787 ,17504 293451 110950 766928 436613 809773 287283 468367 193930 515975 ,52707 56073 57503 58665 58712 59208 59265 59306 60412 60787 
403681 166093 231164 388375 754707 776762 378235 721947 588387 526760 ,78320 112129 123839 124620 127620 130906 132238 137048 137217 138753 ,403681 166093 231164 388375 754707 776762 378235 721947 588387 526760 ,78320 112129 123839 124620 127620 130906 132238 137048 137217 138753 
333822 620317 249235 834237 502894 632315 941392 84234 813051 735038 ,70084 72748 77104 77400 79752 81041 81156 81214 81861 82071 ,333822 620317 249235 834237 502894 632315 941392 84234 813051 735038 ,70084 72748 77104 77400 79752 81041 81156 81214 81861 82071 
693836 245626 281657 498621 208263 282227 48704 198081 276897 74014 ,41766 50805 51200 52654 52960 53242 53683 53702 53702 53983 ,693836 245626 281657 498621 208263 282227 48704 276897 198081 695075 ,41766 50805 51200 52654 52960 53242 53683 53702 53702 54188 
393201 845350 844845 809459 89021 509323 255877 707094 223419 273249 ,6583 47759 47893 48660 51549 53084 53974 54172 54319 54816 ,393201 707094 223419 91667 877564 988079 875404 685123 224922 934004 ,6583 54172 54319 56146 57227 57700 59060 59405 59478 59946 
482421 460272 398427 225765 587802 63758 868745 884495 803004 907006 ,91523 101464 102339 104160 105159 105305 106838 111002 111437 112867 ,482421 460272 398427 225765 587802 63758 868745 884495 803004 907006 ,91523 101464 102339 104160 105159 105305 106838 111002 111437 112867 
527753 432050 432246 477897 975 573311 436014 324334 414387 18684 ,77950 89858 90373 90408 93863 96258 96930 97672 98045 98063 ,527753 432050 432246 477897 975 573311 436014 324334 414387 18684 ,77950 89858 90373 90408 93863 96258 96930 97672 98045 98063 
951258 764961 981654 877940 393379 664704 537039 812002 597587 387482 ,76263 88514 90941 95557 96217 96417 101327 101485 102736 103700 ,951258 764961 981654 877940 393379 664704 537039 812002 597587 387482 ,76263 88514 90941 95557 96217 96417 101327 101485 102736 103700 
393155 204122 268548 63195 433503 721670 701954 683252 64586 91857 ,22167 23803 32652 36736 37238 37536 38364 39444 39538 39795 ,393155 204122 268548 63195 433503 721670 701954 683252 64586 283862 ,22167 23803 32652 36736 37238 37536 38364 39444 39538 39990 
15606 366449 434646 223917 343958 679200 190342 950640 272427 238345 ,60893 74414 75572 76777 77402 79356 79516 80860 81915 82123 ,15606 366449 434646 223917 343958 679200 190342 950640 238345 703934 ,60893 74414 75572 76777 77402 79356 79516 80860 82123 82389 
877027 928835 711772 872159 563182 72308 13449 99554 707351 28037 ,49302 51472 54039 61585 62947 63242 63734 63857 64072 64281 ,877027 928835 711772 872159 563182 72308 13449 28037 597165 559592 ,49302 51472 54039 61585 62947 63242 63734 64281 65531 66027 
393217 109093 107794 13868 684017 125556 14074 391535 395894 932531 ,25395 50396 50465 50682 56195 57457 59438 59897 60022 63498 ,109093 107794 13868 684017 125556 14074 391535 395894 391351 681736 ,50396 50465 50682 56195 57457 59438 59897 60022 65430 66934 
399315 617783 591959 256614 772362 387920 778759 812788 863324 451240 ,55404 58258 59006 59122 59359 59489 59595 59987 60684 61121 ,399315 617783 591959 256614 772362 387920 778759 812788 863324 451240 ,55404 58258 59006 59122 59359 59489 59595 59987 60684 61121 
436094 811303 125555 946254 928322 586205 226083 791353 455947 621786 ,80472 85025 87176 89721 89798 90141 96310 97369 97389 98039 ,436094 811303 125555 946254 928322 226083 791353 455947 621786 756718 ,80472 85025 87176 89721 89798 96310 97369 97389 98039 98842 
393808 92405 210620 268626 393305 70972 210576 597579 834154 285280 ,32369 42751 43124 43328 43462 44977 45668 47656 47859 48712 ,393808 92405 210620 268626 393305 70972 210576 597579 834154 285280 ,32369 42751 43124 43328 43462 44977 45668 47656 47859 48712 
85418 185835 137971 210926 65189 930786 525081 172317 358264 630613 ,81225 92168 100481 103073 106784 108877 111497 114195 116402 118998 ,85418 185835 137971 210926 65189 930786 525081 172317 358264 630613 ,81225 92168 100481 103073 106784 108877 111497 114195 116402 118998 
394309 394563 97824 479134 11828 104535 625982 295251 104639 729213 ,18448 43421 49802 52817 53696 55426 56558 56884 56981 57143 ,394309 394563 97824 479134 104535 625982 295251 104639 729213 402290 ,18448 43421 49802 52817 55426 56558 56884 56981 57143 57760 
533929 892023 678360 362482 906124 15333 932537 61745 564597 975883 ,74409 79416 86460 93604 97032 100177 102509 104818 104970 105345 ,533929 892023 678360 362482 906124 15333 932537 61745 564597 975883 ,74409 79416 86460 93604 97032 100177 102509 104818 104970 105345 
313023 9387 667856 842360 726990 841931 335137 859416 647793 596651 ,66154 66612 67625 67768 67836 68565 69595 70738 72307 72613 ,313023 9387 667856 842360 726990 841931 335137 859416 647793 596651 ,66154 66612 67625 67768 67836 68565 69595 70738 72307 72613 
394564 690946 194504 867831 224349 932601 274955 570194 59603 956543 ,37404 49740 60199 62543 62574 63428 63662 63869 63957 64303 ,394564 690946 194504 867831 224349 932601 274955 570194 59603 956543 ,37404 49740 60199 62543 62574 63428 63662 63869 63957 64303 
842294 489621 576711 36649 858883 867959 390209 130156 206261 8352 ,53321 60729 60778 60936 61198 62198 62977 63228 63250 63368 ,842294 489621 576711 36649 858883 867959 390209 130156 206261 8352 ,53321 60729 60778 60936 61198 62198 62977 63228 63250 63368 
758515 784985 513843 157484 707403 614932 108140 686194 512342 301923 ,97158 98956 102990 105821 107695 108741 112146 113896 114096 114904 ,758515 784985 157484 614932 108140 512342 301923 391978 250733 364360 ,97158 98956 105821 108741 112146 114096 114904 115121 116584 117121 
393477 944238 511403 393273 785643 722182 97355 678505 390137 198291 ,15779 68633 73583 73769 75023 76075 77686 77847 79412 81312 ,393477 944238 511403 393273 785643 722182 97355 678505 390137 198291 ,15779 68633 73583 73769 75023 76075 77686 77847 79412 81312 
782902 518504 432698 368358 310003 795511 100278 664567 238726 149900 ,74278 75934 81087 83464 90332 90501 93421 93930 94753 97400 ,782902 518504 432698 368358 310003 795511 100278 664567 238726 149900 ,74278 75934 81087 83464 90332 90501 93421 93930 94753 97400 
224841 711672 727209 12949 280438 5417 212949 501108 879393 188625 ,66921 68559 71728 72185 75429 75488 76036 76579 77063 77397 ,12949 280438 501108 879393 493569 435346 175764 859995 178244 408219 ,72185 75429 76579 77063 78360 78675 79016 79379 79772 80987 
845644 839083 853074 15335 435972 705497 543456 892930 160135 168871 ,67906 74005 77629 78196 80134 80422 80425 81032 81620 82029 ,845644 839083 853074 15335 435972 705497 543456 892930 160135 168871 ,67906 74005 77629 78196 80134 80422 80425 81032 81620 82029 
360408 961709 315761 311408 914121 295897 201659 749787 130124 969968 ,63662 84235 86238 87707 88084 91271 91422 93611 93780 94249 ,360408 961709 315761 311408 914121 295897 201659 749787 130124 969968 ,63662 84235 86238 87707 88084 91271 91422 93611 93780 94249 
843273 587663 268578 624125 866509 710058 239400 41996 621489 229913 ,65319 66610 71617 73300 73994 76008 76454 78017 79981 80313 ,843273 587663 268578 624125 866509 710058 239400 621489 229913 307871 ,65319 66610 71617 73300 73994 76008 76454 79981 80313 81277 
504926 623829 204653 416246 420772 944570 701018 182367 32994 263522 ,71529 71925 76359 78408 79136 81062 81186 81863 82399 82829 ,504926 623829 204653 416246 420772 944570 701018 182367 32994 263522 ,71529 71925 76359 78408 79136 81062 81186 81863 82399 82829 
484259 803610 850145 381353 411558 551467 683853 176643 971705 929198 ,58148 60909 64742 65738 67611 68091 68098 68612 68706 68759 ,484259 803610 850145 381353 411558 683853 176643 971705 929198 988356 ,58148 60909 64742 65738 67611 68098 68612 68706 68759 69203 
241391 231685 877486 729929 204190 754682 826056 316003 125243 806810 ,87788 93064 93854 98117 99687 100885 101407 102306 103206 104510 ,241391 231685 877486 729929 204190 754682 826056 316003 125243 806810 ,87788 93064 93854 98117 99687 100885 101407 102306 103206 104510 
182057 102160 156101 958108 705090 182602 362736 968129 699652 795915 ,60023 60582 60915 61112 61276 61721 62178 62236 63012 63106 ,182057 102160 156101 958108 705090 182602 362736 968129 795915 740283 ,60023 60582 60915 61112 61276 61721 62178 62236 63106 63288 
197158 373791 373868 229676 21960 299198 260187 563011 146082 300190 ,72639 74122 76425 76981 77318 77347 80223 80704 82062 82079 ,197158 373791 373868 229676 21960 299198 260187 563011 300190 182370 ,72639 74122 76425 76981 77318 77347 80223 80704 82079 83626 
248698 991978 585193 967554 795684 214317 382027 629250 225765 256352 ,89542 94403 102736 105383 114766 116470 116695 119181 120153 120424 ,248698 991978 585193 967554 795684 214317 382027 629250 225765 256352 ,89542 94403 102736 105383 114766 116470 116695 119181 120153 120424 
392745 393758 519238 137141 175451 120724 395258 508106 433069 519547 ,26875 38030 52690 55080 56704 58128 59735 61553 62138 62421 ,392745 393758 519238 175451 395258 508106 519547 75069 265407 201129 ,26875 38030 52690 56704 59735 61553 62421 63452 63695 63695 
696586 778955 659258 971522 128040 419012 712028 856899 706087 702535 ,63270 64486 71675 72238 73648 75175 75947 77364 78354 79477 ,696586 778955 659258 971522 128040 712028 856899 706087 702535 156606 ,63270 64486 71675 72238 73648 75947 77364 78354 79477 79589 
817332 687946 126983 783065 761092 430220 379509 635848 634235 225648 ,73375 76443 79772 83064 85375 86022 86402 87698 88430 88941 ,817332 687946 126983 783065 761092 430220 379509 635848 634235 225648 ,73375 76443 79772 83064 85375 86022 86402 87698 88430 88941 
670877 522553 619423 406019 620816 404484 4095 869483 599860 268264 ,40165 41268 47208 48477 52242 52718 53474 54083 54797 55344 ,670877 522553 619423 406019 620816 404484 4095 869483 599860 268264 ,40165 41268 47208 48477 52242 52718 53474 54083 54797 55344 
13166 395813 376908 990709 429832 706419 60912 869786 700702 12931 ,69045 71612 74839 75615 76221 80421 80508 80973 81239 81994 ,13166 395813 376908 990709 429832 706419 60912 869786 700702 12931 ,69045 71612 74839 75615 76221 80421 80508 80973 81239 81994 
393410 394811 393275 868184 783120 598613 594797 223530 618432 36160 ,13576 35346 37963 43824 45103 45526 46096 48498 48677 48709 ,394811 594797 618432 396453 809734 554612 777502 864416 435295 703261 ,35346 46096 48677 49089 49369 49469 50685 51025 51265 51606 
144213 727233 20066 32736 748900 802902 721264 789497 411739 486055 ,76082 81783 83846 85474 86208 86692 86841 88821 89935 89974 ,144213 727233 32736 748900 802902 721264 789497 411739 486055 222873 ,76082 81783 85474 86208 86692 86841 88821 89935 89974 90588 
395414 456797 584477 174579 678070 842858 861423 106938 870519 739249 ,19777 49485 55633 57347 58894 59383 60355 61189 61300 61824 ,456797 584477 678070 842858 861423 106938 870519 739249 390217 543288 ,49485 55633 58894 59383 60355 61189 61300 61824 61974 62125 
978035 751221 110823 2538 997540 928010 298341 15843 844600 514007 ,70291 77898 78850 79537 79768 80226 80609 81451 81531 81990 ,978035 751221 110823 2538 997540 928010 298341 15843 844600 514007 ,70291 77898 78850 79537 79768 80226 80609 81451 81531 81990 
738548 953092 854005 560500 422630 430472 488859 469474 566498 729962 ,30976 35185 38032 39055 40629 41200 42780 44056 44448 46152 ,488859 469474 10263 620960 567869 429920 174696 667832 94539 718207 ,42780 44056 46231 48292 50515 50566 51096 51342 52223 52722 
642378 640701 641362 641899 609496 643005 640671 641397 143121 958237 ,22645 27590 35499 39233 43454 45864 46511 48834 49651 51931 ,640701 641362 641899 609496 643005 640671 143121 958237 957605 51421 ,27590 35499 39233 43454 45864 46511 49651 51931 52097 52737 
924523 668673 540660 753884 827050 968519 208590 252445 208821 781921 ,58555 62052 64719 65138 65188 65515 66257 66393 67003 67309 ,924523 540660 753884 208821 781921 982356 429586 4878 339824 380139 ,58555 64719 65138 67003 67309 67916 68050 68055 68523 69129 
899591 577804 835231 109528 389499 661281 764549 274209 554071 141414 ,39490 42520 42537 46525 47823 47842 48552 49726 49789 50368 ,899591 577804 835231 109528 389499 661281 764549 274209 554071 141414 ,39490 42520 42537 46525 47823 47842 48552 49726 49789 50368 
914540 536779 471135 781570 902631 962235 896383 838411 534519 761128 ,39667 42180 46139 54868 55594 55900 57820 61856 62964 68847 ,914540 536779 471135 781570 902631 962235 896383 838411 534519 761128 ,39667 42180 46139 54868 55594 55900 57820 61856 62964 68847 
400828 397112 400868 397244 401328 441513 280321 279978 187550 397164 ,11935 19761 20059 25159 40088 41969 45513 47259 48097 48305 ,400828 397112 400868 397244 401328 441513 280321 279978 187550 397164 ,11935 19761 20059 25159 40088 41969 45513 47259 48097 48305 
200021 731946 963959 323147 264381 371054 390165 36431 895192 860736 ,52005 52910 55481 56427 56489 58050 58323 58697 59918 60794 ,200021 731946 963959 323147 264381 371054 390165 36431 895192 860736 ,52005 52910 55481 56427 56489 58050 58323 58697 59918 60794 
237101 786660 459655 493125 423132 337219 411560 842353 423317 383754 ,46072 48923 49779 50068 53593 54642 56965 57749 58792 58882 ,237101 786660 459655 493125 423132 337219 411560 842353 423317 383754 ,46072 48923 49779 50068 53593 54642 56965 57749 58792 58882 
502157 389697 34009 532466 233428 175566 780288 59541 671641 544069 ,45923 46011 47843 47872 48062 48175 48532 48683 49373 50510 ,502157 389697 34009 532466 233428 175566 780288 59541 544069 22160 ,45923 46011 47843 47872 48062 48175 48532 48683 50510 50857 
338046 467521 338281 22590 344793 351278 273300 905026 81515 351217 ,48463 58911 59927 60980 63501 64566 65396 66126 67487 68336 ,338046 467521 338281 22590 344793 351278 273300 905026 81515 351217 ,48463 58911 59927 60980 63501 64566 65396 66126 67487 68336 
612768 161918 186083 560874 562439 955076 581282 823305 192075 215146 ,66636 66768 70879 73371 74465 74563 78824 79100 81524 83347 ,612768 161918 186083 560874 562439 955076 581282 823305 192075 215146 ,66636 66768 70879 73371 74465 74563 78824 79100 81524 83347 
714195 744498 714604 426177 498743 572910 417060 255551 17267 517580 ,57431 60480 62067 62459 62502 64110 66154 68748 69447 70949 ,714195 744498 714604 426177 498743 572910 417060 255551 17267 517580 ,57431 60480 62067 62459 62502 64110 66154 68748 69447 70949 
553065 836418 60513 629511 598813 15089 532665 696714 173286 491553 ,70681 81527 86207 90425 93409 95764 99354 103719 103981 104088 ,553065 836418 60513 629511 598813 15089 532665 696714 173286 491553 ,70681 81527 86207 90425 93409 95764 99354 103719 103981 104088 
104999 724960 629021 716598 903193 155373 74197 45491 750503 9004 ,51555 64720 65874 67022 68515 71125 72110 72145 73643 73795 ,104999 724960 629021 716598 903193 155373 74197 45491 750503 9004 ,51555 64720 65874 67022 68515 71125 72110 72145 73643 73795 
676318 374862 76921 139384 597463 23671 418478 101867 895986 730586 ,37428 46188 48498 53064 53909 54034 54535 54802 57910 58035 ,676318 374862 76921 139384 597463 23671 418478 101867 895986 730586 ,37428 46188 48498 53064 53909 54034 54535 54802 57910 58035 
339836 356902 343811 596069 625082 540524 550117 204568 503275 247150 ,59668 62275 62943 66699 74940 74997 76181 77884 78503 79000 ,339836 356902 343811 596069 625082 540524 550117 204568 503275 247150 ,59668 62275 62943 66699 74940 74997 76181 77884 78503 79000 
703986 664284 908035 295365 135541 691810 717893 829241 259067 744524 ,58699 78032 79852 86461 87296 87986 88355 88890 90841 92787 ,703986 664284 908035 295365 135541 691810 717893 829241 259067 744524 ,58699 78032 79852 86461 87296 87986 88355 88890 90841 92787 
397340 205288 14648 264727 601738 275181 512441 487698 4095 480484 ,48929 50365 50655 51806 54431 54989 55608 56771 58152 58458 ,397340 205288 14648 264727 601738 275181 512441 487698 4095 480484 ,48929 50365 50655 51806 54431 54989 55608 56771 58152 58458 
905642 397679 645358 903377 171959 678208 428201 701132 784985 210829 ,27195 41528 45834 51260 51588 52207 53405 55147 55419 57098 ,905642 397679 645358 903377 171959 678208 428201 701132 784985 137812 ,27195 41528 45834 51260 51588 52207 53405 55147 55419 58664 
279676 747372 427491 565332 607107 60927 822132 254132 746047 279999 ,17119 23621 29244 29287 29495 29650 30579 31180 31225 31294 ,279676 747372 427491 565332 607107 60927 822132 254132 746047 279999 ,17119 23621 29244 29287 29495 29650 30579 31180 31225 31294 
756381 749555 676413 913664 991564 962519 938597 946743 973108 621952 ,82942 83245 86665 88729 93035 93823 96602 107620 107989 110677 ,756381 749555 676413 913664 991564 962519 938597 946743 973108 621952 ,82942 83245 86665 88729 93035 93823 96602 107620 107989 110677 
51323 885827 884575 772963 227013 242707 45414 772490 943172 832809 ,39742 40188 41886 41917 42012 42114 42167 45061 45239 47804 ,51323 885827 884575 772963 227013 242707 45414 772490 943172 832809 ,39742 40188 41886 41917 42012 42114 42167 45061 45239 47804 
219768 541387 541414 298325 187877 289818 476021 257296 201184 265462 ,38069 48194 49594 51867 53387 53548 53702 54751 56063 56063 ,219768 541414 187877 289818 476021 257296 265462 201184 475674 772073 ,38069 49594 53387 53548 53702 54751 56063 56063 56980 57025 
387574 646457 653978 831630 673631 676916 674239 906272 547887 652445 ,67088 71683 74186 74261 77625 78918 79662 81617 82684 84976 ,387574 646457 653978 831630 673631 676916 674239 906272 652445 646184 ,67088 71683 74186 74261 77625 78918 79662 81617 84976 88471 
771167 730500 12968 842789 522281 846080 543279 630815 14953 223488 ,55454 56519 57890 58152 58381 58690 59541 59603 61607 61769 ,771167 730500 12968 842789 522281 846080 543279 14953 223488 155697 ,55454 56519 57890 58152 58381 58690 59541 61607 61769 62719 
540596 115523 819940 978262 45745 477591 72281 48189 984292 375883 ,40177 42880 44068 49050 49706 50160 50367 50576 51244 51289 ,540596 115523 819940 978262 45745 477591 72281 48189 984292 375883 ,40177 42880 44068 49050 49706 50160 50367 50576 51244 51289 
367770 892233 679012 38484 39534 252383 978098 187994 566147 520919 ,38118 47138 53511 53971 60131 60227 60840 61163 61373 62689 ,367770 892233 679012 38484 39534 252383 978098 187994 566147 520919 ,38118 47138 53511 53971 60131 60227 60840 61163 61373 62689 
133239 134977 573630 812123 851677 877130 772367 584180 39686 793338 ,46202 52211 52404 54869 55801 56746 58680 58927 61121 61274 ,133239 134977 573630 812123 851677 877130 772367 584180 39686 793338 ,46202 52211 52404 54869 55801 56746 58680 58927 61121 61274 
453190 499470 797006 523545 294144 455094 45447 137854 711450 926213 ,79789 80269 89848 93389 97146 97641 101291 101457 101781 101900 ,453190 499470 797006 523545 294144 455094 45447 137854 711450 926213 ,79789 80269 89848 93389 97146 97641 101291 101457 101781 101900 
878499 393614 286787 395841 776772 347490 512242 470497 775554 346289 ,43842 50125 56705 57799 58415 59973 60408 60705 60736 61260 ,878499 393614 286787 395841 776772 347490 512242 470497 775554 346289 ,43842 50125 56705 57799 58415 59973 60408 60705 60736 61260 
834280 576569 591431 823094 875659 888107 63112 137100 139367 11304 ,57988 61741 62089 62127 63108 63719 64744 65662 65711 65730 ,576569 591431 823094 875659 888107 63112 137100 139367 11304 170948 ,61741 62089 62127 63108 63719 64744 65662 65711 65730 66230 
540043 474984 83546 670805 770186 735014 672864 379224 408325 673825 ,33393 34450 34897 34960 35015 35535 35938 36516 36855 37038 ,540043 474984 83546 670805 770186 735014 672864 379224 408325 673825 ,33393 34450 34897 34960 35015 35535 35938 36516 36855 37038 
400886 753970 908686 459125 894819 397322 754063 778063 657344 12565 ,48356 48683 52697 53226 53653 53717 53848 54313 56742 56980 ,400886 753970 908686 894819 397322 754063 203413 62995 996085 116078 ,48356 48683 52697 53653 53717 53848 59179 59181 59189 59447 
834774 994317 887872 670989 692000 834336 38948 670216 670846 37020 ,37125 41215 41420 41579 42075 42201 42413 42478 44024 45433 ,834774 994317 887872 670989 692000 834336 38948 670216 670846 37020 ,37125 41215 41420 41579 42075 42201 42413 42478 44024 45433 
690157 841499 533445 176228 252855 658403 481081 512411 176319 723050 ,59226 61967 62050 62314 63316 63369 63422 63535 64153 64185 ,841499 533445 176228 252855 481081 176319 723050 748714 33844 276012 ,61967 62050 62314 63316 63422 64153 64185 65366 66006 66069 
405911 634859 975169 257331 706440 932537 403958 904105 227927 741447 ,54259 56916 58641 59536 60571 61280 61822 62988 63558 64227 ,405911 634859 975169 257331 706440 932537 403958 904105 227927 741447 ,54259 56916 58641 59536 60571 61280 61822 62988 63558 64227 
913939 867959 487798 695186 871269 912868 224593 912762 128216 950750 ,49063 58282 61991 62916 62923 67071 67916 68305 68904 70645 ,913939 867959 487798 695186 871269 912868 224593 912762 128216 950750 ,49063 58282 61991 62916 62923 67071 67916 68305 68904 70645 
69929 67387 821569 130818 761029 695551 738763 526600 324679 46553 ,93547 93640 95992 96549 98262 99572 99939 100024 100058 100798 ,69929 67387 821569 130818 761029 738763 526600 324679 46553 36161 ,93547 93640 95992 96549 98262 99939 100024 100058 100798 101388 
771001 926793 859394 432657 990763 24334 375860 106348 286383 591169 ,64125 66207 72763 78381 78434 79098 80804 81421 82987 83449 ,771001 926793 859394 432657 990763 24334 375860 106348 286383 591169 ,64125 66207 72763 78381 78434 79098 80804 81421 82987 83449 
180587 18427 142150 550071 685513 720439 185085 713066 430831 625591 ,58209 61494 65070 67340 67628 67772 67886 67897 67915 67949 ,550071 720439 185085 430831 625591 176483 528888 549397 844457 178132 ,67340 67772 67886 67915 67949 68645 68698 68792 69085 69556 
182020 522105 118936 202355 266633 976246 801658 402944 465303 985419 ,50341 54626 65978 68634 68634 68690 69418 69709 70080 72849 ,182020 522105 118936 266633 202355 976246 801658 402944 465303 985419 ,50341 54626 65978 68634 68634 68690 69418 69709 70080 72849 
528495 377309 278962 292147 340430 554704 377286 528628 262753 534926 ,32880 38571 38572 39585 40020 40149 40555 41474 41769 41939 ,528495 377309 278962 292147 340430 554704 377286 528628 262753 534926 ,32880 38571 38572 39585 40020 40149 40555 41474 41769 41939 
394442 966584 709785 494877 570388 526216 448413 492534 221671 121624 ,56726 58501 58583 60165 61669 62340 62785 63825 64577 64635 ,394442 966584 709785 494877 570388 526216 448413 492534 221671 121624 ,56726 58501 58583 60165 61669 62340 62785 63825 64577 64635 
401891 180734 371373 968133 547263 630055 551312 396027 469628 60208 ,7537 67093 70318 72454 73217 74868 75406 75552 75580 77847 ,401891 180734 371373 968133 547263 630055 551312 396027 469628 60208 ,7537 67093 70318 72454 73217 74868 75406 75552 75580 77847 
158215 80474 189061 923340 661490 346521 772745 623376 590441 889556 ,109570 124793 125713 127489 130010 131945 137960 138441 139831 140749 ,158215 80474 189061 923340 661490 346521 772745 623376 590441 889556 ,109570 124793 125713 127489 130010 131945 137960 138441 139831 140749 
24893 664407 287074 914460 746029 746299 990624 257299 376268 295452 ,48351 49764 50290 50376 50933 53084 55276 55348 55399 56161 ,24893 664407 287074 914460 746029 746299 990624 257299 376268 295452 ,48351 49764 50290 50376 50933 53084 55276 55348 55399 56161 
312208 603669 880589 621865 481944 843055 10339 416051 609215 593959 ,39361 45925 47363 47766 48088 48339 48373 49211 49447 50051 ,312208 603669 880589 621865 481944 843055 10339 416051 609215 593959 ,39361 45925 47363 47766 48088 48339 48373 49211 49447 50051 
673249 443186 820326 246972 732279 847585 541499 539313 114390 672468 ,13638 16025 16115 16306 16727 17407 17766 17991 18517 19046 ,673249 443186 820326 246972 732279 847585 541499 539313 114390 672468 ,13638 16025 16115 16306 16727 17407 17766 17991 18517 19046 
135245 975605 869094 134361 455934 686704 883450 256727 471607 883748 ,55284 58023 61751 65079 65461 69999 70103 73247 74131 76447 ,135245 975605 869094 883450 471607 959606 738120 125005 916660 896441 ,55284 58023 61751 70103 74131 76757 77470 77983 78291 79087 
748477 230607 209860 313004 300338 742228 127782 730557 153329 615907 ,76196 78082 84423 84920 85001 85837 86023 86436 86845 86927 ,748477 230607 209860 313004 300338 742228 127782 730557 153329 615907 ,76196 78082 84423 84920 85001 85837 86023 86436 86845 86927 
434652 975562 893440 894439 555197 835284 711282 777268 768986 657649 ,65108 66971 75066 80878 89373 90736 90877 91636 92347 92698 ,434652 975562 893440 894439 555197 835284 711282 777268 768986 657649 ,65108 66971 75066 80878 89373 90736 90877 91636 92347 92698 
632023 534649 742065 745453 448322 802407 846350 803767 118717 242310 ,47463 64016 65915 67566 68764 69795 69969 71218 71281 72411 ,534649 742065 745453 448322 802407 846350 803767 118717 242310 828957 ,64016 65915 67566 68764 69795 69969 71218 71281 72411 73739 
943087 267679 7447 154134 411059 405824 571826 66205 589606 70559 ,80147 85961 95645 103723 104350 104476 105550 105735 107899 108602 ,943087 411059 589606 70559 498689 630690 16471 145088 455723 292723 ,80147 104350 107899 108602 108808 110606 111232 114831 115699 117959 
484880 187072 804855 960718 430355 198995 429409 429981 140051 501786 ,49039 52345 52587 52797 54944 55289 55631 56589 57206 58812 ,484880 187072 804855 960718 430355 198995 429409 429981 140051 501786 ,49039 52345 52587 52797 54944 55289 55631 56589 57206 58812 
603291 395782 974007 482457 862967 844003 946258 565416 348861 960437 ,88702 105880 110914 111138 111718 115714 116330 117464 119222 119574 ,603291 395782 974007 482457 862967 844003 946258 565416 348861 960437 ,88702 105880 110914 111138 111718 115714 116330 117464 119222 119574 
450163 146054 240232 75092 135234 835652 252504 783020 475940 750899 ,76652 88901 94122 96182 99076 99135 103142 103271 104170 107531 ,450163 146054 240232 135234 835652 252504 783020 750899 325415 944256 ,76652 88901 94122 99076 99135 103142 103271 107531 107820 107919 
824191 139116 160718 778219 815798 24910 661769 622000 353403 710252 ,67693 71963 74941 76555 79453 80475 80658 82233 83670 84238 ,824191 139116 160718 778219 815798 24910 661769 622000 353403 710252 ,67693 71963 74941 76555 79453 80475 80658 82233 83670 84238 
700415 735448 264709 637885 409056 809696 7314 543846 11387 706851 ,52609 54823 56750 58044 58719 59447 60445 61186 61614 61624 ,700415 735448 264709 637885 409056 809696 7314 543846 11387 706851 ,52609 54823 56750 58044 58719 59447 60445 61186 61614 61624 
825257 566649 957743 374780 996890 280215 77746 541935 576960 376539 ,36451 43136 43780 45833 50105 53258 54555 54763 55536 55851 ,825257 566649 957743 374780 996890 280215 77746 541935 576960 376539 ,36451 43136 43780 45833 50105 53258 54555 54763 55536 55851 
398354 19670 879457 385718 765936 874936 258580 885752 660176 997236 ,27587 44920 56585 58188 61265 61834 61943 62176 63539 64664 ,398354 19670 879457 385718 765936 874936 258580 885752 660176 997236 ,27587 44920 56585 58188 61265 61834 61943 62176 63539 64664 
381422 753129 236695 805664 779562 397363 280039 46175 278995 659552 ,73509 96306 96990 104982 105974 106499 108360 110089 110875 114378 ,381422 753129 236695 805664 779562 397363 280039 46175 278995 659552 ,73509 96306 96990 104982 105974 106499 108360 110089 110875 114378 
787975 503335 606563 700104 269628 518752 589734 366350 325765 94429 ,49609 55103 55712 59357 59366 69662 71981 73341 74044 74718 ,787975 503335 606563 700104 269628 518752 589734 366350 325765 94429 ,49609 55103 55712 59357 59366 69662 71981 73341 74044 74718 
401822 906131 806209 906840 22981 806298 526485 258273 771243 542741 ,39973 64763 65724 65892 66393 66544 67683 71825 73156 73224 ,401822 906131 806209 906840 22981 526485 258273 771243 542741 909530 ,39973 64763 65724 65892 66393 67683 71825 73156 73224 74394 
398464 402284 949888 700325 679777 282981 59899 923774 678728 951777 ,25056 38411 67171 67941 68291 68496 68957 70808 70819 71753 ,398464 402284 949888 700325 679777 282981 59899 923774 951777 31532 ,25056 38411 67171 67941 68291 68496 68957 70808 71753 72743 
877213 193346 338654 985886 594281 152913 375811 653235 191953 839683 ,49918 58202 59506 63763 65846 66857 67197 68006 68704 69046 ,877213 193346 338654 985886 594281 152913 375811 653235 191953 619423 ,49918 58202 59506 63763 65846 66857 67197 68006 68704 69086 
402653 682805 314754 690464 805530 704528 347071 999130 785935 260213 ,30310 55369 59888 67147 67189 70823 72209 72583 72738 74072 ,402653 682805 314754 690464 704528 347071 999130 785935 260213 365049 ,30310 55369 59888 67147 70823 72209 72583 72738 74072 74102 
398208 403300 398515 819235 697656 751172 94813 474271 203194 375927 ,21037 25114 27584 39204 43070 46183 47417 47623 48421 49005 ,398208 403300 398515 819235 751172 94813 474271 375927 957672 226483 ,21037 25114 27584 39204 46183 47417 47623 49005 50285 50583 
715376 693388 760158 160390 962573 658125 318567 923625 226849 499713 ,67753 67977 68665 69684 70382 71912 72927 73279 73959 74271 ,715376 693388 760158 160390 962573 658125 318567 923625 226849 499713 ,67753 67977 68665 69684 70382 71912 72927 73279 73959 74271 
905235 664453 954193 899093 930652 710322 899058 930254 670818 644244 ,56359 58423 58765 59368 59884 60056 61132 62496 62505 62701 ,905235 664453 954193 899093 930652 710322 899058 930254 670818 644244 ,56359 58423 58765 59368 59884 60056 61132 62496 62505 62701 
557834 411275 811821 807737 229866 983534 39117 217069 7018 597928 ,70322 81466 81615 82317 85897 87128 87544 89708 92309 92492 ,557834 411275 811821 807737 229866 983534 39117 217069 7018 597928 ,70322 81466 81615 82317 85897 87128 87544 89708 92309 92492 
753451 497889 914560 260072 562917 456011 341948 283110 728049 179109 ,73261 73766 73975 74853 75650 77643 77930 78185 78459 78863 ,753451 497889 914560 260072 562917 456011 341948 283110 728049 179109 ,73261 73766 73975 74853 75650 77643 77930 78185 78459 78863 
597566 102859 883520 121712 246888 659593 826573 595702 399690 224777 ,50133 52142 52403 53337 53703 54427 54687 56637 56802 57129 ,597566 102859 883520 121712 246888 659593 826573 595702 399690 224777 ,50133 52142 52403 53337 53703 54427 54687 56637 56802 57129 
841407 341929 516188 135935 426775 629290 333018 289859 142918 24867 ,70592 90279 95608 97514 101819 107546 109144 109469 110065 111626 ,841407 341929 516188 135935 426775 629290 333018 289859 142918 24867 ,70592 90279 95608 97514 101819 107546 109144 109469 110065 111626 
262442 454213 398462 602517 257351 494075 999347 706849 748608 110299 ,57213 60087 62488 68980 69128 75342 75550 75609 75881 76307 ,262442 454213 398462 602517 257351 494075 999347 706849 748608 110299 ,57213 60087 62488 68980 69128 75342 75550 75609 75881 76307 
943387 340093 559053 596441 994392 922925 287559 594579 999791 324996 ,39464 40427 41485 44861 45220 46029 46289 47397 47498 47523 ,943387 340093 559053 596441 994392 922925 287559 594579 999791 324996 ,39464 40427 41485 44861 45220 46029 46289 47397 47498 47523 
402054 398535 401586 984661 299537 405448 715619 877708 809365 451238 ,29369 32824 37302 37665 54253 61730 62822 62844 64315 64537 ,402054 398535 401586 984661 299537 405448 715619 877708 809365 451238 ,29369 32824 37302 37665 54253 61730 62822 62844 64315 64537 
841434 732353 344302 785780 521459 820866 821069 407583 31400 807060 ,53749 60666 61391 63547 67829 68434 68750 69170 70698 70923 ,841434 732353 344302 785780 521459 820866 821069 407583 31400 807060 ,53749 60666 61391 63547 67829 68434 68750 69170 70698 70923 
811271 456497 511624 688865 814404 468053 130059 127401 47274 509308 ,26090 26603 26848 27406 28067 29365 30521 31095 31364 31530 ,811271 456497 511624 688865 814404 468053 130059 127401 47274 509308 ,26090 26603 26848 27406 28067 29365 30521 31095 31364 31530 
281473 284835 705717 162423 467250 469222 378392 176659 808290 60946 ,42819 43323 48674 50523 53955 54638 55295 55338 55606 56567 ,281473 284835 705717 162423 467250 378392 176659 60946 773084 527392 ,42819 43323 48674 50523 53955 55295 55338 56567 56823 56962 
761482 811013 929284 37646 42487 383656 132582 152060 743780 470918 ,41467 47119 53575 54523 55291 56014 57159 57332 63503 66291 ,761482 811013 929284 37646 42487 383656 132582 152060 743780 470918 ,41467 47119 53575 54523 55291 56014 57159 57332 63503 66291 
236083 114941 512851 492577 574323 588208 492214 831137 582749 804277 ,48223 48673 50586 50778 52315 52381 52477 53022 53318 54944 ,236083 114941 512851 492577 588208 492214 831137 582749 804277 832887 ,48223 48673 50586 50778 52381 52477 53022 53318 54944 55007 
927714 3589 865567 510795 839077 770347 944042 710560 31986 204402 ,137893 148044 158238 166315 207186 226122 260432 265263 265665 288516 ,927714 3589 865567 510795 839077 770347 944042 710560 31986 204402 ,137893 148044 158238 166315 207186 226122 260432 265263 265665 288516 
404585 459340 517554 849672 452936 635032 84497 46649 225719 791425 ,18737 37321 37548 37609 38462 38498 39441 39824 40996 42086 ,404585 459340 517554 849672 452936 635032 84497 46649 225719 791425 ,18737 37321 37548 37609 38462 38498 39441 39824 40996 42086 
611462 833703 64825 73492 892582 485086 438573 521367 192808 991794 ,71652 73104 75562 76119 76455 77812 77982 78449 79873 81165 ,611462 833703 64825 73492 892582 485086 438573 521367 192808 991794 ,71652 73104 75562 76119 76455 77812 77982 78449 79873 81165 
126811 527499 815086 185736 150856 57035 137467 972552 539971 299173 ,72778 81696 82798 85679 86434 87640 89327 90913 92034 94311 ,126811 527499 815086 185736 150856 57035 137467 972552 539971 299173 ,72778 81696 82798 85679 86434 87640 89327 90913 92034 94311 
489831 617177 967764 298796 549200 267829 247417 397784 453510 258115 ,126028 126513 131352 136474 140357 145333 145510 145839 146786 149858 ,489831 617177 967764 298796 549200 267829 247417 397784 453510 258115 ,126028 126513 131352 136474 140357 145333 145510 145839 146786 149858 
403051 925492 992336 321233 625405 269094 201352 692852 925039 591349 ,30428 73613 76532 80671 84195 91908 93483 95155 95482 95781 ,403051 925492 992336 321233 625405 269094 201352 692852 925039 591349 ,30428 73613 76532 80671 84195 91908 93483 95155 95482 95781 
321099 748502 232811 629929 396916 104898 834210 525105 269534 841707 ,72732 75716 77718 80668 80765 81991 82594 84585 86336 87600 ,321099 748502 232811 629929 396916 104898 834210 525105 269534 841707 ,72732 75716 77718 80668 80765 81991 82594 84585 86336 87600 
652241 934598 387270 734621 538927 475702 189841 914620 680661 881297 ,113506 135518 140809 141484 143135 144923 148062 152588 155513 157089 ,652241 934598 387270 734621 538927 475702 189841 914620 680661 881297 ,113506 135518 140809 141484 143135 144923 148062 152588 155513 157089 
399614 470032 470078 300843 282165 588048 288681 660952 49639 190779 ,6450 28274 32318 32999 34296 34546 34694 35508 35808 36095 ,399614 470032 470078 300843 282165 588048 288681 660952 49639 190779 ,6450 28274 32318 32999 34296 34546 34694 35508 35808 36095 
449418 48081 845609 210676 632691 131350 777252 219681 973380 845755 ,68089 68176 68320 68614 69385 69670 70250 70899 71406 74925 ,449418 48081 845609 210676 632691 777252 219681 973380 845755 67450 ,68089 68176 68320 68614 69385 70250 70899 71406 74925 75660 
234232 684599 923785 906689 430679 663365 551132 580563 49387 275916 ,86625 97973 108179 109310 110367 111658 112231 112825 113840 115632 ,234232 684599 923785 906689 430679 663365 551132 580563 49387 275916 ,86625 97973 108179 109310 110367 111658 112231 112825 113840 115632 
542786 763454 229834 663923 356197 834255 838065 759471 838618 774647 ,55700 62170 62520 62920 63574 64589 66494 68090 68997 70641 ,542786 763454 229834 663923 356197 834255 838065 759471 838618 774647 ,55700 62170 62520 62920 63574 64589 66494 68090 68997 70641 
398871 721155 655110 654754 41125 655154 960376 656047 655871 599259 ,3947 17657 17844 17922 19056 19246 19347 20095 20266 20625 ,655154 960376 656047 837254 715432 771343 42199 41750 211115 654196 ,19246 19347 20095 21567 21978 22230 22449 23092 23133 23257 
850807 120994 179694 625128 924689 702664 776600 773099 395669 906856 ,53898 71997 75979 77038 80195 82705 82992 84124 84671 85720 ,850807 120994 179694 625128 924689 702664 776600 773099 906856 359466 ,53898 71997 75979 77038 80195 82705 82992 84124 85720 85793 
739665 280802 943691 76597 434780 109712 106786 90550 481687 548263 ,74717 76486 76777 78176 79725 79967 80887 81027 81655 81778 ,739665 280802 943691 76597 434780 109712 106786 90550 481687 548263 ,74717 76486 76777 78176 79725 79967 80887 81027 81655 81778 
853614 883183 849557 682311 836965 929756 769858 181490 141352 765017 ,43572 48205 49882 50052 50120 51729 51828 52342 52456 52725 ,883183 682311 181490 141352 765017 999698 287829 993261 543439 951580 ,48205 50052 52342 52456 52725 53277 53558 53561 53973 54007 
399156 499026 792389 14181 94309 557234 13764 70896 910649 404528 ,27131 88617 90519 90751 91278 95868 96478 97590 97716 97863 ,399156 499026 792389 14181 94309 557234 13764 70896 910649 404528 ,27131 88617 90519 90751 91278 95868 96478 97590 97716 97863 
547789 57610 513751 18807 606615 413516 461059 778422 789575 199419 ,99134 107961 115172 115422 119558 119605 121423 123248 123467 124983 ,547789 57610 18807 606615 413516 461059 778422 789575 199419 22465 ,99134 107961 115422 119558 119605 121423 123248 123467 124983 125436 
400491 631529 455776 169747 244684 489354 155698 995228 980632 729537 ,10336 60761 61158 62493 64700 66379 66688 66994 67704 68438 ,400491 631529 455776 169747 489354 155698 995228 980632 729537 681931 ,10336 60761 61158 62493 66379 66688 66994 67704 68438 69484 
292963 892785 397672 694798 122359 291948 334018 80248 278744 279401 ,41179 42666 45420 45586 45831 46049 46323 46501 47114 47594 ,397672 694798 122359 291948 334018 279401 703368 279772 261861 368246 ,45420 45586 45831 46049 46323 47594 48152 48747 48747 48832 
403522 653282 795762 762328 807999 769800 673594 915202 607143 855016 ,19998 38109 44777 45613 48229 49048 50555 51729 52020 52834 ,403522 653282 795762 762328 807999 769800 673594 915202 607143 855016 ,19998 38109 44777 45613 48229 49048 50555 51729 52020 52834 
270204 298734 402960 222491 394753 414360 119665 622165 340517 968459 ,57921 59634 61320 63199 63746 64850 65787 66176 69089 69463 ,270204 298734 402960 222491 394753 414360 119665 622165 968459 680396 ,57921 59634 61320 63199 63746 64850 65787 66176 69463 70515 
722160 259955 325305 797709 990205 608192 958477 759239 857696 141924 ,73275 78039 83638 83919 86338 90272 94023 95616 96148 97016 ,722160 259955 325305 797709 990205 608192 958477 759239 857696 141924 ,73275 78039 83638 83919 86338 90272 94023 95616 96148 97016 
241521 345097 415197 871587 375687 16382 121802 875535 348637 727149 ,56700 64615 66363 67888 68058 68453 68816 72056 72116 72363 ,241521 345097 415197 871587 375687 16382 875535 348637 727149 344220 ,56700 64615 66363 67888 68058 68453 72056 72116 72363 74731 
172797 834267 226081 495106 618791 465907 940278 465989 706201 15892 ,59116 83702 84307 84972 87375 87392 87426 88605 89258 91855 ,172797 834267 226081 495106 618791 465907 465989 706201 15892 394804 ,59116 83702 84307 84972 87375 87392 88605 89258 91855 95851 
188755 802297 72268 719895 729212 621063 926078 720134 974550 809206 ,52036 52259 55650 57747 59663 60571 61420 61883 62609 64246 ,188755 802297 72268 719895 729212 621063 926078 720134 974550 809206 ,52036 52259 55650 57747 59663 60571 61420 61883 62609 64246 
411290 298878 545179 783482 35870 510142 631340 778359 505847 387963 ,58744 62193 64660 66523 68150 68970 71111 72468 73133 73544 ,411290 298878 545179 783482 35870 510142 631340 778359 505847 387963 ,58744 62193 64660 66523 68150 68970 71111 72468 73133 73544 
436964 61569 584711 248580 975950 562747 481267 248121 734521 620043 ,70427 70562 72317 74790 76982 79100 79114 79274 80562 81111 ,436964 61569 584711 248580 975950 562747 481267 248121 734521 620043 ,70427 70562 72317 74790 76982 79100 79114 79274 80562 81111 
628800 955938 797326 606603 220613 508741 833404 451478 441581 56357 ,88879 96067 103638 103859 104858 106193 106626 107023 111603 111790 ,628800 955938 797326 606603 220613 508741 833404 451478 441581 56357 ,88879 96067 103638 103859 104858 106193 106626 107023 111603 111790 
138236 813963 470429 58451 745470 54691 725380 43343 311173 776923 ,74975 100912 113743 119805 121030 123918 127699 128092 130147 130543 ,138236 813963 470429 58451 745470 54691 725380 43343 311173 776923 ,74975 100912 113743 119805 121030 123918 127699 128092 130147 130543 
711584 260952 995599 995267 978433 445761 899892 986670 670004 639876 ,28428 40048 42437 44912 45444 49456 49542 50222 50386 50814 ,711584 260952 995599 995267 978433 445761 899892 986670 670004 639876 ,28428 40048 42437 44912 45444 49456 49542 50222 50386 50814 
865983 483177 517588 945878 845081 362866 895931 724783 965871 17482 ,75396 79667 82083 83825 88428 88652 88962 88969 89350 89788 ,865983 483177 517588 945878 845081 362866 895931 724783 965871 17482 ,75396 79667 82083 83825 88428 88652 88962 88969 89350 89788 
654383 987679 477710 540118 773404 637551 421998 479249 681887 576796 ,31625 36375 37430 37868 41809 43753 44710 47265 49432 49707 ,654383 987679 477710 540118 773404 637551 421998 479249 681887 576796 ,31625 36375 37430 37868 41809 43753 44710 47265 49432 49707 
308159 968096 892582 821116 835204 24591 371741 343433 190861 211521 ,73548 77286 78890 88349 89123 89187 91611 92208 92245 93313 ,308159 968096 892582 821116 835204 24591 371741 343433 190861 211521 ,73548 77286 78890 88349 89123 89187 91611 92208 92245 93313 
655871 279756 894599 102209 413799 677379 601685 303723 174701 641407 ,57126 57256 69177 73948 74143 76098 81840 85602 89463 89504 ,655871 279756 894599 102209 413799 677379 601685 303723 174701 641407 ,57126 57256 69177 73948 74143 76098 81840 85602 89463 89504 
759702 777363 214381 916236 915019 20066 571840 698544 287451 382202 ,45220 56483 57112 59878 61733 62605 62821 65940 66240 67924 ,759702 777363 214381 916236 915019 571840 698544 287451 382202 983420 ,45220 56483 57112 59878 61733 62821 65940 66240 67924 68951 
730204 14845 954090 227792 309494 522056 860656 10757 724451 261393 ,84348 106089 106920 107563 108400 109792 110438 110607 112769 112885 ,730204 14845 954090 227792 309494 522056 860656 10757 724451 261393 ,84348 106089 106920 107563 108400 109792 110438 110607 112769 112885 
851711 306227 637486 552605 247691 469115 232371 693819 536330 340785 ,24893 29109 33814 35087 38316 40971 41610 42100 43644 44287 ,851711 306227 637486 552605 247691 469115 232371 693819 536330 340785 ,24893 29109 33814 35087 38316 40971 41610 42100 43644 44287 
59805 105609 658146 151881 305478 467730 393131 104734 30087 616159 ,34062 34585 35712 36567 38970 39505 39636 40007 41325 41577 ,104734 30087 385744 355267 155286 566409 24864 536213 637421 499792 ,40007 41325 42457 44644 45199 45863 46532 48809 48920 49209 
187665 503140 187634 938771 937907 225656 905312 265791 187883 637535 ,34570 36325 37751 38804 38816 40509 42494 42803 43341 43572 ,187665 503140 187634 938771 937907 225656 905312 265791 187883 637535 ,34570 36325 37751 38804 38816 40509 42494 42803 43341 43572 
162637 531592 214871 452618 280018 415445 432432 204800 269078 139878 ,48406 48540 48820 50845 51050 51315 51374 51893 51893 52016 ,162637 214871 280018 603790 209265 416664 573196 495527 280230 467135 ,48406 48820 51050 55074 57059 57167 58031 58464 58859 59177 
720067 615562 237125 526572 429522 569889 747701 567841 306382 525032 ,34649 35136 36503 36751 37186 37256 37276 37427 38202 38624 ,720067 615562 237125 526572 429522 569889 747701 567841 306382 525032 ,34649 35136 36503 36751 37186 37256 37276 37427 38202 38624 
474616 60669 270579 514918 148584 290567 670675 80299 574355 619533 ,58491 59043 59483 61947 63140 64843 65793 66522 66666 67445 ,474616 60669 270579 514918 148584 290567 670675 80299 574355 619533 ,58491 59043 59483 61947 63140 64843 65793 66522 66666 67445 
879720 871592 885686 932866 416872 871054 882933 931707 598611 742339 ,31880 32494 33166 33440 33985 34358 35380 35971 36312 36434 ,879720 871592 885686 932866 416872 871054 882933 931707 598611 742339 ,31880 32494 33166 33440 33985 34358 35380 35971 36312 36434 
770646 68812 459803 580437 758057 80640 855136 361718 781888 631881 ,52348 65382 65717 69044 69974 70015 71199 71343 72567 72568 ,770646 68812 459803 580437 758057 80640 855136 361718 781888 631881 ,52348 65382 65717 69044 69974 70015 71199 71343 72567 72568 
142835 63926 675330 379810 559604 530580 55726 489255 740392 497632 ,94049 94373 96692 96938 97353 99243 108294 108856 110071 110518 ,142835 63926 675330 379810 559604 530580 55726 489255 740392 497632 ,94049 94373 96692 96938 97353 99243 108294 108856 110071 110518 
96896 1264 336807 695285 224963 413798 358400 513358 501997 284706 ,53639 55153 58122 58791 58793 59462 59482 59729 60664 60670 ,96896 1264 336807 695285 224963 413798 358400 513358 501997 284706 ,53639 55153 58122 58791 58793 59462 59482 59729 60664 60670 
680412 828049 866588 543339 546618 518581 827571 412499 139960 54608 ,18031 21888 23900 24025 24163 24262 24554 25223 25481 25571 ,680412 828049 866588 543339 546618 518581 827571 412499 139960 54608 ,18031 21888 23900 24025 24163 24262 24554 25223 25481 25571 
296539 520780 748343 519630 18242 262852 135454 993663 174700 823415 ,60369 63107 66548 67604 67782 69050 69908 70619 71763 72583 ,977713 228241 124198 151296 688114 452834 99512 369969 780940 842356 ,73429 79135 83753 83953 86820 88127 89620 91320 91479 91837 
793913 536499 895731 191332 863802 324397 330233 747766 742690 373455 ,41685 46502 51675 53651 53871 55294 55657 59645 61007 61168 ,793913 536499 895731 191332 863802 324397 330233 747766 742690 373455 ,41685 46502 51675 53651 53871 55294 55657 59645 61007 61168 
563418 563425 524698 389616 306381 363643 68703 157625 806085 353794 ,30630 30717 35508 36780 36801 37969 38012 38665 38720 39228 ,563418 563425 524698 389616 306381 363643 68703 157625 806085 353794 ,30630 30717 35508 36780 36801 37969 38012 38665 38720 39228 
14089 606953 379611 48043 777681 892023 224433 843289 841399 696739 ,38805 42281 43682 46513 47513 47863 48689 50417 50760 52064 ,14089 606953 379611 48043 777681 892023 224433 843289 841399 696739 ,38805 42281 43682 46513 47513 47863 48689 50417 50760 52064 
840164 893253 837584 191404 870987 410077 544199 841652 918849 918822 ,34875 40952 48236 51266 53860 56921 57234 57496 57768 59159 ,840164 870987 841652 918849 918822 850948 989558 832095 915760 852157 ,34875 53860 57496 57768 59159 59962 60199 60744 61469 62147 
393065 182701 798726 770844 268578 486342 425976 180641 461478 270497 ,67445 92990 102786 102910 105813 106404 106730 109532 109939 111084 ,393065 182701 798726 770844 268578 486342 425976 180641 461478 270497 ,67445 92990 102786 102910 105813 106404 106730 109532 109939 111084 
225219 203565 577625 252496 131202 688242 81692 208580 744033 70199 ,60891 67373 74058 76910 80260 82168 83288 83660 84408 85464 ,225219 203565 577625 252496 131202 688242 81692 208580 744033 70199 ,60891 67373 74058 76910 80260 82168 83288 83660 84408 85464 
552873 137704 897069 269551 768661 949533 768870 175764 950028 301389 ,46552 58235 60137 60173 61000 65352 65372 66244 68203 68324 ,552873 137704 269551 768661 949533 768870 175764 950028 301389 409240 ,46552 58235 60173 61000 65352 65372 66244 68203 68324 69463 
12964 126794 483563 926399 955260 379196 599596 955271 430355 175363 ,48315 50777 53963 56939 57997 58215 58500 60385 60903 62780 ,12964 126794 483563 926399 955260 379196 599596 955271 430355 175363 ,48315 50777 53963 56939 57997 58215 58500 60385 60903 62780 
7213 538321 6178 810732 196104 992895 512358 461626 380756 52958 ,38384 45332 47162 51913 54836 61114 61556 64846 66214 68003 ,7213 538321 6178 810732 196104 992895 512358 461626 380756 52958 ,38384 45332 47162 51913 54836 61114 61556 64846 66214 68003 
817655 513095 222723 334612 122601 45469 241794 189929 711856 552549 ,50628 54329 55323 58544 58911 59749 61282 61412 62443 62518 ,817655 513095 222723 334612 122601 45469 241794 189929 711856 552549 ,50628 54329 55323 58544 58911 59749 61282 61412 62443 62518 
298149 695483 469183 411211 166363 53776 541137 384107 410700 412071 ,41190 42103 45707 50984 51132 52395 53667 54030 55932 56213 ,298149 695483 411211 166363 53776 384107 410700 412071 893002 893090 ,41190 42103 50984 51132 52395 54030 55932 56213 56489 56629 
224584 849616 860969 58663 443312 987813 905791 208422 842159 102069 ,40501 44766 48953 51657 54147 54552 55152 55916 56933 57460 ,224584 849616 860969 58663 443312 987813 905791 208422 842159 102069 ,40501 44766 48953 51657 54147 54552 55152 55916 56933 57460 
425707 410573 101556 492744 265003 118903 131174 162863 74489 142512 ,81647 90073 95312 99289 99314 99775 100050 103938 104652 105295 ,425707 410573 101556 492744 265003 118903 131174 162863 74489 142512 ,81647 90073 95312 99289 99314 99775 100050 103938 104652 105295 
924226 566075 33522 619985 35272 386729 91037 116321 693928 607116 ,95404 107449 107732 108578 109302 112472 115281 121170 123904 125728 ,924226 566075 33522 619985 35272 386729 91037 116321 693928 607116 ,95404 107449 107732 108578 109302 112472 115281 121170 123904 125728 
16508 864454 997834 530097 739095 481278 639596 514878 632159 790760 ,49726 50568 53301 54802 56822 57071 57529 58587 60052 60707 ,16508 864454 997834 530097 739095 481278 639596 514878 632159 790760 ,49726 50568 53301 54802 56822 57071 57529 58587 60052 60707 
914426 629236 149825 170394 888472 727630 832402 520543 914362 171274 ,101036 107783 111162 112945 113205 113764 114301 115297 116607 118408 ,914426 629236 149825 170394 888472 727630 832402 520543 914362 171274 ,101036 107783 111162 112945 113205 113764 114301 115297 116607 118408 
538689 224433 732344 541872 845267 720428 778054 746039 495278 843289 ,57821 58397 60624 61915 64713 64900 65823 68262 68679 70693 ,538689 224433 732344 541872 845267 720428 778054 746039 495278 843289 ,57821 58397 60624 61915 64713 64900 65823 68262 68679 70693 
629429 13481 809930 728100 670208 174571 344861 178443 680991 973487 ,81708 86547 86966 89905 90418 90463 90648 92225 92734 92818 ,629429 13481 809930 728100 670208 174571 344861 680991 973487 668327 ,81708 86547 86966 89905 90418 90463 90648 92734 92818 93514 
421381 95811 608176 85087 174335 709670 83962 85458 520540 110075 ,59920 64424 66240 68506 70168 72171 73456 73551 73628 74783 ,421381 95811 608176 174335 709670 83962 85458 520540 110075 174081 ,59920 64424 66240 70168 72171 73456 73551 73628 74783 74950 
239309 562181 227434 534471 128059 830914 778982 526085 756809 907071 ,40066 42514 47612 47964 48735 50172 50927 51330 51344 51919 ,239309 562181 227434 534471 128059 830914 778982 526085 756809 907071 ,40066 42514 47612 47964 48735 50172 50927 51330 51344 51919 
735794 242888 127262 60980 693161 791422 916979 381063 525776 11925 ,68247 71952 72307 75628 82805 84962 87164 88354 88738 89991 ,735794 242888 127262 60980 693161 791422 916979 381063 525776 11925 ,68247 71952 72307 75628 82805 84962 87164 88354 88738 89991 
154596 262964 804907 698478 241090 313842 711917 451647 180780 736486 ,81361 90592 97804 99112 99811 105480 111203 111777 111963 112965 ,154596 262964 804907 698478 241090 313842 711917 451647 180780 736486 ,81361 90592 97804 99112 99811 105480 111203 111777 111963 112965 
476667 893264 405903 578654 723971 537474 559495 580459 93876 640605 ,25305 29664 34612 38220 38490 39812 42441 42576 43056 45458 ,476667 893264 405903 578654 723971 537474 559495 580459 93876 640605 ,25305 29664 34612 38220 38490 39812 42441 42576 43056 45458 
191227 823542 513218 886142 976824 637768 373771 614443 419880 521475 ,28359 28660 30256 31309 33969 36949 38640 38958 39260 39473 ,191227 823542 513218 886142 976824 637768 373771 614443 419880 521475 ,28359 28660 30256 31309 33969 36949 38640 38958 39260 39473 
655118 699176 312590 228045 290178 216018 549628 803039 162256 628142 ,46689 58153 60798 70962 75132 78168 78340 79630 79690 81275 ,655118 699176 312590 228045 290178 216018 549628 803039 162256 628142 ,46689 58153 60798 70962 75132 78168 78340 79630 79690 81275 
441575 569983 870365 844104 226362 172936 220090 957413 828251 217478 ,76589 95006 98268 102148 105808 108599 112338 112650 112672 113934 ,441575 569983 870365 844104 226362 172936 220090 957413 828251 217478 ,76589 95006 98268 102148 105808 108599 112338 112650 112672 113934 
112512 477273 382115 569487 667224 839456 602296 905695 823505 122928 ,22802 22995 23628 24969 25440 25971 26003 26178 26581 27543 ,112512 477273 382115 569487 667224 839456 602296 905695 823505 122928 ,22802 22995 23628 24969 25440 25971 26003 26178 26581 27543 
353085 372023 354082 663230 744249 89620 343436 295403 716545 698923 ,62474 65322 72681 74025 74044 74195 76891 77266 77359 77406 ,353085 372023 354082 663230 89620 343436 295403 716545 698923 272649 ,62474 65322 72681 74025 74195 76891 77266 77359 77406 77988 
259902 61332 94418 131166 21696 784779 780677 548333 488846 81560 ,23011 24109 26590 28285 28541 31362 31367 31468 31679 31988 ,259902 61332 94418 131166 21696 784779 780677 548333 488846 81560 ,23011 24109 26590 28285 28541 31362 31367 31468 31679 31988 
470283 383012 899321 832011 784020 329733 419147 35469 54965 234007 ,61704 74521 86418 93392 95586 96771 99209 100192 104887 107499 ,470283 383012 899321 832011 784020 329733 419147 35469 54965 234007 ,61704 74521 86418 93392 95586 96771 99209 100192 104887 107499 
419738 863060 828342 935871 915067 304056 223969 227111 940248 415210 ,42780 50114 50302 56314 60832 61306 61367 63198 63955 66539 ,419738 863060 828342 935871 915067 304056 223969 227111 940248 415210 ,42780 50114 50302 56314 60832 61306 61367 63198 63955 66539 
383026 442115 49202 57779 472844 770816 641570 807994 944979 375035 ,48081 65069 73939 75136 76485 77497 79156 79814 80534 81320 ,383026 442115 49202 57779 472844 770816 641570 807994 944979 375035 ,48081 65069 73939 75136 76485 77497 79156 79814 80534 81320 
929978 448699 287073 754944 601573 357827 767046 800514 938464 477173 ,50981 52988 64245 66509 66889 67242 73193 73281 75353 77085 ,929978 448699 287073 754944 601573 357827 767046 800514 938464 477173 ,50981 52988 64245 66509 66889 67242 73193 73281 75353 77085 
280212 108248 152404 319383 525679 337914 282924 280395 814664 186326 ,28787 32815 35435 35522 35553 36901 37529 38102 38594 39406 ,280212 108248 152404 319383 525679 337914 282924 280395 814664 186326 ,28787 32815 35435 35522 35553 36901 37529 38102 38594 39406 
462314 123919 82142 113062 711167 39605 474784 132935 567159 204546 ,45421 54284 55081 57831 57933 59878 60253 62396 63704 64053 ,462314 123919 82142 113062 711167 39605 474784 132935 567159 204546 ,45421 54284 55081 57831 57933 59878 60253 62396 63704 64053 
101322 989116 126948 719815 67642 237620 341901 943060 118256 188279 ,48130 49538 53653 53800 54478 54794 55718 55882 56009 56508 ,719815 67642 237620 341901 943060 188279 924058 861958 11689 988755 ,53800 54478 54794 55718 55882 56508 57509 58204 58321 59749 
56729 110806 139196 643934 270518 828367 513639 608608 864653 686000 ,60997 69509 72017 79521 81032 81281 84084 84853 86776 87756 ,56729 110806 139196 643934 270518 828367 513639 608608 864653 686000 ,60997 69509 72017 79521 81032 81281 84084 84853 86776 87756 
109657 949488 190429 83775 475671 770030 514794 10676 465073 240899 ,59886 68562 69522 72733 73300 73860 75512 75556 75557 75715 ,109657 949488 190429 83775 475671 770030 514794 10676 465073 240899 ,59886 68562 69522 72733 73300 73860 75512 75556 75557 75715 
863514 472112 454011 744080 250975 143056 812425 559332 50901 605327 ,33912 40421 50063 51473 54292 63128 65309 66846 68205 68707 ,863514 472112 454011 744080 250975 143056 812425 559332 50901 605327 ,33912 40421 50063 51473 54292 63128 65309 66846 68205 68707 
855843 770250 904265 468273 479340 707065 341103 355910 441485 478478 ,40759 43141 50711 58067 58704 60750 62202 65947 66511 66940 ,770250 904265 468273 479340 707065 341103 355910 441485 478478 699688 ,43141 50711 58067 58704 60750 62202 65947 66511 66940 68280 
244728 246398 109991 696471 789970 485612 10290 843984 203862 655688 ,83303 85449 86559 88818 93132 98552 103278 104300 104714 108000 ,244728 246398 109991 696471 789970 485612 10290 843984 203862 655688 ,83303 85449 86559 88818 93132 98552 103278 104300 104714 108000 
52315 386243 642004 800551 767372 683948 376289 641971 380546 793324 ,30442 39357 41626 42340 45915 47687 56540 59249 63124 65576 ,52315 386243 642004 800551 683948 641971 380546 793324 52274 57491 ,30442 39357 41626 42340 47687 59249 63124 65576 66311 67564 
830004 800760 46783 409549 86757 57318 924226 802707 897508 909784 ,68068 70134 70769 71070 77264 78330 78827 78941 81231 81817 ,830004 800760 46783 409549 86757 57318 924226 802707 897508 909784 ,68068 70134 70769 71070 77264 78330 78827 78941 81231 81817 
594233 383057 83342 556676 891506 598533 189843 633042 940044 949308 ,73818 77308 79318 85499 87896 88610 89013 89267 89900 90149 ,594233 383057 83342 556676 891506 598533 189843 633042 940044 949308 ,73818 77308 79318 85499 87896 88610 89013 89267 89900 90149 
551697 525918 698361 815643 926806 4561 214850 429810 250334 734918 ,22585 36436 37554 41339 42039 42176 45176 45446 45788 46470 ,551697 525918 698361 815643 926806 4561 214850 429810 250334 734918 ,22585 36436 37554 41339 42039 42176 45176 45446 45788 46470 
803477 467656 203427 395240 752609 834053 895042 901183 519429 86420 ,59817 60988 63982 64533 66165 66334 66988 70225 70700 71776 ,803477 467656 203427 395240 752609 834053 895042 901183 519429 86420 ,59817 60988 63982 64533 66165 66334 66988 70225 70700 71776 
723989 678452 455335 213706 625168 322875 120764 959146 4546 682202 ,121688 143864 146660 147390 153240 159636 161990 162109 164366 165626 ,723989 678452 455335 213706 625168 322875 120764 959146 4546 682202 ,121688 143864 146660 147390 153240 159636 161990 162109 164366 165626 
974734 269719 94769 948796 113714 930061 944553 371000 734979 202497 ,73508 91081 97914 99878 100644 103648 105196 106063 108957 111157 ,974734 269719 94769 948796 113714 930061 944553 371000 734979 202497 ,73508 91081 97914 99878 100644 103648 105196 106063 108957 111157 
502766 158667 386324 584155 562900 729096 445665 453883 795250 870079 ,38325 38392 38515 40940 41590 41609 43893 45266 46164 46697 ,502766 158667 386324 584155 562900 729096 445665 453883 795250 870079 ,38325 38392 38515 40940 41590 41609 43893 45266 46164 46697 
73250 898220 71356 340263 84824 84156 695570 79114 380679 203710 ,55932 59045 59694 62038 62298 62775 65124 65325 65386 65452 ,73250 898220 71356 340263 84824 84156 695570 79114 380679 203710 ,55932 59045 59694 62038 62298 62775 65124 65325 65386 65452 
190272 484793 736005 295173 287035 754066 376410 304888 290566 725739 ,69865 73749 75774 77273 78502 81722 85251 86092 86593 87744 ,484793 287035 376410 304888 622746 119599 336230 402195 215080 27464 ,73749 78502 85251 86092 87789 87837 88774 89070 90710 91284 
731655 278207 417046 527267 343447 601217 717240 732507 585738 804917 ,63086 63360 65803 66688 67242 67647 68127 68560 68815 69008 ,731655 278207 417046 527267 343447 601217 717240 732507 585738 804917 ,63086 63360 65803 66688 67242 67647 68127 68560 68815 69008 
635268 543433 796912 442931 81505 381872 874241 487018 900194 543501 ,62309 71353 71890 75256 76845 81016 81192 81802 82632 82952 ,635268 543433 796912 442931 81505 381872 874241 487018 900194 543501 ,62309 71353 71890 75256 76845 81016 81192 81802 82632 82952 
204021 239460 490388 507602 843278 513862 248315 106966 663908 194835 ,32163 35470 37032 37499 40414 40910 41079 41225 41238 41917 ,204021 239460 490388 507602 843278 513862 248315 106966 663908 231883 ,32163 35470 37032 37499 40414 40910 41079 41225 41238 42595 
251311 918552 187700 187735 917369 851720 515343 48293 332012 125930 ,23219 23926 28556 28591 29642 30978 31076 31125 31522 31564 ,251311 918552 917369 515343 48293 891478 373655 802061 563456 406174 ,23219 23926 29642 31076 31125 32452 32953 32989 33982 35569 
96488 224340 67308 861074 474279 97665 686609 184212 868153 595994 ,32175 41535 42105 42725 44618 45205 45776 46233 46995 47125 ,274352 60865 208251 522553 586970 542320 952302 867804 831218 745423 ,48613 49000 51541 52929 53079 53395 54217 54745 55258 55685 
33657 876717 322936 392215 152775 573703 218372 292523 100286 818313 ,89985 98514 101936 104477 105664 106659 108586 112484 115319 117492 ,33657 876717 322936 392215 152775 573703 218372 292523 100286 818313 ,89985 98514 101936 104477 105664 106659 108586 112484 115319 117492 
349681 552956 458824 32925 769696 578653 822065 454294 967764 850236 ,64156 70121 75712 78510 79036 79696 82546 83512 84221 84596 ,349681 458824 32925 769696 578653 822065 454294 967764 850236 343791 ,64156 75712 78510 79036 79696 82546 83512 84221 84596 86097 
181871 841528 990016 504758 961475 718206 805629 326157 775091 737752 ,49885 53449 56760 66438 67513 67763 68962 69323 71228 72550 ,181871 841528 990016 504758 961475 718206 805629 775091 737752 933898 ,49885 53449 56760 66438 67513 67763 68962 71228 72550 72939 
165923 251899 682519 796682 73230 381482 873525 966540 966695 437216 ,54249 58289 59014 62022 62193 62608 64024 65099 65351 65502 ,165923 251899 682519 796682 73230 381482 873525 966540 966695 437216 ,54249 58289 59014 62022 62193 62608 64024 65099 65351 65502 
398763 355329 417024 709194 420786 617893 497486 159032 804604 722753 ,54419 54513 54757 54995 55652 56292 59068 61176 61204 61285 ,398763 355329 417024 709194 420786 617893 497486 159032 804604 722753 ,54419 54513 54757 54995 55652 56292 59068 61176 61204 61285 
653012 378579 48564 876158 404768 219356 597023 418229 896100 945010 ,60830 63196 69736 74543 74934 76333 77479 77530 77656 78712 ,653012 378579 48564 876158 404768 219356 597023 418229 896100 945010 ,60830 63196 69736 74543 74934 76333 77479 77530 77656 78712 
315501 586833 852352 129066 884051 9943 456133 947061 353964 904196 ,79718 84639 90733 94847 97181 101236 101895 102600 103261 103286 ,315501 586833 852352 129066 884051 9943 456133 947061 353964 904196 ,79718 84639 90733 94847 97181 101236 101895 102600 103261 103286 
589661 615440 319409 469826 658615 834507 468524 484031 484663 689437 ,91849 98773 99021 99744 101093 103718 105284 107226 109131 110029 ,589661 615440 319409 469826 658615 834507 468524 484031 484663 689437 ,91849 98773 99021 99744 101093 103718 105284 107226 109131 110029 
996905 483293 480349 958613 931896 564606 57505 777599 670551 249025 ,42801 44079 54145 54878 55929 56520 56935 57470 58353 58809 ,996905 483293 480349 958613 931896 564606 57505 777599 249025 917438 ,42801 44079 54145 54878 55929 56520 56935 57470 58809 58838 
858410 985745 985631 630115 885964 268686 540549 987013 906521 668136 ,40843 41109 42515 44307 45057 45618 45713 47524 47869 48641 ,858410 985745 985631 630115 885964 268686 540549 987013 906521 833138 ,40843 41109 42515 44307 45057 45618 45713 47524 47869 49755 
56330 404889 57701 452248 952508 571445 378848 467301 820455 922595 ,31380 34423 38278 38462 43072 45067 45144 45936 46683 46789 ,452248 952508 378848 820455 922595 472327 790422 481713 880389 323051 ,38462 43072 45144 46683 46789 47585 51232 51293 51397 53101 
443809 955119 826158 850682 906981 912968 787822 970091 377907 198546 ,24933 25661 33283 33899 34766 34881 38107 39731 39989 41508 ,443809 955119 826158 850682 906981 912968 787822 970091 377907 198546 ,24933 25661 33283 33899 34766 34881 38107 39731 39989 41508 
871954 17535 32655 982470 380816 944238 628234 200962 357587 366874 ,82393 84989 89339 96080 96514 97485 97906 99152 99177 100807 ,871954 17535 32655 982470 380816 944238 628234 200962 357587 366874 ,82393 84989 89339 96080 96514 97485 97906 99152 99177 100807 
49013 617419 277721 308134 853880 212872 593813 485324 198529 916316 ,93748 113049 122384 152182 153044 156607 160450 161378 166929 177869 ,49013 617419 277721 308134 853880 212872 593813 485324 198529 916316 ,93748 113049 122384 152182 153044 156607 160450 161378 166929 177869 
864482 678807 226484 924305 868031 853083 885507 264421 104865 274429 ,36793 41731 46901 49998 53336 54697 55603 55767 55799 56215 ,864482 678807 226484 924305 868031 853083 885507 264421 104865 274429 ,36793 41731 46901 49998 53336 54697 55603 55767 55799 56215 
88563 865859 668363 577878 930136 942209 911975 841345 303664 153993 ,71444 71665 72124 76528 76753 78766 81458 82686 82762 83186 ,88563 865859 668363 577878 930136 942209 911975 841345 303664 153993 ,71444 71665 72124 76528 76753 78766 81458 82686 82762 83186 
810430 900333 810452 810864 303695 480222 922643 741013 42546 341976 ,41520 47586 48718 50961 51583 52624 53187 53296 54336 54654 ,810430 900333 810452 810864 303695 480222 922643 741013 42546 341976 ,41520 47586 48718 50961 51583 52624 53187 53296 54336 54654 
678229 93785 495278 727084 377562 538954 18494 973678 750772 671241 ,53793 66466 73675 75265 76077 77559 78883 79667 82179 82277 ,678229 93785 495278 727084 377562 538954 18494 973678 750772 671241 ,53793 66466 73675 75265 76077 77559 78883 79667 82179 82277 
218054 898252 405093 470518 851926 414277 802215 8904 601874 378266 ,37132 56786 57896 60725 62733 67578 69639 70604 71033 71113 ,218054 898252 405093 470518 851926 414277 8904 601874 378266 257336 ,37132 56786 57896 60725 62733 67578 70604 71033 71113 71836 
258554 244307 517402 658696 500776 208242 966977 224416 911498 587547 ,42959 48563 49574 50288 53477 53938 54013 54062 54703 55368 ,258554 244307 517402 658696 500776 208242 966977 224416 911498 587547 ,42959 48563 49574 50288 53477 53938 54013 54062 54703 55368 
680258 120326 859080 288774 617815 20976 512793 616382 233097 255964 ,73695 93209 93218 98578 99640 101299 101961 102146 104514 104647 ,680258 120326 859080 288774 617815 20976 512793 616382 233097 255964 ,73695 93209 93218 98578 99640 101299 101961 102146 104514 104647 
265983 892748 100953 465268 522216 704111 259618 543324 658655 269955 ,36428 38156 43483 44930 44960 45204 45820 46102 46108 47025 ,265983 892748 100953 465268 522216 704111 259618 543324 658655 269955 ,36428 38156 43483 44930 44960 45204 45820 46102 46108 47025 
882445 455115 783039 787169 718245 713259 454269 805999 855272 644796 ,70515 75606 80815 83297 84898 86979 88018 91763 93161 93620 ,882445 455115 783039 787169 718245 713259 454269 805999 855272 644796 ,70515 75606 80815 83297 84898 86979 88018 91763 93161 93620 
524319 387594 503555 368228 391685 201090 438211 866929 73096 698181 ,63723 73961 73984 74952 77832 78836 80577 82703 82713 82951 ,524319 387594 503555 368228 391685 201090 438211 866929 73096 698181 ,63723 73961 73984 74952 77832 78836 80577 82703 82713 82951 
431346 723500 338785 111921 524025 261758 526374 498654 709117 54373 ,35493 39645 41578 41927 42359 42379 42394 42912 43351 43858 ,431346 723500 338785 111921 524025 261758 526374 498654 709117 54373 ,35493 39645 41578 41927 42359 42379 42394 42912 43351 43858 
97230 741106 796121 464131 61608 390854 611713 70116 489744 185703 ,96891 112532 127619 130828 130978 133825 135884 136252 137631 143181 ,97230 741106 796121 464131 61608 390854 611713 70116 489744 185703 ,96891 112532 127619 130828 130978 133825 135884 136252 137631 143181 
909720 645946 915135 981331 178319 380927 421034 975166 67176 153423 ,40895 49584 58877 62680 64518 70353 74035 74353 74626 74805 ,909720 645946 915135 981331 178319 380927 421034 975166 67176 763107 ,40895 49584 58877 62680 64518 70353 74035 74353 74626 75680 
418892 776314 656845 882175 418857 881956 656450 373607 187347 828043 ,15730 19944 22719 24677 26848 27770 28022 30960 31354 31739 ,418892 776314 656845 882175 418857 881956 656450 373607 187347 814867 ,15730 19944 22719 24677 26848 27770 28022 30960 31354 32360 
15558 198182 966269 916316 742244 100089 732456 807720 977683 730248 ,66364 68739 71306 73004 73053 77805 78148 80011 81270 82600 ,15558 198182 966269 916316 742244 100089 732456 807720 977683 730248 ,66364 68739 71306 73004 73053 77805 78148 80011 81270 82600 
860679 908980 241771 614635 929372 649424 649317 689786 677557 656113 ,107066 118856 119734 125858 126090 127932 130485 130847 131632 133029 ,860679 908980 241771 614635 929372 649424 677557 656113 529184 952297 ,107066 118856 119734 125858 126090 127932 131632 133029 134115 134691 
234606 30886 235015 833018 322503 860712 751704 737741 652996 877430 ,35589 37957 38339 41751 41936 42105 42232 42401 42523 42761 ,234606 30886 235015 833018 322503 860712 751704 737741 652996 877430 ,35589 37957 38339 41751 41936 42105 42232 42401 42523 42761 
537916 553723 382916 387222 986055 775474 903404 554497 986285 441119 ,42428 42954 47099 47841 50231 50987 51239 51309 51786 51973 ,537916 553723 382916 387222 986055 775474 903404 554497 986285 441119 ,42428 42954 47099 47841 50231 50987 51239 51309 51786 51973 
834835 772731 665818 489625 630438 432748 967614 795903 262724 181177 ,60215 60523 60588 62757 64061 66027 67092 67852 68615 69334 ,834835 772731 665818 489625 630438 432748 967614 795903 262724 181177 ,60215 60523 60588 62757 64061 66027 67092 67852 68615 69334 
934485 703334 573759 422045 691842 196778 275594 452309 982166 421862 ,67362 72538 72689 72696 72732 72990 72990 73489 74001 74639 ,934485 703334 573759 422045 691842 196778 275594 452309 982166 421862 ,67362 72538 72689 72696 72732 72990 72990 73489 74001 74639 
644478 651550 380658 644504 642387 644452 650740 781183 643183 649172 ,28492 30424 31101 31682 32234 32638 33058 33618 34291 34468 ,644478 651550 380658 644504 642387 644452 650740 781183 643183 649172 ,28492 30424 31101 31682 32234 32638 33058 33618 34291 34468 
902316 377876 441445 764585 55332 190218 398021 9057 685686 800939 ,39120 44378 50381 51906 54491 57009 59577 60647 61518 61787 ,902316 377876 441445 764585 55332 190218 398021 9057 685686 800939 ,39120 44378 50381 51906 54491 57009 59577 60647 61518 61787 
129399 275450 921472 21268 426654 782147 580745 743759 249337 264717 ,54283 55585 55649 59692 60060 60955 61135 61150 61870 62616 ,129399 249337 216136 889078 925080 310694 426646 699545 777150 585617 ,54283 61870 64925 66206 66272 67087 67491 67614 67994 67996 
209608 297588 923220 844330 564410 847803 679659 481119 980381 502591 ,56243 60518 61012 65238 65352 67658 67834 68366 68717 68936 ,209608 297588 923220 844330 564410 847803 679659 481119 980381 502591 ,56243 60518 61012 65238 65352 67658 67834 68366 68717 68936 
677864 242980 100192 197176 275992 983304 921603 12476 341991 596261 ,30018 32220 33218 33718 33718 34535 34685 35458 35672 36394 ,677864 242980 100192 197176 275992 983304 921603 12476 341991 409443 ,30018 32220 33218 33718 33718 34535 34685 35458 35672 36488 
93840 68733 242091 986973 820306 520442 514194 903624 528413 71694 ,47311 48792 51850 52802 53298 53826 54250 55285 55449 55702 ,93840 68733 242091 986973 520442 514194 903624 71694 242181 170520 ,47311 48792 51850 52802 53826 54250 55285 55702 56893 57826 
839858 437285 901777 829982 213324 867680 658775 669552 776817 858364 ,35838 36662 44061 44870 45234 45636 47260 47862 48090 48271 ,839858 437285 901777 829982 213324 867680 658775 669552 776817 858364 ,35838 36662 44061 44870 45234 45636 47260 47862 48090 48271 
419492 467881 389654 305627 448371 629013 350703 279958 390187 397215 ,20357 47557 59033 61877 62126 62854 63300 65078 65301 65332 ,419492 467881 389654 305627 448371 629013 350703 279958 390187 397215 ,20357 47557 59033 61877 62126 62854 63300 65078 65301 65332 
419423 266582 850343 822297 201253 265531 698239 455349 340821 810887 ,29922 43624 45366 45540 46533 46533 46842 47760 49678 51418 ,419423 850343 822297 265531 201253 698239 455349 340821 810887 28443 ,29922 45366 45540 46533 46533 46842 47760 49678 51418 52935 
98956 519512 518960 62381 67965 636334 64075 600164 684953 322671 ,60793 60846 61608 63014 65202 65566 66723 67263 68935 69047 ,98956 519512 62381 67965 636334 64075 322671 750395 29519 430788 ,60793 60846 63014 65202 65566 66723 69047 69342 69886 70802 
13999 390382 590480 860875 796197 518846 464613 584708 114170 460854 ,75718 76081 76780 76958 77495 78810 79478 79713 80780 81842 ,13999 390382 590480 860875 796197 518846 464613 584708 114170 460854 ,75718 76081 76780 76958 77495 78810 79478 79713 80780 81842 
453540 453913 238056 687513 850201 247871 794999 497012 790796 790995 ,31425 38641 39476 39944 40982 41633 41762 42299 42350 43082 ,453540 453913 238056 687513 850201 247871 794999 790796 790995 308177 ,31425 38641 39476 39944 40982 41633 41762 42350 43082 43166 
821063 508863 319747 412656 175178 965741 58827 519798 237551 714399 ,34962 36435 37275 37616 39231 39297 39674 40149 40585 41465 ,821063 508863 319747 412656 175178 965741 58827 519798 237551 714399 ,34962 36435 37275 37616 39231 39297 39674 40149 40585 41465 
419429 236852 799519 693992 740190 397350 850371 101714 965230 851071 ,45100 46807 47604 51109 51734 51950 52928 53393 54008 54625 ,419429 236852 799519 693992 740190 397350 850371 101714 965230 851071 ,45100 46807 47604 51109 51734 51950 52928 53393 54008 54625 
154926 115973 587380 413760 403321 770030 484472 586565 109231 875363 ,96718 122030 122139 122265 125350 127947 128401 128539 129269 129842 ,154926 115973 587380 413760 403321 770030 484472 586565 109231 875363 ,96718 122030 122139 122265 125350 127947 128401 128539 129269 129842 
450040 794051 801526 627915 477130 805090 891311 369825 878759 126381 ,24602 29900 30152 35749 36098 36294 36630 36804 36816 36969 ,450040 794051 801526 477130 805090 891311 369825 878759 126381 603267 ,24602 29900 30152 36098 36294 36630 36804 36816 36969 37267 
967414 944417 942201 398798 504599 552342 101671 31746 636703 247557 ,72796 83441 86195 86528 89095 90296 91361 91381 92513 92742 ,967414 944417 942201 398798 504599 552342 101671 31746 636703 247557 ,72796 83441 86195 86528 89095 90296 91361 91381 92513 92742 
945721 864405 765678 449682 802241 769620 761558 804591 383656 216024 ,81471 83488 89813 90886 91963 92949 96037 96226 97444 97824 ,945721 864405 765678 449682 802241 769620 761558 804591 383656 216024 ,81471 83488 89813 90886 91963 92949 96037 96226 97444 97824 
420062 583741 203839 268117 366066 720839 965967 204690 268968 430108 ,27115 41434 41879 41879 42505 42748 43241 44432 44432 44987 ,420062 583741 203839 268117 366066 720839 965967 268968 204690 430108 ,27115 41434 41879 41879 42505 42748 43241 44432 44432 44987 
880057 219263 144982 973848 511792 633978 145231 86832 255105 194716 ,85081 88309 88407 89273 91018 94020 94465 94571 95915 96310 ,880057 219263 144982 973848 511792 633978 145231 86832 255105 194716 ,85081 88309 88407 89273 91018 94020 94465 94571 95915 96310 
476785 904876 890416 871325 486127 331722 804732 692791 125260 933667 ,87318 120105 128667 128714 150844 151886 157748 164520 181606 189987 ,476785 904876 890416 871325 486127 331722 804732 692791 125260 933667 ,87318 120105 128667 128714 150844 151886 157748 164520 181606 189987 
742593 53042 190043 282792 692597 310694 760198 87264 451513 56276 ,93877 95594 98451 115008 115617 121023 121954 122442 122859 124033 ,742593 53042 190043 282792 692597 310694 760198 87264 451513 56276 ,93877 95594 98451 115008 115617 121023 121954 122442 122859 124033 
285171 241177 171496 283955 957263 924246 195310 9236 966107 64516 ,67228 68164 75822 78619 83552 84994 86845 87713 88540 90089 ,285171 241177 171496 283955 957263 924246 195310 9236 966107 64516 ,67228 68164 75822 78619 83552 84994 86845 87713 88540 90089 
631552 172422 959005 369368 575935 535502 7593 624490 533221 547305 ,75077 86987 88672 91868 94075 96413 97029 97708 98003 98698 ,631552 172422 959005 369368 575935 535502 7593 624490 533221 547305 ,75077 86987 88672 91868 94075 96413 97029 97708 98003 98698 
101907 99311 113692 614443 862271 979700 753943 886142 881114 51461 ,39310 39563 48354 49126 49224 49648 50574 50597 52755 53702 ,101907 99311 113692 614443 862271 979700 753943 886142 881114 51461 ,39310 39563 48354 49126 49224 49648 50574 50597 52755 53702 
81905 97827 884406 309925 487720 517069 79495 528782 408881 771984 ,45357 47459 54847 57483 58654 60198 61055 61326 61398 62388 ,81905 97827 884406 309925 487720 517069 79495 528782 408881 771984 ,45357 47459 54847 57483 58654 60198 61055 61326 61398 62388 
431346 431834 392340 287301 256060 529698 520371 600721 100762 531983 ,26331 29215 29709 30355 30457 30671 30922 32107 32739 32827 ,431346 431834 392340 287301 256060 529698 520371 600721 100762 531983 ,26331 29215 29709 30355 30457 30671 30922 32107 32739 32827 
496475 291351 610309 257109 347311 952906 577597 81707 102287 679681 ,73014 77784 77824 78742 79519 79830 80061 81850 82269 83312 ,496475 291351 610309 257109 347311 952906 577597 81707 679681 528209 ,73014 77784 77824 78742 79519 79830 80061 81850 83312 84405 
420598 420677 15657 420851 395042 761118 832507 947356 506652 852961 ,17010 38838 44312 45511 45995 46639 47941 50431 50545 54244 ,420598 15657 420851 395042 832507 947356 506652 852961 703034 205267 ,17010 44312 45511 45995 47941 50431 50545 54244 54825 55191 
836749 214973 177281 176224 419539 419398 31216 501801 217548 394865 ,29540 30776 31340 31778 32357 32894 33560 34379 34741 35103 ,836749 214973 177281 176224 419539 419398 31216 501801 217548 394865 ,29540 30776 31340 31778 32357 32894 33560 34379 34741 35103 
84739 838919 494036 418585 399444 784532 600874 782162 571725 21353 ,78469 83718 85568 87656 87775 89634 90586 91530 92110 92147 ,838919 494036 418585 399444 784532 600874 782162 571725 21353 196037 ,83718 85568 87656 87775 89634 90586 91530 92110 92147 94540 
397852 87707 403187 218642 403191 552533 402620 91105 475588 774608 ,25270 27148 33230 33624 34161 34360 34705 38648 39158 39744 ,397852 87707 403187 218642 552533 402620 91105 475588 774608 401165 ,25270 27148 33230 33624 34360 34705 38648 39158 39744 39832 
50192 57240 76453 553589 685361 155402 546876 747018 335355 295688 ,41682 41852 41938 43630 44363 45353 45572 45762 45787 45801 ,50192 57240 76453 553589 685361 155402 546876 747018 335355 295688 ,41682 41852 41938 43630 44363 45353 45572 45762 45787 45801 
898788 420867 595532 293974 958109 425486 852940 180701 666074 851076 ,53527 55074 57006 58324 59982 60699 60873 60969 61721 61744 ,898788 420867 595532 293974 958109 425486 852940 180701 666074 851076 ,53527 55074 57006 58324 59982 60699 60873 60969 61721 61744 
577516 410436 811127 967427 163444 612749 851167 958226 397267 475569 ,36259 40010 43237 45835 46879 47597 47762 49572 50658 51159 ,577516 410436 811127 967427 163444 612749 851167 958226 397267 475569 ,36259 40010 43237 45835 46879 47597 47762 49572 50658 51159 
169612 620350 686213 16343 929438 880728 397435 703543 178564 72055 ,71675 72655 74115 77030 78082 80023 80483 80671 81089 82237 ,169612 620350 686213 16343 929438 880728 397435 703543 178564 72055 ,71675 72655 74115 77030 78082 80023 80483 80671 81089 82237 
806453 165644 378213 633989 126076 404604 61366 708795 323674 725057 ,53607 54919 57326 57557 57640 57653 58164 58234 58447 58557 ,806453 165644 378213 633989 126076 404604 61366 708795 323674 725057 ,53607 54919 57326 57557 57640 57653 58164 58234 58447 58557 
920012 929749 940651 844261 396209 849194 629629 543029 37248 842596 ,53217 58409 59223 60609 62346 66202 67373 69451 69876 71724 ,920012 929749 940651 844261 396209 849194 629629 543029 37248 842596 ,53217 58409 59223 60609 62346 66202 67373 69451 69876 71724 
229313 190180 231457 475449 912460 602112 476815 379163 543126 106744 ,38163 40672 43904 47569 47621 48186 49207 50531 51077 51205 ,229313 190180 231457 475449 912460 602112 476815 379163 543126 106744 ,38163 40672 43904 47569 47621 48186 49207 50531 51077 51205 
420755 658832 659105 549961 18096 184880 931243 515944 185607 901350 ,24211 50601 57620 59601 60376 61850 62894 63616 64144 64162 ,420755 658832 659105 549961 18096 184880 931243 515944 830742 319240 ,24211 50601 57620 59601 60376 61850 62894 63616 64561 65087 
47237 906036 83134 685860 905688 980825 480229 810725 188546 796199 ,44215 47618 47778 47782 47794 47798 48908 49039 49585 49652 ,47237 906036 83134 685860 905688 980825 480229 810725 188546 796199 ,44215 47618 47778 47782 47794 47798 48908 49039 49585 49652 
378686 865450 743915 63616 50980 32373 335530 700424 304564 987947 ,83145 83869 87875 90874 92223 94554 96443 100995 101741 102189 ,378686 865450 743915 63616 50980 32373 335530 700424 304564 987947 ,83145 83869 87875 90874 92223 94554 96443 100995 101741 102189 
419879 435336 20310 107891 209341 957289 719815 190004 354249 25316 ,48981 54189 59588 60192 60313 61608 64412 64427 64434 64627 ,419879 435336 209341 957289 719815 190004 354249 635273 483715 519807 ,48981 54189 60313 61608 64412 64427 64434 65718 65993 66588 
402252 526553 377639 879975 954866 493487 968241 70619 401882 646207 ,45502 57733 60379 63075 64792 65455 67195 67382 67502 67818 ,526553 377639 879975 954866 493487 70619 401882 766201 401782 312690 ,57733 60379 63075 64792 65455 67382 67502 68105 68360 68650 
373905 645696 568638 567181 568430 567260 853497 750597 211119 167591 ,71767 72583 76813 78095 79954 80208 80328 81891 81978 82622 ,373905 645696 568638 412474 758385 992049 568177 810935 961602 375181 ,71767 72583 76813 87375 95834 96785 97805 100306 100925 101565 
45451 45599 822885 992586 992837 917039 45550 110081 327203 698962 ,31335 37641 49071 49618 50319 53640 54131 54380 58404 58532 ,45451 45599 822885 992586 992837 917039 45550 110081 327203 698962 ,31335 37641 49071 49618 50319 53640 54131 54380 58404 58532 
990968 854911 991266 749634 210887 831470 207768 407776 12876 987377 ,54921 59923 62304 62552 62663 62992 63010 64934 65238 65627 ,990968 991266 749634 210887 831470 207768 407776 12876 987377 990328 ,54921 62304 62552 62663 62992 63010 64934 65238 65627 65994 
695816 224176 744623 908015 266251 966048 142378 140796 393763 561857 ,68342 70106 70866 73250 73287 76466 76745 76801 77420 77960 ,695816 224176 744623 908015 266251 966048 142378 140796 393763 561857 ,68342 70106 70866 73250 73287 76466 76745 76801 77420 77960 
956762 780019 560554 279766 430257 20759 907892 869321 967066 282642 ,42374 52279 53973 56852 57433 60615 60737 61369 63743 63900 ,956762 780019 560554 279766 430257 20759 907892 869321 967066 282642 ,42374 52279 53973 56852 57433 60615 60737 61369 63743 63900 
982703 487720 709230 940620 440568 573978 188022 719795 859339 260355 ,59742 66304 71916 71950 73161 74176 77093 77194 77439 80409 ,982703 487720 709230 940620 440568 573978 188022 719795 859339 260355 ,59742 66304 71916 71950 73161 74176 77093 77194 77439 80409 
66077 542047 621776 208798 63524 493486 475306 502529 128427 989528 ,69289 71231 71323 71339 71383 71769 71957 72733 73500 74061 ,66077 542047 621776 208798 63524 493486 475306 502529 128427 989528 ,69289 71231 71323 71339 71383 71769 71957 72733 73500 74061 
533698 519202 933645 889706 156797 217207 43950 732052 534367 309842 ,21350 22980 23246 23496 23744 24310 26227 26244 26288 26488 ,889706 156797 217207 732052 974314 874701 357906 828103 889259 240208 ,23496 23744 24310 26244 27610 28022 29247 29721 30099 30137 
525009 683675 778529 210629 534710 248475 418306 88639 323431 823312 ,65100 71494 71562 71641 74261 74969 76553 77506 78408 78446 ,525009 683675 778529 210629 534710 248475 418306 88639 323431 823312 ,65100 71494 71562 71641 74261 74969 76553 77506 78408 78446 
85295 291972 843854 509392 495030 599185 823819 89720 254080 903190 ,68895 69068 71656 72401 72597 73373 77458 78343 78731 78772 ,85295 291972 843854 509392 495030 599185 823819 89720 254080 903190 ,68895 69068 71656 72401 72597 73373 77458 78343 78731 78772 
844051 122666 9861 756295 546425 77261 459525 842711 649333 724982 ,53398 56229 57347 58498 60714 60753 61681 62107 62343 63276 ,844051 122666 9861 756295 546425 77261 459525 842711 649333 724982 ,53398 56229 57347 58498 60714 60753 61681 62107 62343 63276 
574285 104958 184045 62114 784879 484582 1808 71078 61267 10552 ,52743 62852 64304 65190 65274 65634 65728 66165 66210 66362 ,574285 104958 184045 62114 784879 484582 61267 10552 522661 195445 ,52743 62852 64304 65190 65274 65634 66210 66362 66998 68136 
628660 628155 24168 197945 365054 170119 449146 788352 860593 533754 ,60295 61947 62552 67863 68694 69319 70000 70475 70592 70785 ,628660 628155 24168 197945 365054 170119 449146 788352 860593 533754 ,60295 61947 62552 67863 68694 69319 70000 70475 70592 70785 
807161 479746 901854 415018 625867 499894 926540 799460 89130 811085 ,63874 66914 67708 68336 69093 69277 71889 72134 72324 72563 ,807161 479746 901854 415018 625867 499894 926540 799460 89130 811085 ,63874 66914 67708 68336 69093 69277 71889 72134 72324 72563 
723366 602109 694633 30466 403738 574706 108909 184762 185429 430815 ,67509 72146 72782 74800 77826 77956 78707 78816 78973 79340 ,723366 602109 694633 30466 403738 574706 108909 184762 185429 430815 ,67509 72146 72782 74800 77826 77956 78707 78816 78973 79340 
885657 886809 881051 947166 830315 705405 861490 253419 469963 963658 ,34227 35937 37175 37609 38178 39874 40230 40242 40403 41176 ,885657 886809 881051 947166 830315 705405 861490 253419 469963 963658 ,34227 35937 37175 37609 38178 39874 40230 40242 40403 41176 
459179 557823 996085 218615 300034 857497 285496 90567 735939 728003 ,110613 112372 116767 121215 121627 123061 124396 125077 127103 128066 ,459179 557823 996085 218615 300034 857497 285496 90567 735939 728003 ,110613 112372 116767 121215 121627 123061 124396 125077 127103 128066 
93955 361340 904593 75829 476213 75719 40821 415901 74434 634351 ,66744 71910 74225 74675 77713 77982 78303 78901 79479 81908 ,93955 361340 904593 75829 476213 75719 40821 415901 74434 634351 ,66744 71910 74225 74675 77713 77982 78303 78901 79479 81908 
884539 600758 638799 552667 339272 518496 759813 840202 19472 208989 ,74650 84784 86584 89950 92018 92588 93497 94055 95121 96358 ,884539 600758 638799 552667 339272 518496 759813 840202 19472 208989 ,74650 84784 86584 89950 92018 92588 93497 94055 95121 96358 
724406 283581 178960 931077 625302 422075 139691 105310 632694 517230 ,85989 95703 96126 97733 100059 101373 101748 102355 102991 104873 ,724406 283581 178960 931077 625302 422075 139691 105310 632694 517230 ,85989 95703 96126 97733 100059 101373 101748 102355 102991 104873 
11319 752758 258586 244031 777229 372117 57104 130753 879149 884250 ,88015 95306 95765 97459 97703 101686 101913 106937 107067 107605 ,11319 752758 258586 244031 777229 372117 57104 130753 879149 884250 ,88015 95306 95765 97459 97703 101686 101913 106937 107067 107605 
581446 354810 313419 250148 591491 834004 544977 833013 190597 839058 ,25373 28405 30767 33277 33630 33670 36893 37398 37661 37753 ,581446 354810 313419 250148 591491 834004 544977 833013 190597 839058 ,25373 28405 30767 33277 33630 33670 36893 37398 37661 37753 
632683 62913 725757 414452 301970 693537 531637 402875 405429 442488 ,38668 44408 46153 46174 46298 49124 49970 50009 50264 51161 ,632683 62913 725757 414452 301970 693537 531637 402875 405429 442433 ,38668 44408 46153 46174 46298 49124 49970 50009 50264 51476 
251064 646140 645952 934293 12336 560888 400450 989324 264892 232002 ,35367 42064 43130 46116 47229 47656 47878 48351 48940 49241 ,251064 646140 645952 934293 12336 560888 400450 989324 264892 232002 ,35367 42064 43130 46116 47229 47656 47878 48351 48940 49241 
593168 503076 618088 231560 145570 585510 73668 838937 584746 682392 ,36876 40347 44375 47051 49267 50097 50747 50964 51263 51481 ,593168 503076 618088 231560 145570 585510 73668 838937 584746 682392 ,36876 40347 44375 47051 49267 50097 50747 50964 51263 51481 
194835 273541 734784 425625 250450 407509 877400 957337 401722 63195 ,49269 49582 54252 55415 56449 56641 57006 57853 58192 58246 ,194835 273541 734784 425625 250450 407509 877400 957337 401722 63195 ,49269 49582 54252 55415 56449 56641 57006 57853 58192 58246 
323565 494877 474363 326101 788683 734912 400973 499756 265216 259902 ,40789 44082 45623 45843 46051 47960 48323 49653 50875 51122 ,323565 494877 474363 326101 788683 734912 499756 265216 259902 467135 ,40789 44082 45623 45843 46051 47960 49653 50875 51122 51725 
60235 397196 990140 855581 45491 455899 79861 839046 499849 82160 ,49814 61015 61457 64192 64609 66035 67598 67759 67764 68619 ,60235 397196 990140 855581 45491 455899 79861 839046 499849 82160 ,49814 61015 61457 64192 64609 66035 67598 67759 67764 68619 
650634 762648 212181 293613 812991 611728 649478 324330 248592 566825 ,31155 31819 32187 32398 35617 36398 36399 36982 37487 37966 ,650634 762648 212181 293613 812991 611728 324330 248592 566825 238694 ,31155 31819 32187 32398 35617 36398 36982 37487 37966 38629 
907640 313639 819932 421819 57901 40909 136546 808925 896088 221230 ,26668 33782 36781 37747 38739 38757 38854 39723 40776 41506 ,907640 313639 819932 421819 57901 40909 136546 808925 896088 221230 ,26668 33782 36781 37747 38739 38757 38854 39723 40776 41506 
906101 558711 994096 654312 291311 768061 894174 830583 731843 476598 ,56244 57015 57080 62300 63176 64940 65740 67865 69099 69170 ,906101 558711 994096 654312 291311 768061 894174 830583 731843 476598 ,56244 57015 57080 62300 63176 64940 65740 67865 69099 69170 
333789 380316 488440 363 70276 848975 70325 971421 464361 487986 ,57421 67262 70300 70386 75793 76508 76723 76961 77212 77680 ,333789 380316 488440 363 848975 70325 971421 487986 237712 176801 ,57421 67262 70300 70386 76508 76723 76961 77680 78563 78582 
130909 979430 824226 604296 793722 826930 962588 216407 933947 459803 ,21057 24566 34505 37867 40602 40974 42080 43872 46924 48715 ,130909 979430 824226 604296 793722 826930 962588 216407 933947 459803 ,21057 24566 34505 37867 40602 40974 42080 43872 46924 48715 
669413 460963 184261 787542 318848 356210 18064 48599 710621 475594 ,71772 71932 80418 84335 89291 90093 90964 91455 91841 92261 ,669413 460963 184261 318848 356210 18064 48599 710621 475594 596238 ,71772 71932 80418 89291 90093 90964 91455 91841 92261 97885 
654897 656837 447182 447167 446992 282685 446788 446635 446551 446711 ,6837 7558 7609 7655 7710 7722 7735 7888 7892 7943 ,654897 656837 447182 447167 446992 282685 446788 446635 446551 446711 ,6837 7558 7609 7655 7710 7722 7735 7888 7892 7943 
654857 447156 994223 423150 216353 496862 445308 446026 604897 424056 ,4310 5948 6236 6345 6405 6421 6576 6596 6664 6696 ,423150 655369 446584 655102 826093 445716 447346 446221 654481 643814 ,6345 6869 7105 7275 7586 7987 9072 9145 9163 9340 
308917 483124 549426 227504 659552 627800 472681 955271 365007 704179 ,55528 59737 63125 63207 63694 63843 64084 64166 67689 68027 ,308917 483124 549426 227504 472681 955271 365007 704179 429303 220624 ,55528 59737 63125 63207 64084 64166 67689 68027 68397 68849 
951497 471152 53348 882166 817606 318605 654068 362241 43519 984917 ,62102 71960 76919 84916 85711 86799 88187 88891 90844 92822 ,951497 471152 53348 882166 817606 318605 654068 362241 43519 984917 ,62102 71960 76919 84916 85711 86799 88187 88891 90844 92822 
882895 641872 566073 407326 683366 59755 981496 862701 194810 637780 ,98633 105310 109113 126581 130103 138301 143837 143881 148285 148985 ,882895 641872 407326 683366 59755 981496 862701 194810 637780 211385 ,98633 105310 126581 130103 138301 143837 143881 148285 148985 152355 
51892 794590 504457 512495 499247 315113 55471 937891 171696 201347 ,59154 61761 66116 74322 75869 77426 84721 85302 86580 87818 ,51892 794590 504457 512495 499247 315113 55471 937891 171696 201347 ,59154 61761 66116 74322 75869 77426 84721 85302 86580 87818 
377687 74389 527023 943871 366463 449683 605065 372052 96162 622862 ,51735 56427 63165 63857 63993 68180 69145 69288 69411 70769 ,377687 74389 527023 943871 366463 449683 605065 372052 96162 622862 ,51735 56427 63165 63857 63993 68180 69145 69288 69411 70769 
421912 294697 777735 552554 831529 296552 227167 911061 376175 946859 ,29843 37448 39223 40308 40969 41140 41669 41894 42882 42895 ,421912 294697 777735 552554 831529 296552 227167 911061 946859 947622 ,29843 37448 39223 40308 40969 41140 41669 41894 42895 43557 
723577 253312 843697 405090 905416 268265 946969 933146 940784 848065 ,30698 30759 30935 30938 31940 33113 33385 35441 35647 35873 ,723577 253312 843697 405090 905416 268265 946969 933146 940784 848065 ,30698 30759 30935 30938 31940 33113 33385 35441 35647 35873 
710493 355619 50975 305805 125805 535020 110449 411601 559008 946409 ,39786 40604 41339 41465 41505 41691 41781 42354 42924 43367 ,50975 125805 110449 754524 812105 970955 102623 820584 675304 529558 ,41339 41505 41781 48294 48684 48785 50334 52122 52198 52647 
82768 86285 82756 592315 555367 947839 458850 584632 81964 728792 ,60415 61153 67362 68403 70144 71561 73612 74029 75925 77797 ,82768 86285 82756 592315 555367 947839 458850 584632 81964 728792 ,60415 61153 67362 68403 70144 71561 73612 74029 75925 77797 
296134 391430 481228 821512 968018 96311 844373 716123 80705 741074 ,48145 57794 58290 58414 58746 61109 61160 61938 62734 63446 ,296134 391430 481228 821512 968018 96311 716123 80705 741074 625512 ,48145 57794 58290 58414 58746 61109 61938 62734 63446 64124 
421699 8580 756572 606560 47940 659713 626797 680516 922612 576468 ,24493 89646 91691 92031 94744 96577 97343 97576 97852 97853 ,421699 8580 756572 606560 47940 659713 626797 680516 922612 576468 ,24493 89646 91691 92031 94744 96577 97343 97576 97852 97853 
37537 777610 286072 72959 755997 862142 987271 37706 421630 476165 ,46869 57516 60198 60926 62883 66021 66236 67999 69138 70681 ,37537 777610 286072 72959 755997 862142 987271 37706 421630 476165 ,46869 57516 60198 60926 62883 66021 66236 67999 69138 70681 
363490 321852 619159 350473 242131 910944 236872 229178 180983 747525 ,26076 27285 28508 29135 29655 29758 29956 31214 31959 32002 ,363490 321852 619159 350473 242131 910944 236872 229178 180983 747525 ,26076 27285 28508 29135 29655 29758 29956 31214 31959 32002 
572098 443432 810914 615924 645452 986943 361724 191030 814598 478922 ,47689 48594 48608 48650 49011 49193 49484 50338 50358 50732 ,478922 821923 345936 826047 615311 776802 348831 996018 469274 108248 ,50732 52926 55324 57901 57980 59385 59943 60214 60535 61704 
447903 427943 814182 715341 130964 446553 667285 112374 40808 603836 ,7317 8330 9876 10053 11387 13058 13779 14771 15556 16055 ,447903 427943 814182 715341 130964 446553 667285 112374 40808 603836 ,7317 8330 9876 10053 11387 13058 13779 14771 15556 16055 
454276 204950 269228 784774 634574 87830 68652 215804 606753 216220 ,22674 23918 23918 26045 28290 28326 28737 29990 30088 32030 ,454276 269228 204950 784774 634574 87830 68652 215804 606753 216220 ,22674 23918 23918 26045 28290 28326 28737 29990 30088 32030 
606857 443531 443781 789270 637571 905030 893062 905131 422553 886063 ,13860 17818 18984 21806 24195 24624 24762 25729 26021 26053 ,443781 637571 905030 415431 427118 443794 63412 70283 573893 601237 ,18984 24195 24624 27209 28675 30038 33939 35357 35727 36263 
278740 350848 98684 833722 736275 531873 523631 415429 690785 732379 ,28806 32012 32223 40588 40880 41392 41477 42246 43142 43366 ,278740 350848 98684 833722 736275 531873 523631 415429 690785 732379 ,28806 32012 32223 40588 40880 41392 41477 42246 43142 43366 
643141 423670 427767 447057 445038 131160 520760 717362 604296 826583 ,5069 7311 7411 7425 8914 9402 9412 9451 9767 9774 ,643141 423670 427767 447057 445038 131160 520760 717362 604296 826583 ,5069 7311 7411 7425 8914 9402 9412 9451 9767 9774 
768739 20904 885935 513719 427731 166 903058 426877 215530 905060 ,26309 34175 37898 40189 42035 43285 43725 44816 45304 46475 ,768739 20904 885935 513719 427731 166 903058 426877 215530 905060 ,26309 34175 37898 40189 42035 43285 43725 44816 45304 46475 
422497 379671 544998 818721 833641 541797 207167 910040 955424 996520 ,31002 40993 41476 43791 44423 45299 45439 46014 46386 46876 ,422497 541797 958096 893382 539997 278537 237170 730816 849089 594377 ,31002 45299 48132 50307 50864 52187 52340 52341 52364 53055 
422737 422695 368271 189215 219518 219243 321959 394181 719249 365784 ,22514 28884 37224 43362 43517 43793 43829 44984 45624 46427 ,422737 422695 368271 189215 219518 321959 394181 719249 365784 156935 ,22514 28884 37224 43362 43517 43829 44984 45624 46427 47466 
96268 784990 488860 292009 122359 566287 692886 873787 122766 916236 ,47306 50408 55131 55372 55927 60028 60277 60746 62357 63117 ,96268 784990 488860 292009 122359 566287 692886 873787 122766 916236 ,47306 50408 55131 55372 55927 60028 60277 60746 62357 63117 
615444 284373 31608 446673 760567 818545 424576 427649 749998 616021 ,51427 55145 55645 60183 60931 66087 67366 69035 69532 70682 ,615444 284373 31608 446673 760567 818545 424576 427649 749998 616021 ,51427 55145 55645 60183 60931 66087 67366 69035 69532 70682 
183274 165361 733343 397784 622083 517059 68711 988330 133007 679310 ,68598 69285 72223 76603 76916 77786 78219 79895 80032 80757 ,183274 165361 733343 397784 622083 517059 68711 988330 133007 679310 ,68598 69285 72223 76603 76916 77786 78219 79895 80032 80757 
236945 604679 106156 973355 667500 638499 228508 54250 951679 230538 ,29627 30965 31146 33366 34632 37159 39544 39609 40605 41290 ,236945 604679 106156 973355 667500 638499 228508 54250 951679 230538 ,29627 30965 31146 33366 34632 37159 39544 39609 40605 41290 
373483 337611 604227 516850 158471 995766 154787 373477 444056 120524 ,11497 13999 14550 14961 16182 17281 17398 17616 18420 18564 ,373483 337611 604227 516850 158471 995766 154787 373477 444056 120524 ,11497 13999 14550 14961 16182 17281 17398 17616 18420 18564 
423501 758642 757255 876245 756937 432577 280440 860719 853243 675372 ,33305 62880 69343 69852 73103 74771 76627 79098 79282 79556 ,423501 758642 757255 876245 756937 432577 280440 860719 853243 675372 ,33305 62880 69343 69852 73103 74771 76627 79098 79282 79556 
338385 443864 557067 104127 713735 976940 854797 310029 242056 211906 ,42670 49655 51352 52346 54233 56038 56235 57335 61013 62862 ,338385 443864 557067 104127 713735 976940 854797 310029 242056 211906 ,42670 49655 51352 52346 54233 56038 56235 57335 61013 62862 
912324 913420 654803 448038 445772 38252 666925 477253 447236 476911 ,9638 10262 11362 11618 12038 12514 13318 13864 15133 15295 ,912324 913420 654803 448038 445772 38252 666925 477253 447236 476911 ,9638 10262 11362 11618 12038 12514 13318 13864 15133 15295 
649096 534819 649125 423096 646765 641899 425113 649690 647597 211370 ,39630 42514 49004 51001 51261 53322 54047 54368 55365 57071 ,649096 534819 649125 646765 641899 425113 649690 647597 211370 647463 ,39630 42514 49004 51261 53322 54047 54368 55365 57071 57097 
253037 112573 812260 201704 901547 433237 41145 673168 430036 6836 ,85772 93451 94027 94316 95255 95343 98746 99477 103105 103272 ,253037 112573 812260 201704 901547 433237 41145 673168 430036 6836 ,85772 93451 94027 94316 95255 95343 98746 99477 103105 103272 
654477 893335 893256 893489 656372 906033 971284 539588 837254 449204 ,8868 10954 11683 12676 12809 14031 14214 14518 14544 14593 ,654477 893335 893256 893489 656372 906033 971284 539588 837254 449204 ,8868 10954 11683 12676 12809 14031 14214 14518 14544 14593 
69299 958412 209728 449588 752937 225489 497298 28147 33791 771024 ,55374 61770 62145 62876 63965 68636 68975 69839 71197 72255 ,69299 958412 449588 752937 225489 497298 28147 33791 771024 859976 ,55374 61770 62876 63965 68636 68975 69839 71197 72255 72552 
656696 536923 604897 537376 906662 423458 568006 905634 446624 446142 ,5953 6927 6969 7612 7952 8101 8120 8218 8386 8439 ,536923 782151 38947 423150 446584 657168 755795 446221 447346 445716 ,6927 8691 8925 9378 9380 9864 9941 10718 11021 11200 
307071 433120 664152 397752 503418 521695 590117 179374 441890 472415 ,81458 86727 95611 96468 99078 101777 102541 104039 104546 105317 ,307071 433120 664152 397752 503418 521695 590117 179374 441890 472415 ,81458 86727 95611 96468 99078 101777 102541 104039 104546 105317 
800384 907416 442363 423781 925279 690064 789419 786974 605440 790310 ,30804 34714 41159 44249 47066 47136 47408 47730 47789 47889 ,800384 907416 442363 423781 925279 690064 789419 786974 605440 790310 ,30804 34714 41159 44249 47066 47136 47408 47730 47789 47889 
825547 609965 30250 536060 422818 23586 143845 552933 614941 159416 ,15038 16192 17485 17822 19218 19455 20122 20672 20815 21323 ,825547 609965 30250 536060 422818 23586 143845 552933 614941 159416 ,15038 16192 17485 17822 19218 19455 20122 20672 20815 21323 
640947 388250 213119 676264 667669 654916 472798 795356 987391 991108 ,61845 66049 67565 67820 71573 73127 74292 75145 76162 77184 ,640947 388250 213119 676264 667669 654916 472798 795356 987391 991108 ,61845 66049 67565 67820 71573 73127 74292 75145 76162 77184 
469672 329054 317075 423168 460450 227573 319313 422819 423332 913380 ,21088 21271 21644 22038 22732 23181 23288 23483 24007 24021 ,469672 329054 317075 423168 460450 227573 319313 422819 423332 913380 ,21088 21271 21644 22038 22732 23181 23288 23483 24007 24021 
77105 451072 715366 503025 147161 615753 980882 789890 309174 522760 ,93761 95727 98098 98167 98250 100033 100424 102341 107060 107436 ,77105 451072 715366 503025 147161 615753 980882 789890 309174 522760 ,93761 95727 98098 98167 98250 100033 100424 102341 107060 107436 
637348 654563 516870 447601 428126 102523 555495 770379 952262 869582 ,9164 13363 14316 14522 15218 15715 17436 18140 18697 19655 ,637348 654563 516870 447601 428126 102523 555495 770379 952262 869582 ,9164 13363 14316 14522 15218 15715 17436 18140 18697 19655 
502149 279734 547692 68614 352362 111268 255864 71999 422588 12926 ,70875 71339 77988 79026 79699 80168 82004 82685 83803 87576 ,502149 279734 547692 68614 352362 111268 255864 71999 422588 12926 ,70875 71339 77988 79026 79699 80168 82004 82685 83803 87576 
471719 172207 81584 221525 697006 417649 689208 891157 714841 981831 ,53972 57241 64069 66488 68382 70715 70797 71812 73596 74335 ,417649 689208 714841 981831 472032 218163 562823 654398 463989 562122 ,70715 70797 73596 74335 76877 80363 81280 81462 82163 88737 
384192 853054 54697 428913 852067 522198 634473 758994 993419 758462 ,29872 33964 35902 37984 38736 40351 45388 45585 46509 46699 ,384192 853054 54697 428913 852067 522198 634473 758994 993419 758462 ,29872 33964 35902 37984 38736 40351 45388 45585 46509 46699 
423381 652592 187490 905612 411945 37882 558923 786611 400810 379230 ,36597 37052 45596 47482 48279 51005 52595 54542 57664 58475 ,423381 652592 187490 905612 411945 37882 558923 786611 400810 379230 ,36597 37052 45596 47482 48279 51005 52595 54542 57664 58475 
182754 265216 164009 586067 208499 432077 300271 178109 208461 548546 ,52560 53829 54352 54493 57367 57449 57878 57945 58240 58715 ,182754 265216 164009 586067 208499 432077 300271 178109 208461 548546 ,52560 53829 54352 54493 57367 57449 57878 57945 58240 58715 
652535 221528 652279 425126 873479 776358 655304 654362 873800 558853 ,13467 20691 21113 22279 23609 24254 24702 25808 25943 26195 ,652535 221528 652279 425126 655863 656937 5577 715398 37003 537608 ,13467 20691 21113 22279 26955 28433 28869 30041 31230 32511 
41073 446552 656541 953137 905695 445981 558857 907278 655732 446362 ,3111 3705 3914 4203 4843 5091 5099 5217 5246 5406 ,905695 667224 446356 826998 446176 129122 892863 423637 891038 639995 ,4843 5695 7254 7313 7396 7427 7856 7861 8146 8245 
425152 423949 815084 785578 641926 264899 760285 644711 82227 421113 ,12065 24201 33874 35854 36183 36858 36869 37141 37584 38145 ,425152 423949 641926 264899 760285 378768 641046 563169 97930 836797 ,12065 24201 36183 36858 36869 39076 39354 39496 40242 41074 
316105 451072 521274 865467 779808 89872 864312 387402 889358 129675 ,55755 66639 72869 73793 74653 75475 76034 76825 76970 77128 ,316105 451072 521274 865467 779808 89872 864312 387402 889358 129675 ,55755 66639 72869 73793 74653 75475 76034 76825 76970 77128 
570748 952817 828501 907120 128424 762614 218586 215864 656141 544750 ,31671 34344 35637 37858 37959 38194 38334 39279 39844 40507 ,570748 952817 828501 907120 128424 762614 218586 656141 544750 70338 ,31671 34344 35637 37858 37959 38194 38334 39844 40507 41073 
425076 424571 76980 724522 942817 732534 322642 326436 724534 497681 ,40324 42114 47180 48189 50798 52527 53203 53272 53355 53807 ,425076 424571 76980 724522 942817 732534 322642 326436 724534 497681 ,40324 42114 47180 48189 50798 52527 53203 53272 53355 53807 
806652 684620 346277 199861 264139 225291 544182 354025 83741 101333 ,56144 59030 61970 63204 63204 63366 65521 65790 65795 65912 ,806652 684620 346277 199861 264139 225291 544182 354025 83741 101333 ,56144 59030 61970 63204 63204 63366 65521 65790 65795 65912 
142668 55552 88061 50710 331642 246787 153417 657871 339276 51431 ,27481 27780 29798 29821 30988 31259 32215 32370 32703 33026 ,142668 55552 88061 50710 331642 246787 153417 657871 339276 51431 ,27481 27780 29798 29821 30988 31259 32215 32370 32703 33026 
788001 657086 447394 654857 657642 447040 447290 446184 446624 215997 ,6737 7864 8045 8156 8270 8782 8870 8891 8907 8927 ,788001 657086 447394 654857 657642 447040 447290 446184 446624 215997 ,6737 7864 8045 8156 8270 8782 8870 8891 8907 8927 
488846 502666 30183 115292 260329 676066 250875 738509 976906 429612 ,51056 55052 57027 58427 65017 67924 69502 69982 70213 71210 ,488846 502666 30183 115292 260329 676066 250875 738509 976906 429612 ,51056 55052 57027 58427 65017 67924 69502 69982 70213 71210 
523176 261783 25316 289946 978846 110274 97230 372567 101624 797299 ,71670 96326 100276 117377 119576 123007 126708 131521 134001 136037 ,523176 261783 25316 289946 978846 110274 97230 372567 101624 797299 ,71670 96326 100276 117377 119576 123007 126708 131521 134001 136037 
597688 926112 484516 391332 197546 970431 729259 389580 822310 888014 ,57482 64740 66343 68512 69077 70230 71899 72576 73254 74750 ,597688 926112 484516 391332 197546 970431 729259 389580 822310 888014 ,57482 64740 66343 68512 69077 70230 71899 72576 73254 74750 
898605 45748 824345 552190 869563 59029 809350 632379 577958 204546 ,49734 71036 78166 81206 82726 83007 83357 84596 86316 88925 ,898605 45748 824345 552190 869563 59029 809350 632379 577958 204546 ,49734 71036 78166 81206 82726 83007 83357 84596 86316 88925 
425707 44711 775145 414301 789960 924930 3719 930965 604040 282068 ,29537 63100 67462 68396 68399 70223 70854 71677 71782 72427 ,425707 44711 775145 414301 789960 924930 3719 930965 604040 282068 ,29537 63100 67462 68396 68399 70223 70854 71677 71782 72427 
740416 49359 951279 855009 548308 483684 560401 419432 6434 712979 ,62432 74322 76049 80940 82149 82353 89393 94441 98080 100349 ,740416 49359 951279 855009 548308 483684 560401 419432 6434 712979 ,62432 74322 76049 80940 82149 82353 89393 94441 98080 100349 
425167 107770 39318 52613 917378 477455 448150 559266 38203 38492 ,15628 16362 17559 18286 18440 18807 19309 19880 20017 20042 ,425167 107770 39318 52613 917378 477455 448150 559266 38203 38492 ,15628 16362 17559 18286 18440 18807 19309 19880 20017 20042 
376798 31401 949060 529868 662370 932708 173198 748672 864620 94457 ,59928 61404 62653 64887 66208 68617 69551 70219 70487 70930 ,376798 31401 949060 529868 662370 932708 173198 748672 864620 823251 ,59928 61404 62653 64887 66208 68617 69551 70219 70487 71314 
35274 760217 325077 506562 148421 713208 524857 532860 778934 457088 ,102625 103323 104841 107401 108542 110403 111405 113001 113970 115100 ,35274 760217 506562 148421 713208 524857 532860 457088 273506 147210 ,102625 103323 107401 108542 110403 111405 113001 115100 115893 115917 
387079 989730 262154 44739 704508 957304 742278 297769 307369 888282 ,54106 61391 69430 71206 72112 74339 74662 77402 79366 82247 ,387079 989730 262154 44739 704508 957304 742278 297769 307369 888282 ,54106 61391 69430 71206 72112 74339 74662 77402 79366 82247 
64550 386729 416192 926818 520386 842078 386466 257433 334464 910124 ,94421 94745 98330 99195 99250 100955 101392 102164 105480 105500 ,64550 386729 416192 926818 520386 842078 386466 257433 334464 910124 ,94421 94745 98330 99195 99250 100955 101392 102164 105480 105500 
570128 71862 595547 837951 298271 449636 427939 843855 186437 571483 ,57227 57270 58099 60910 63983 63991 64211 65058 65606 66721 ,570128 837951 298271 449636 655052 913661 397635 425160 963676 421782 ,57227 60910 63983 63991 66953 68135 68261 68320 68440 72232 
536471 42134 279843 963131 415473 913706 836327 519300 160309 339099 ,36623 37218 39393 39970 40284 40549 41363 42137 42425 42855 ,536471 42134 279843 963131 415473 913706 836327 519300 160309 339099 ,36623 37218 39393 39970 40284 40549 41363 42137 42425 42855 
126897 617644 451883 309692 368687 946239 64609 880626 11604 531463 ,102299 104397 112641 115791 116720 116750 117446 117489 119474 120458 ,126897 617644 451883 309692 368687 946239 64609 880626 11604 531463 ,102299 104397 112641 115791 116720 116750 117446 117489 119474 120458 
425020 959963 99226 914684 979104 905122 227125 845802 967143 904536 ,22287 35884 36545 36970 38317 38388 38439 38455 38486 38719 ,425020 959963 99226 914684 979104 905122 227125 845802 967143 904536 ,22287 35884 36545 36970 38317 38388 38439 38455 38486 38719 
613181 701225 397047 768102 125708 631082 198896 190009 904543 46769 ,39648 59037 73180 75701 76402 82476 92227 93037 95823 97458 ,613181 701225 397047 768102 125708 631082 198896 190009 904543 46769 ,39648 59037 73180 75701 76402 82476 92227 93037 95823 97458 
736679 42844 423637 767941 688941 448253 559142 820733 421541 983626 ,10269 11576 16137 17812 19170 22367 23859 23928 26175 28035 ,736679 42844 423637 767941 688941 448253 559142 820733 421541 983626 ,10269 11576 16137 17812 19170 22367 23859 23928 26175 28035 
612421 861539 94035 394582 249058 241013 463860 333074 969718 947187 ,69407 70820 71033 73216 74027 75838 76815 78387 78845 79384 ,612421 861539 94035 394582 249058 241013 463860 333074 969718 947187 ,69407 70820 71033 73216 74027 75838 76815 78387 78845 79384 
223234 864255 520645 121034 76711 697103 565364 500558 333723 107713 ,62353 69419 89011 89769 93410 93879 97991 98361 98520 99414 ,223234 864255 520645 121034 76711 697103 565364 500558 333723 107713 ,62353 69419 89011 89769 93410 93879 97991 98361 98520 99414 
69657 663375 903117 637344 122060 105154 524437 702915 790967 278627 ,14359 14387 15396 15574 15577 16570 16804 17092 17327 17448 ,69657 663375 903117 637344 122060 105154 524437 702915 790967 278627 ,14359 14387 15396 15574 15577 16570 16804 17092 17327 17448 
187627 569340 59272 291879 280788 742987 245720 305256 216030 554603 ,18709 19919 20153 21218 21858 22173 22558 22601 22729 22812 ,187627 569340 291879 280788 742987 245720 305256 216030 554603 632208 ,18709 19919 21218 21858 22173 22558 22601 22729 22812 22901 
647904 242155 835914 278702 887840 177563 61250 626964 24592 292241 ,60027 65158 67575 69534 71072 73769 74014 74508 74951 75184 ,647904 242155 835914 278702 887840 177563 61250 626964 24592 292241 ,60027 65158 67575 69534 71072 73769 74014 74508 74951 75184 
312261 627799 272912 367417 772474 772038 736299 573639 24063 105534 ,33195 33330 37641 38378 39571 39657 40792 42923 43380 43403 ,312261 627799 272912 772474 772038 736299 573639 24063 105534 953645 ,33195 33330 37641 39571 39657 40792 42923 43380 43403 43807 
336975 413351 514661 442431 635242 236933 780943 572639 336867 971814 ,26468 26556 30084 30320 31202 32934 33220 33458 34685 34737 ,572639 336867 363565 780554 83730 806851 699157 566583 792264 46584 ,33458 34685 36003 38182 39218 39619 39818 40066 40176 40239 
96376 461306 255306 228401 826562 241746 470549 237976 694950 516321 ,82971 84613 86591 90109 96602 103347 105777 106361 107860 108759 ,96376 461306 255306 228401 826562 241746 470549 237976 694950 516321 ,82971 84613 86591 90109 96602 103347 105777 106361 107860 108759 
391901 958055 865999 364060 957696 574705 488453 813763 360594 15569 ,40539 46286 47616 48780 49865 50449 51042 51736 52573 53628 ,391901 958055 865999 364060 957696 574705 488453 813763 360594 15569 ,40539 46286 47616 48780 49865 50449 51042 51736 52573 53628 
519263 828028 827518 924309 924010 194263 691631 535854 576086 690091 ,47450 49237 49812 51834 51960 52945 53909 54123 55092 55604 ,519263 828028 827518 924309 924010 194263 535854 690091 537100 519629 ,47450 49237 49812 51834 51960 52945 54123 55604 56045 56074 
336816 515189 360008 350569 426675 519630 436598 63168 222010 284648 ,57171 61284 62693 64637 65743 67067 68475 68526 68662 69535 ,336816 360008 350569 426675 519630 436598 222010 867914 937110 482404 ,57171 62693 64637 65743 67067 68475 68662 69551 69859 70965 
531280 522574 56020 380064 312597 528405 464860 662626 793339 17691 ,35783 37121 39664 41257 47054 48835 48875 48923 48928 49185 ,531280 522574 56020 380064 312597 528405 464860 662626 793339 17691 ,35783 37121 39664 41257 47054 48835 48875 48923 48928 49185 
426860 850286 423976 698219 345182 747868 448428 19480 69384 15501 ,21495 30160 30562 33397 35106 35624 35919 36150 36375 36669 ,850286 423976 698219 345182 448428 69384 15501 833725 426619 152623 ,30160 30562 33397 35106 35919 36375 36669 37082 37273 37655 
45578 112641 526014 995030 94312 136571 487894 449384 223599 190933 ,54041 55782 56471 57311 58092 58326 58767 59153 59191 59840 ,45578 112641 526014 94312 136571 487894 449384 223599 190933 223552 ,54041 55782 56471 58092 58326 58767 59153 59191 59840 60130 
514290 227485 924153 305127 426883 559732 451647 804893 504105 514325 ,41038 41384 43436 46426 48643 49282 51260 51921 52340 52414 ,514290 227485 924153 305127 426883 559732 451647 804893 504105 514325 ,41038 41384 43436 46426 48643 49282 51260 51921 52340 52414 
567843 25070 157705 481559 27110 910735 122032 547590 716576 429872 ,36301 38413 40546 40561 43338 43857 48135 48605 48785 48982 ,567843 25070 157705 481559 27110 910735 122032 547590 716576 429872 ,36301 38413 40546 40561 43338 43857 48135 48605 48785 48982 
495977 373177 414852 477926 716955 521909 799651 702584 235179 946094 ,54540 56311 61769 65814 67895 67910 69580 72014 74641 75030 ,495977 373177 414852 477926 716955 521909 799651 702584 235179 946094 ,54540 56311 61769 65814 67895 67910 69580 72014 74641 75030 
727078 961963 769333 427248 210406 621817 442641 270287 760849 693511 ,86884 89647 91628 95097 95181 99322 99407 102432 102762 103786 ,727078 769333 210406 621817 442641 270287 760849 693511 651487 967023 ,86884 91628 95181 99322 99407 102432 102762 103786 104282 107000 
714824 328447 549863 371295 986215 519256 984110 33106 593749 827135 ,58255 75596 75986 77091 77121 82089 83306 84182 88553 88610 ,714824 328447 549863 371295 986215 519256 984110 33106 593749 827135 ,58255 75596 75986 77091 77121 82089 83306 84182 88553 88610 
480691 716534 836678 669236 20875 524799 808323 780355 903172 724081 ,45779 48542 49527 50207 50283 52058 52382 52823 53201 54339 ,480691 716534 836678 669236 20875 524799 808323 780355 903172 724081 ,45779 48542 49527 50207 50283 52058 52382 52823 53201 54339 
389810 987179 569585 451800 558347 305013 816818 427054 85906 86955 ,39429 40000 42605 42783 42899 43598 44142 46077 46640 46674 ,389810 987179 569585 451800 558347 305013 816818 427054 85906 86955 ,39429 40000 42605 42783 42899 43598 44142 46077 46640 46674 
410082 310062 365415 350415 561929 450124 518504 978973 713738 560471 ,32359 38085 38163 38491 39121 41602 41800 41821 42313 42618 ,410082 310062 365415 350415 561929 450124 518504 978973 713738 560471 ,32359 38085 38163 38491 39121 41602 41800 41821 42313 42618 
955813 340372 351187 211305 304343 956080 467321 348253 777586 5737 ,23265 27511 28276 28505 28911 29507 29710 29731 30612 30736 ,955813 340372 351187 211305 304343 956080 467321 348253 777586 450648 ,23265 27511 28276 28505 28911 29507 29710 29731 30612 31532 
391843 796558 341016 865167 552617 177612 682343 8047 516098 898573 ,34880 42824 44027 45084 45199 45400 46244 46980 47195 47728 ,391843 341016 177612 682343 8047 516098 898573 233323 370514 865785 ,34880 44027 45400 46244 46980 47195 47728 47889 47955 49384 
732406 931283 570691 75695 730798 947165 931238 561342 940842 939522 ,50897 52357 55101 55262 55293 56501 60205 60688 62087 62435 ,732406 931283 570691 75695 730798 947165 931238 561342 940842 939522 ,50897 52357 55101 55262 55293 56501 60205 60688 62087 62435 
560584 641803 917953 794396 873484 951786 768530 208246 421906 383898 ,29824 40130 40577 48091 54953 60766 60861 61322 63774 66629 ,560584 641803 917953 794396 873484 951786 768530 208246 421906 383898 ,29824 40130 40577 48091 54953 60766 60861 61322 63774 66629 
281631 522661 473208 112021 350829 430407 465701 342446 738529 676066 ,48842 50212 54417 54638 56041 59494 60014 62410 63139 63260 ,281631 522661 473208 112021 350829 430407 465701 342446 738529 676066 ,48842 50212 54417 54638 56041 59494 60014 62410 63139 63260 
30252 958115 68964 58835 612824 459046 433637 945930 359521 58983 ,29358 34472 39032 46010 48007 48214 49133 49457 49675 52141 ,30252 958115 68964 58835 612824 459046 433637 945930 359521 58983 ,29358 34472 39032 46010 48007 48214 49133 49457 49675 52141 
279991 437193 299928 491000 716860 215431 534659 58827 385893 496493 ,41639 41705 46766 51726 53241 54361 54602 55748 55875 56247 ,279991 437193 299928 491000 716860 215431 534659 58827 385893 496493 ,41639 41705 46766 51726 53241 54361 54602 55748 55875 56247 
55162 63683 361043 26781 106663 812880 139370 706627 310601 749814 ,64977 74745 76120 82389 89501 96308 98602 102975 109559 110994 ,55162 63683 361043 26781 106663 812880 139370 706627 310601 749814 ,64977 74745 76120 82389 89501 96308 98602 102975 109559 110994 
894045 283712 836748 34639 785485 224651 178139 690751 168967 735577 ,128405 136318 145483 147165 152359 152372 156263 157079 161618 162877 ,894045 283712 836748 34639 785485 224651 178139 690751 168967 735577 ,128405 136318 145483 147165 152359 152372 156263 157079 161618 162877 
566405 742614 566414 657753 426886 123733 566454 423447 213571 970956 ,10744 11331 11443 11964 13776 15493 17330 20230 21028 22372 ,566405 742614 566414 657753 426886 566454 423447 213571 970956 657425 ,10744 11331 11443 11964 13776 17330 20230 21028 22372 22416 
602995 881377 967050 289859 417349 5712 42844 854761 448253 43774 ,44265 64321 69706 72396 73931 76817 78947 79778 82616 85130 ,602995 881377 967050 289859 417349 5712 42844 854761 448253 43774 ,44265 64321 69706 72396 73931 76817 78947 79778 82616 85130 
316161 301915 949660 937854 652559 781812 787042 176613 718692 671790 ,68613 78702 80185 83532 85361 86073 86697 94369 94390 94486 ,949660 937854 652559 781812 787042 176613 718692 671790 961766 497572 ,80185 83532 85361 86073 86697 94369 94390 94486 95000 95202 
313186 466272 196816 703533 308891 21304 573387 221279 220290 397291 ,81522 85972 90756 93388 93699 93948 99996 100383 102472 103873 ,466272 196816 703533 308891 21304 573387 221279 220290 397291 24499 ,85972 90756 93388 93699 93948 99996 100383 102472 103873 104570 
497018 889019 224687 348435 609042 791441 768677 334353 39206 301390 ,38511 43335 45875 45936 46146 46362 46507 46675 47129 47720 ,889019 224687 791441 768677 334353 301390 735799 316250 286709 528250 ,43335 45875 46362 46507 46675 47720 47921 47962 48353 49359 
684111 410095 527299 313434 338228 897986 94542 422936 238629 628275 ,30540 34491 34758 36123 38272 40092 41658 41762 42071 42452 ,684111 410095 527299 313434 338228 897986 94542 422936 238629 628275 ,30540 34491 34758 36123 38272 40092 41658 41762 42071 42452 
566488 430867 410009 560501 799168 458549 762584 658137 364706 178867 ,51256 57358 59271 61130 64998 66077 66645 67084 67831 69058 ,566488 430867 410009 560501 799168 458549 762584 658137 364706 178867 ,51256 57358 59271 61130 64998 66077 66645 67084 67831 69058 
572589 464414 706028 84902 495864 106923 953295 417779 694716 458344 ,93853 96318 98205 106204 107487 111112 111935 112529 112937 113528 ,572589 464414 706028 84902 495864 106923 953295 417779 694716 458344 ,93853 96318 98205 106204 107487 111112 111935 112529 112937 113528 
527937 470014 785753 599092 430677 470082 30027 415432 415429 241260 ,33712 38565 42066 44043 44286 44897 46237 46274 46472 46682 ,527937 470014 785753 599092 430677 470082 30027 415432 415429 241260 ,33712 38565 42066 44043 44286 44897 46237 46274 46472 46682 
402687 5316 5465 352095 544434 841237 900484 611953 544422 996725 ,33467 35562 39399 43670 47811 47931 48342 49547 49889 49946 ,402687 5316 5465 352095 544434 841237 611953 544422 996725 677059 ,33467 35562 39399 43670 47811 47931 49547 49889 49946 50244 
96989 34226 24091 519482 638241 157682 809832 684626 720068 497656 ,69867 70181 73860 75497 81109 81877 83903 88692 89479 90839 ,96989 34226 24091 519482 638241 157682 809832 684626 720068 497656 ,69867 70181 73860 75497 81109 81877 83903 88692 89479 90839 
110263 139243 330024 329856 331091 69840 334437 489472 73511 740541 ,62036 66011 68592 68971 69027 77252 77755 79689 80610 80715 ,110263 139243 330024 329856 331091 69840 334437 489472 73511 39929 ,62036 66011 68592 68971 69027 77252 77755 79689 80610 82045 
720801 883984 143556 925030 369926 288194 811031 474286 40956 96656 ,70281 110014 110639 111072 116345 117632 123668 125113 125229 126134 ,720801 883984 143556 925030 369926 288194 811031 474286 40956 96656 ,70281 110014 110639 111072 116345 117632 123668 125113 125229 126134 
468860 768049 7766 43120 768239 428568 790074 38735 792972 411880 ,11214 13091 13487 13781 13842 14470 14836 14876 14876 15176 ,768049 39160 38811 99295 38919 38982 768352 39096 467325 39171 ,13091 15285 16104 17457 17591 18332 18823 19258 20710 21239 
33001 903059 94439 525592 852504 32566 799567 34341 614912 129288 ,31118 45319 46191 52222 55046 55105 55144 56959 57537 57949 ,33001 903059 94439 525592 852504 32566 799567 34341 614912 129288 ,31118 45319 46191 52222 55046 55105 55144 56959 57537 57949 
763429 667175 449617 373803 656107 657796 988567 163587 191181 922577 ,43302 54814 56111 56599 60169 61799 62012 65444 66749 67101 ,763429 667175 449617 373803 656107 657796 988567 163587 191181 922577 ,43302 54814 56111 56599 60169 61799 62012 65444 66749 67101 
607107 216527 279228 246523 247415 140497 387330 50523 249000 216614 ,17996 22654 24955 30472 30919 32900 34290 34402 34994 37294 ,607107 216527 279228 246523 247415 140497 387330 50523 249000 216614 ,17996 22654 24955 30472 30919 32900 34290 34402 34994 37294 
279554 204246 454753 409466 749965 437957 664569 285906 703787 25085 ,64366 77506 81732 83568 90244 92719 94175 94788 96794 97072 ,279554 204246 454753 409466 749965 437957 664569 285906 703787 25085 ,64366 77506 81732 83568 90244 92719 94175 94788 96794 97072 
864031 285636 151059 550453 698478 8694 61204 59866 169927 940381 ,94277 120736 139415 142917 166196 173001 178561 180933 182177 182650 ,864031 285636 151059 550453 698478 8694 61204 59866 169927 940381 ,94277 120736 139415 142917 166196 173001 178561 180933 182177 182650 
55716 354790 712776 978129 72371 603053 481292 711996 873545 133016 ,40566 40775 42959 43570 47430 47648 48461 50530 52540 52935 ,354790 712776 978129 72371 481292 711996 873545 786634 355622 83422 ,40775 42959 43570 47430 48461 50530 52540 54365 54439 54746 
753659 903931 515736 892606 637950 227169 703216 42678 568061 955144 ,43052 43191 52372 56012 56147 63290 65205 69695 69825 70622 ,753659 903931 515736 892606 637950 227169 703216 42678 568061 955144 ,43052 43191 52372 56012 56147 63290 65205 69695 69825 70622 
340769 101366 526974 924153 70713 487778 606830 404621 144096 339594 ,43720 43919 45538 45907 46426 48860 49391 49748 49779 49813 ,340769 101366 526974 924153 70713 487778 606830 404621 144096 339594 ,43720 43919 45538 45907 46426 48860 49391 49748 49779 49813 
465974 734800 321822 724649 526587 617819 306072 363404 232125 464860 ,57341 58077 60619 63616 64460 65121 65397 65998 67034 67081 ,465974 734800 321822 724649 526587 617819 306072 363404 232125 464860 ,57341 58077 60619 63616 64460 65121 65397 65998 67034 67081 
827720 460421 215632 654613 893406 655842 446864 101624 476550 447353 ,7517 9341 10010 10196 10864 11151 11218 11924 12031 12083 ,827720 460421 215632 654613 893406 655842 446864 101624 476550 447353 ,7517 9341 10010 10196 10864 11151 11218 11924 12031 12083 
689949 27300 243637 307071 261925 566207 657910 772210 105103 182764 ,72476 78304 89887 90975 91120 94928 95687 102080 105474 106183 ,689949 27300 243637 307071 261925 566207 657910 772210 105103 182764 ,72476 78304 89887 90975 91120 94928 95687 102080 105474 106183 
279359 470579 323431 95570 810921 95466 291880 188342 496668 497004 ,41303 43479 44802 46382 48669 48682 49723 50401 50850 50893 ,279359 470579 323431 95570 810921 95466 291880 188342 496668 497004 ,41303 43479 44802 46382 48669 48682 49723 50401 50850 50893 
429420 429639 763526 292396 292081 292069 57301 296013 534551 808583 ,18012 27404 28734 29193 29447 29592 30536 32192 32488 32990 ,429420 429639 763526 292396 292081 292069 57301 296013 534551 808583 ,18012 27404 28734 29193 29447 29592 30536 32192 32488 32990 
575902 166791 261639 940571 424819 139304 719771 188425 703652 689978 ,46447 47173 48128 48140 49182 49412 49532 50051 50154 50331 ,575902 166791 261639 940571 424819 139304 719771 188425 703652 689978 ,46447 47173 48128 48140 49182 49412 49532 50051 50154 50331 
511543 335137 433976 702632 865654 315435 920393 837740 729681 921516 ,33344 33563 35113 35702 36105 36774 38056 38766 40723 40980 ,511543 335137 433976 865654 920393 729681 333721 13843 195921 85076 ,33344 33563 35113 36105 38056 40723 41155 42759 46256 47055 
487894 407229 381081 80853 365082 761204 307164 754036 19084 144986 ,52988 55916 56214 57465 57615 57774 62554 62620 63763 64026 ,487894 407229 381081 80853 365082 761204 307164 754036 19084 144986 ,52988 55916 56214 57465 57615 57774 62554 62620 63763 64026 
85518 266958 50980 53537 885345 587379 169473 139196 680989 575429 ,60162 62660 64582 66776 66866 68819 69167 69496 71820 72707 ,85518 266958 50980 53537 885345 587379 169473 139196 680989 575429 ,60162 62660 64582 66776 66866 68819 69167 69496 71820 72707 
558322 854665 940821 644938 965937 998293 304113 378175 876032 760038 ,76189 81559 82974 83327 85322 88489 90332 92103 92907 93242 ,558322 854665 940821 644938 965937 998293 378175 760038 775932 986424 ,76189 81559 82974 83327 85322 88489 92103 93242 93660 94115 
225330 501999 854610 705453 535605 411822 62879 933152 471798 970125 ,59809 68948 75859 80140 82896 85358 85938 86599 87296 88620 ,225330 501999 854610 705453 535605 411822 62879 933152 471798 970125 ,59809 68948 75859 80140 82896 85358 85938 86599 87296 88620 
525404 323431 498496 242343 322297 285494 322165 434385 306383 210563 ,52434 53138 60043 61131 63938 64336 64743 65796 66340 67972 ,525404 323431 498496 242343 322297 285494 322165 434385 306383 210563 ,52434 53138 60043 61131 63938 64336 64743 65796 66340 67972 
778525 408791 259418 87629 498750 904935 181258 891242 680499 669804 ,50020 52985 53489 54690 54858 55266 57232 57266 57490 57931 ,498750 669804 608715 986451 82652 887197 555048 554995 421757 983320 ,54858 57931 57941 58357 58794 61619 61875 62293 62454 64794 
493452 292903 306247 809967 498012 465319 15805 305867 789526 785984 ,58734 70531 76262 77207 77256 77548 77647 78733 79013 80306 ,493452 292903 306247 809967 498012 465319 15805 305867 789526 785984 ,58734 70531 76262 77207 77256 77548 77647 78733 79013 80306 
669784 98924 429871 986995 264743 175132 747427 174064 511356 366700 ,61495 61735 62451 63833 64207 64778 66440 67144 67265 67496 ,669784 98924 429871 986995 264743 175132 747427 174064 511356 366700 ,61495 61735 62451 63833 64207 64778 66440 67144 67265 67496 
401171 830590 469222 724028 464772 730383 307139 118896 402985 523243 ,47977 50177 51733 53604 53815 53838 53937 54491 54995 55420 ,401171 830590 469222 724028 464772 730383 307139 118896 402985 523243 ,47977 50177 51733 53604 53815 53838 53937 54491 54995 55420 
188519 530425 399302 82718 428694 999583 566302 323084 554278 30791 ,78624 86449 89527 94323 96683 97408 99108 99683 100034 100179 ,188519 530425 399302 82718 428694 999583 566302 323084 554278 30791 ,78624 86449 89527 94323 96683 97408 99108 99683 100034 100179 
953621 615388 426704 708754 663438 517479 524718 29988 499939 400622 ,25635 25823 26240 26816 27158 27482 27501 27654 27717 27865 ,953621 615388 426704 708754 663438 517479 524718 29988 499939 400622 ,25635 25823 26240 26816 27158 27482 27501 27654 27717 27865 
152008 684351 773736 300891 169319 280602 960521 540648 955321 489349 ,54802 59401 65231 68710 69543 70791 71281 71738 74499 76339 ,152008 684351 773736 300891 169319 280602 960521 540648 955321 489349 ,54802 59401 65231 68710 69543 70791 71281 71738 74499 76339 
566147 824650 670412 446056 952217 477668 674533 447963 674197 248689 ,25600 28703 29524 29759 29986 31321 31755 31913 32129 32559 ,566147 824650 670412 446056 952217 477668 674533 447963 674197 248689 ,25600 28703 29524 29759 29986 31321 31755 31913 32129 32559 
663476 293072 295632 68661 151203 397025 514290 990235 94325 233741 ,31728 32244 35342 35379 35968 36215 36499 37908 37959 38199 ,663476 293072 295632 68661 151203 397025 514290 990235 94325 233741 ,31728 32244 35342 35379 35968 36215 36499 37908 37959 38199 
572765 363958 736271 569758 30990 825181 969375 458046 570055 568610 ,23192 24082 25266 26389 27821 28376 28794 28930 29142 29475 ,572765 363958 736271 569758 30990 825181 969375 458046 570055 568610 ,23192 24082 25266 26389 27821 28376 28794 28930 29142 29475 
432487 742429 14781 666335 162949 710532 334548 293179 189129 273040 ,56091 57546 57613 58771 59560 63708 68363 68895 68976 69098 ,432487 742429 14781 666335 162949 710532 334548 293179 189129 273040 ,56091 57546 57613 58771 59560 63708 68363 68895 68976 69098 
430788 430872 912865 436320 76139 804176 322784 20627 912289 397078 ,45167 45979 46077 46228 47125 47645 48326 48366 48854 49000 ,430788 430872 912865 436320 76139 804176 322784 397078 77774 686511 ,45167 45979 46077 46228 47125 47645 48326 49000 49400 49427 
181614 251450 724331 631357 548488 371499 724104 64139 806516 369550 ,42122 43149 44349 45343 45651 45691 45772 46083 46103 47495 ,181614 251450 724331 631357 548488 371499 724104 64139 806516 369550 ,42122 43149 44349 45343 45651 45691 45772 46083 46103 47495 
133716 779544 620418 773292 833427 809192 869295 900269 996571 306789 ,13958 20697 22766 23260 23570 24005 24081 25412 26436 26742 ,773292 833427 869295 900269 996571 306789 51426 256448 986293 518588 ,23260 23570 24081 25412 26436 26742 27238 27270 28385 28855 
670619 384801 802603 642172 732142 905080 368594 813339 670917 478007 ,63330 67856 68084 70264 72256 73424 73643 75643 78028 78625 ,670619 384801 802603 642172 732142 905080 368594 813339 670917 478007 ,63330 67856 68084 70264 72256 73424 73643 75643 78028 78625 
549429 658190 499988 822647 510313 670763 294597 615978 175282 566262 ,63068 68523 71101 71659 72191 74044 75441 75453 75934 76290 ,549429 658190 499988 822647 510313 670763 294597 615978 175282 566262 ,63068 68523 71101 71659 72191 74044 75441 75453 75934 76290 
986984 501843 815513 122119 815521 64503 280284 68541 841180 865999 ,30551 37692 37791 38262 39784 40107 40907 41652 41908 42581 ,501843 815513 122119 815521 64503 280284 68541 865999 716510 28566 ,37692 37791 38262 39784 40107 40907 41652 42581 42860 43280 
469320 416019 569305 805996 666085 518085 366298 440942 14755 566262 ,59385 74780 76198 81339 87214 88021 93262 95754 95792 98112 ,469320 416019 569305 805996 666085 518085 366298 440942 14755 566262 ,59385 74780 76198 81339 87214 88021 93262 95754 95792 98112 
470385 470808 727458 788998 223978 821981 904206 626761 859641 21646 ,53013 53590 57986 58910 59420 59546 60062 60072 60296 61439 ,470808 727458 788998 223978 821981 904206 626761 859641 21646 924679 ,53590 57986 58910 59420 59546 60062 60072 60296 61439 61873 
411310 784411 249625 860736 941624 952254 283955 679667 327210 505128 ,84209 90249 91115 91312 91855 93906 95350 95821 99768 100670 ,411310 784411 249625 860736 941624 952254 283955 679667 327210 505128 ,84209 90249 91115 91312 91855 93906 95350 95821 99768 100670 
488571 458006 453872 453366 518504 37620 448246 363990 668752 210926 ,38620 41523 45393 46546 48402 54903 55326 56367 56791 58062 ,488571 458006 453872 453366 518504 37620 448246 363990 668752 210926 ,38620 41523 45393 46546 48402 54903 55326 56367 56791 58062 
175463 810944 504571 634523 170280 723277 242673 88330 72541 293010 ,55647 56145 56882 57639 58404 59148 61084 61170 61259 61674 ,175463 810944 504571 634523 170280 723277 242673 88330 72541 293010 ,55647 56145 56882 57639 58404 59148 61084 61170 61259 61674 
707034 93815 690165 733343 496875 526869 523457 509957 972990 401582 ,47059 53037 53051 53569 53716 53811 54433 54636 54690 54706 ,707034 93815 690165 733343 496875 526869 523457 509957 972990 401582 ,47059 53037 53051 53569 53716 53811 54433 54636 54690 54706 
364240 365840 220942 385048 494370 307896 418812 487710 519102 279692 ,42569 46208 47202 48831 48951 50060 52341 52706 52909 53173 ,364240 365840 220942 385048 494370 307896 418812 487710 519102 279692 ,42569 46208 47202 48831 48951 50060 52341 52706 52909 53173 
116404 896538 184812 344907 499160 298544 587679 769026 175394 568800 ,51017 51068 53181 54424 56084 57516 57534 60437 61557 62309 ,116404 896538 184812 344907 499160 298544 587679 769026 175394 568800 ,51017 51068 53181 54424 56084 57516 57534 60437 61557 62309 
421633 355991 422968 934557 989123 942681 743203 233179 295867 282663 ,120260 121700 129198 129860 131497 131946 132351 134160 134257 134794 ,421633 355991 422968 934557 989123 942681 743203 233179 295867 282663 ,120260 121700 129198 129860 131497 131946 132351 134160 134257 134794 
720061 692574 719898 163978 704123 215200 752839 507362 753957 968040 ,64036 72123 79326 79556 79929 80003 80849 80948 82311 83286 ,720061 692574 719898 704123 215200 507362 753957 968040 86799 908949 ,64036 72123 79326 79929 80003 80948 82311 83286 86233 86717 
796978 530796 494631 293485 863498 940806 442203 522661 292515 527218 ,40317 40368 42630 42755 45014 46587 47150 47539 48287 48598 ,796978 530796 494631 293485 863498 940806 442203 522661 292515 527218 ,40317 40368 42630 42755 45014 46587 47150 47539 48287 48598 
707136 494997 407868 98771 390716 31268 496830 548492 754014 840896 ,55511 58331 60374 60467 60656 60970 61604 62399 62547 62708 ,494997 407868 98771 390716 496830 548492 754014 840896 742405 31763 ,58331 60374 60467 60656 61604 62399 62547 62708 62987 63124 
309068 15667 519630 519328 798847 724201 994000 734547 480629 780316 ,56874 58819 67571 68400 69254 69399 69536 69801 70843 70888 ,309068 15667 519630 519328 798847 724201 994000 734547 480629 780316 ,56874 58819 67571 68400 69254 69399 69536 69801 70843 70888 
889123 749400 289875 802548 782162 572125 840854 691897 391870 90168 ,47173 59425 61214 63809 64038 65138 65733 68287 68591 68806 ,889123 749400 289875 802548 782162 691897 391870 90168 42859 483805 ,47173 59425 61214 63809 64038 68287 68591 68806 70357 70403 
496487 389393 603410 170916 553157 431165 283868 990415 694335 130830 ,19038 27048 29577 30210 30230 30336 30753 30930 31941 32308 ,496487 389393 603410 170916 553157 431165 283868 990415 130830 98664 ,19038 27048 29577 30210 30230 30336 30753 30930 32308 32549 
647374 115811 676386 741944 664633 619988 358632 35610 177616 310134 ,72668 84079 93518 96911 98684 103780 104279 106774 110544 110824 ,115811 741944 35610 331817 576302 847679 806292 626452 368588 128195 ,84079 96911 106774 117341 118079 120439 122145 122853 124614 124664 
105595 664904 158397 296449 531313 231258 663476 256152 735113 502954 ,32548 33079 33727 35929 36750 36826 36901 37700 38711 39083 ,105595 664904 158397 296449 531313 231258 663476 256152 735113 502954 ,32548 33079 33727 35929 36750 36826 36901 37700 38711 39083 
133277 111734 903942 395043 2589 530475 453970 4801 132006 828498 ,49570 52939 54035 56379 57997 59376 59399 60100 60180 62167 ,133277 111734 903942 395043 530475 453970 4801 132006 122666 832590 ,49570 52939 54035 56379 59376 59399 60100 60180 64451 64683 
912627 791242 453885 738202 705973 962766 910279 305787 966629 623379 ,108365 108545 110413 120142 123538 125722 128215 128945 131487 133726 ,912627 791242 453885 738202 705973 962766 910279 305787 966629 623379 ,108365 108545 110413 120142 123538 125722 128215 128945 131487 133726 
809652 484325 293448 469770 507845 152358 960725 157842 292705 523489 ,42991 43943 46040 47192 52233 52630 54991 55888 55951 56261 ,809652 484325 293448 469770 507845 152358 960725 157842 292705 523489 ,42991 43943 46040 47192 52233 52630 54991 55888 55951 56261 
493272 208445 747742 14270 623262 986946 232599 137971 458706 502073 ,50268 58627 62150 66642 66975 67367 68300 69483 70000 70010 ,493272 208445 747742 14270 623262 986946 232599 137971 458706 502073 ,50268 58627 62150 66642 66975 67367 68300 69483 70000 70010 
484325 376750 742055 980664 292631 746497 107069 473659 529103 549382 ,51013 69587 82953 88545 89473 89872 91212 91422 91768 92351 ,484325 376750 742055 980664 292631 746497 107069 473659 529103 549382 ,51013 69587 82953 88545 89473 89872 91212 91422 91768 92351 
815670 430454 527817 309443 93934 526727 86153 803244 294347 294729 ,32478 36966 40907 42436 44630 45190 46966 47845 48209 48482 ,815670 430454 527817 309443 93934 526727 86153 803244 294347 294729 ,32478 36966 40907 42436 44630 45190 46966 47845 48209 48482 
988925 811031 201419 37141 941025 201346 806577 63087 208594 410713 ,72220 74879 76900 78773 78971 80039 81907 83948 87943 88200 ,988925 811031 201419 37141 941025 806577 63087 208594 410713 392059 ,72220 74879 76900 78773 78971 81907 83948 87943 88200 89337 
843327 253514 944993 375569 484885 301335 775394 198921 185074 698004 ,77294 82915 83255 85385 89485 91163 92285 94328 95003 95863 ,253514 198921 537929 110981 274068 102218 685969 347656 174303 907205 ,82915 94328 95886 96100 97816 98526 98878 100633 100779 100884 
710835 97142 110426 572716 24049 686169 685986 189131 128056 472137 ,32760 33505 34723 36023 36474 36530 36538 36899 38305 38677 ,686169 718162 686605 80801 221542 734710 423794 874740 15931 340471 ,36530 39011 40043 43626 44665 44758 45684 46666 47122 47373 
253527 807643 982648 903142 338790 112266 158471 792933 570607 157591 ,40676 43588 46690 52638 55603 63529 64585 65948 66137 67333 ,253527 807643 982648 903142 338790 112266 158471 792933 570607 157591 ,40676 43588 46690 52638 55603 63529 64585 65948 66137 67333 
327926 627536 791165 589400 107067 694125 717228 197578 527780 525949 ,39706 41112 53431 55067 55795 56276 56882 57233 59445 60201 ,327926 589400 694125 717228 197578 527780 17504 696411 2194 256936 ,39706 55067 56276 56882 57233 59445 61425 62425 63848 64507 
931932 848542 391099 790683 505959 721926 704324 620268 724116 988752 ,63802 65768 67582 68453 69224 71072 71210 72164 72184 73177 ,931932 848542 391099 790683 505959 721926 704324 620268 724116 988752 ,63802 65768 67582 68453 69224 71072 71210 72164 72184 73177 
526646 95890 528107 143808 59785 549441 498352 406560 253955 117559 ,33489 35028 36382 36436 39342 39704 39946 40248 40496 40640 ,526646 95890 528107 143808 59785 498352 406560 253955 117559 377241 ,33489 35028 36382 36436 39342 39946 40248 40496 40640 42303 
987665 549052 234013 48870 369004 529216 874706 962700 232811 238399 ,84749 94517 104373 105767 107850 110908 112698 114952 115470 118844 ,987665 549052 234013 48870 369004 529216 874706 962700 232811 238399 ,84749 94517 104373 105767 107850 110908 112698 114952 115470 118844 
665262 126731 877796 340604 877460 735098 180261 952379 848232 202336 ,53728 61935 63178 66865 68920 70004 71525 72284 74403 74487 ,665262 126731 877796 340604 877460 735098 180261 952379 848232 202336 ,53728 61935 63178 66865 68920 70004 71525 72284 74403 74487 
496449 134444 485302 356182 551300 354365 174889 804072 596782 748383 ,47567 57828 59952 60495 60994 61278 61546 62257 62654 63010 ,496449 134444 485302 356182 354365 174889 804072 596782 748383 551081 ,47567 57828 59952 60495 61278 61546 62257 62654 63010 63045 
193191 980028 87658 271018 948228 282871 372360 706883 486931 450159 ,64190 66009 66270 66946 67083 68519 69322 70073 70425 70878 ,193191 980028 87658 271018 948228 282871 372360 706883 486931 450159 ,64190 66009 66270 66946 67083 68519 69322 70073 70425 70878 
408723 703769 68501 600926 787890 817080 694694 571819 123826 714148 ,54497 56636 56674 57179 57357 57705 58247 58942 59961 59970 ,408723 703769 68501 600926 787890 817080 694694 571819 123826 714148 ,54497 56636 56674 57179 57357 57705 58247 58942 59961 59970 
478982 160965 497146 299265 89015 839023 930201 970231 189731 999393 ,27593 31471 36368 37237 37588 38260 38936 40461 40462 41147 ,478982 160965 497146 299265 89015 839023 930201 189731 999393 260124 ,27593 31471 36368 37237 37588 38260 38936 40462 41147 41943 
97083 992941 920240 642186 659339 471973 857198 772343 260193 81692 ,67876 68859 72908 73023 77959 79273 79913 80332 84026 84358 ,97083 992941 920240 642186 659339 471973 857198 772343 260193 81692 ,67876 68859 72908 73023 77959 79273 79913 80332 84026 84358 
245835 977332 809844 395209 244902 645776 705370 992176 842160 997170 ,44047 50886 53765 53966 55205 55237 56016 56511 57462 58227 ,245835 977332 809844 395209 244902 645776 992176 842160 997170 963597 ,44047 50886 53765 53966 55205 55237 56511 57462 58227 58967 
684297 754324 836961 739322 990179 106266 771961 30616 181899 695610 ,56753 67018 67058 67380 69987 70075 70283 70655 71823 71849 ,684297 754324 836961 739322 990179 106266 771961 30616 181899 695610 ,56753 67018 67058 67380 69987 70075 70283 70655 71823 71849 
518803 356202 584506 171101 806382 6865 338224 139994 835885 203735 ,60072 62338 62888 62898 63388 65971 67340 69288 70029 70535 ,518803 356202 584506 171101 806382 6865 338224 139994 835885 203735 ,60072 62338 62888 62898 63388 65971 67340 69288 70029 70535 
33548 518099 688148 430238 350902 430255 121963 458688 68737 816029 ,34031 34070 34875 34918 35972 36289 36535 36947 37129 38269 ,33548 518099 688148 430238 350902 430255 121963 458688 68737 816029 ,34031 34070 34875 34918 35972 36289 36535 36947 37129 38269 
432176 229759 821728 523142 463515 551187 750482 226306 300720 965238 ,63847 71684 72088 72671 75221 78834 79166 80997 81472 82029 ,432176 229759 821728 523142 463515 551187 750482 226306 300720 965238 ,63847 71684 72088 72671 75221 78834 79166 80997 81472 82029 
665930 51639 645381 896849 441474 207744 991123 667776 640501 6630 ,26584 30665 30874 34388 35941 36598 36838 37788 38319 38978 ,665930 51639 645381 896849 441474 207744 991123 667776 640501 6630 ,26584 30665 30874 34388 35941 36598 36838 37788 38319 38978 
986360 160325 849419 763007 772903 970681 848490 277329 387206 324050 ,53415 54890 55544 55927 57647 58605 59893 65315 66540 68450 ,986360 160325 849419 763007 772903 970681 848490 277329 387206 324050 ,53415 54890 55544 55927 57647 58605 59893 65315 66540 68450 
960478 62373 906257 277371 455835 135043 12448 201829 266107 278402 ,45239 45395 45617 46043 46103 47224 48191 50077 50077 50487 ,960478 62373 906257 277371 455835 135043 12448 201829 278402 830836 ,45239 45395 45617 46043 46103 47224 48191 50077 50487 50502 
5844 902145 901541 113948 56201 116279 406764 7841 896240 285147 ,45004 55340 56994 58419 59820 60971 62339 62992 63348 63447 ,5844 902145 901541 113948 56201 116279 406764 7841 896240 285147 ,45004 55340 56994 58419 59820 60971 62339 62992 63348 63447 
922415 484516 499422 681749 739122 498714 384873 411553 895004 441676 ,22388 22399 22452 23557 24123 24388 25688 26019 26343 26761 ,922415 484516 499422 681749 739122 498714 384873 411553 895004 441676 ,22388 22399 22452 23557 24123 24388 25688 26019 26343 26761 
44270 753566 668487 754868 55218 727343 37220 165397 662500 860532 ,56030 58744 62734 63456 64691 68056 69923 74927 78293 81236 ,44270 753566 668487 754868 55218 727343 37220 165397 662500 860532 ,56030 58744 62734 63456 64691 68056 69923 74927 78293 81236 
191001 768227 877028 863258 854794 855336 913061 538680 207226 207698 ,28705 29654 30541 30766 31770 32424 33964 35171 35295 35889 ,191001 768227 877028 863258 854794 855336 913061 538680 207226 207698 ,28705 29654 30541 30766 31770 32424 33964 35171 35295 35889 
698962 540401 987947 427144 691099 106745 265689 376785 131174 25163 ,61476 62934 74345 80897 82069 84574 86799 92063 97438 101833 ,698962 540401 987947 427144 691099 106745 265689 376785 131174 25163 ,61476 62934 74345 80897 82069 84574 86799 92063 97438 101833 
713950 5038 373780 869184 545653 213074 446587 851428 216198 669051 ,28125 31621 33649 38804 41803 43483 43717 46048 46150 46506 ,713950 5038 373780 869184 545653 213074 446587 851428 216198 669051 ,28125 31621 33649 38804 41803 43483 43717 46048 46150 46506 
544242 406021 970369 777599 191785 918796 869690 842287 851907 545089 ,32525 36453 37343 38310 38923 39576 40707 40837 40967 41863 ,544242 406021 970369 777599 191785 918796 869690 842287 851907 545089 ,32525 36453 37343 38310 38923 39576 40707 40837 40967 41863 
205734 740039 221955 592437 47311 161966 649742 679314 298484 380232 ,64234 64672 66105 66145 72661 75314 77274 77378 77429 77627 ,205734 740039 221955 592437 47311 161966 679314 298484 150478 112188 ,64234 64672 66105 66145 72661 75314 77378 77429 77663 78460 
843207 865947 989331 541725 222442 541802 403588 924249 206476 883272 ,62361 68269 68839 71103 72673 74237 74344 74592 76085 76714 ,843207 865947 989331 541725 222442 541802 403588 924249 206476 883272 ,62361 68269 68839 71103 72673 74237 74344 74592 76085 76714 
284755 851590 26849 811246 762452 641597 49153 546736 906777 379044 ,24995 28554 29452 30716 31860 31965 32143 32869 33035 34130 ,284755 851590 26849 811246 762452 641597 49153 546736 906777 379044 ,24995 28554 29452 30716 31860 31965 32143 32869 33035 34130 
839058 248795 825041 155849 921896 996746 39570 560973 882520 541681 ,35516 39397 42583 42990 43309 43435 46014 47710 48196 48886 ,839058 248795 825041 155849 921896 996746 39570 560973 882520 541681 ,35516 39397 42583 42990 43309 43435 46014 47710 48196 48886 
858888 845847 608355 436964 947267 618036 871666 130138 895056 871127 ,54127 54421 54489 56217 56909 57188 60730 60844 62308 62466 ,858888 845847 608355 436964 947267 618036 871666 130138 895056 871127 ,54127 54421 54489 56217 56909 57188 60730 60844 62308 62466 
253563 919042 903896 919219 893101 121740 899014 905487 870099 832431 ,28536 28650 29571 29848 32278 34932 35631 36224 37479 37676 ,253563 919042 903896 960336 251819 190644 265519 919271 844812 922587 ,28536 28650 29571 39504 39708 41028 41381 42918 42961 43240 
426929 323978 800276 279251 142658 254232 101689 397166 602417 321910 ,18572 20060 25642 26308 27175 28384 29310 29599 30225 30532 ,426929 323978 800276 279251 142658 254232 101689 397166 602417 321910 ,18572 20060 25642 26308 27175 28384 29310 29599 30225 30532 
667502 870881 374354 648907 830281 374642 672541 101812 610401 342332 ,10858 11194 15587 17072 17152 18085 18162 18291 18331 19042 ,667502 870881 374354 648907 830281 374642 672541 101812 610401 342332 ,10858 11194 15587 17072 17152 18085 18162 18291 18331 19042 
414205 637170 10800 895931 557288 422071 899582 410524 812268 376539 ,74415 83279 87685 89865 91685 92329 93221 93968 96286 96346 ,414205 637170 10800 895931 557288 422071 899582 410524 812268 376539 ,74415 83279 87685 89865 91685 92329 93221 93968 96286 96346 
969813 815865 189074 836922 793781 118491 865100 554904 343394 234172 ,32633 45348 50023 52212 53805 64290 65181 65357 67757 67929 ,969813 815865 189074 836922 793781 118491 865100 554904 343394 234172 ,32633 45348 50023 52212 53805 64290 65181 65357 67757 67929 
685200 434417 691102 359058 526622 611358 816016 164326 731878 426915 ,62649 64293 66094 67768 68149 68406 68442 70117 71799 72246 ,685200 434417 691102 359058 526622 611358 816016 164326 731878 282505 ,62649 64293 66094 67768 68149 68406 68442 70117 71799 72432 
643061 576521 369944 187463 354376 40402 249865 471059 40009 460397 ,68015 81143 85173 94196 95651 95840 96203 96890 99275 99332 ,643061 576521 369944 187463 354376 40402 249865 471059 460397 371935 ,68015 81143 85173 94196 95651 95840 96203 96890 99332 101125 
924526 522290 459452 458425 503722 623869 575092 279708 189 196708 ,32080 45633 48514 51717 52024 54025 54509 54856 54956 56013 ,924526 522290 459452 458425 503722 623869 575092 279708 189 196708 ,32080 45633 48514 51717 52024 54025 54509 54856 54956 56013 
50860 575390 682415 578478 746962 278652 576094 142923 947885 701586 ,52162 57047 60661 60723 60848 61140 61225 65821 66271 66367 ,50860 575390 682415 578478 746962 278652 576094 142923 947885 701586 ,52162 57047 60661 60723 60848 61140 61225 65821 66271 66367 
445241 446194 445454 445191 446228 447004 447109 37814 446143 447419 ,3204 3225 3258 3463 3603 3840 3860 3897 3897 4238 ,445241 446194 445454 445191 446228 447004 447109 446143 37814 447419 ,3204 3225 3258 3463 3603 3840 3860 3897 3897 4238 
666817 768157 541444 604317 654226 541507 763955 416313 856317 649457 ,8855 10699 12624 14853 15243 20601 20831 24761 28634 29854 ,666817 768157 541444 604317 654226 541507 763955 416313 856317 649457 ,8855 10699 12624 14853 15243 20601 20831 24761 28634 29854 
795356 401110 425514 945212 767926 664567 674257 446957 127615 652924 ,30008 36671 46506 47732 49021 50814 53579 56987 61119 62478 ,795356 401110 425514 945212 767926 664567 674257 446957 127615 652924 ,30008 36671 46506 47732 49021 50814 53579 56987 61119 62478 
9570 490146 597843 154488 10523 903629 157167 676730 62580 623714 ,95231 98933 105255 113789 115402 117549 118008 118539 121140 121413 ,9570 490146 597843 154488 10523 903629 157167 676730 62580 623714 ,95231 98933 105255 113789 115402 117549 118008 118539 121140 121413 
299579 902064 253326 162629 565269 88963 950004 985781 316266 98086 ,105208 108189 111482 114670 114854 116095 117123 117513 120959 122332 ,299579 902064 253326 162629 565269 88963 950004 985781 316266 98086 ,105208 108189 111482 114670 114854 116095 117123 117513 120959 122332 
13594 88050 75023 97271 18944 350195 135611 15225 283943 347518 ,83505 84007 84715 85960 86769 86946 87558 88397 89850 90439 ,13594 88050 75023 97271 18944 350195 135611 15225 283943 347518 ,83505 84007 84715 85960 86769 86946 87558 88397 89850 90439 
37725 787902 446384 477352 710502 54382 447512 823618 893959 448110 ,11352 11598 13405 14151 14394 14843 14862 15196 15201 15403 ,37725 477352 54382 447512 656668 850298 964989 39222 447065 886595 ,11352 14151 14843 14862 16367 16545 17370 17658 17977 18259 
538106 409640 258857 904115 451404 692057 783067 44736 980609 324186 ,65785 117021 132569 136643 138829 142195 145419 149497 151782 157237 ,538106 409640 258857 904115 451404 692057 783067 44736 980609 324186 ,65785 117021 132569 136643 138829 142195 145419 149497 151782 157237 
612600 677128 942004 542511 51919 919226 772531 769801 665981 333489 ,34993 60469 71569 76180 79354 82740 83466 83547 83765 83979 ,612600 677128 942004 542511 51919 919226 772531 769801 665981 333489 ,34993 60469 71569 76180 79354 82740 83466 83547 83765 83979 
41804 613415 428008 638302 881629 995857 603931 778243 582817 771477 ,52636 53794 57125 70678 70842 71112 72761 74376 74831 78556 ,41804 613415 428008 638302 881629 995857 603931 778243 582817 771477 ,52636 53794 57125 70678 70842 71112 72761 74376 74831 78556 
756110 877017 907923 973119 191084 211447 996923 905527 854855 996964 ,20547 21099 24393 25302 28328 28390 28658 28761 28977 29095 ,756110 877017 907923 973119 191084 211447 996923 905527 854855 996964 ,20547 21099 24393 25302 28328 28390 28658 28761 28977 29095 
189454 567824 282334 933363 351441 512239 738150 172897 846656 901920 ,43663 52747 61683 61936 62738 63592 63645 64061 65195 65735 ,189454 567824 282334 933363 351441 512239 738150 172897 846656 901920 ,43663 52747 61683 61936 62738 63592 63645 64061 65195 65735 
554601 687829 248371 534926 477556 105264 324486 278786 321805 736916 ,25394 28049 29494 29991 30432 30712 30828 31168 31244 31469 ,554601 687829 248371 534926 477556 105264 324486 278786 321805 736916 ,25394 28049 29494 29991 30432 30712 30828 31168 31244 31469 
323248 832931 413829 397297 923148 294597 569309 550331 482510 995703 ,28834 46569 49508 51137 60588 61756 63075 65221 66362 67206 ,323248 832931 413829 397297 923148 294597 569309 550331 482510 995703 ,28834 46569 49508 51137 60588 61756 63075 65221 66362 67206 
839911 101675 911495 385454 830105 606690 593843 841154 858981 840193 ,26971 31192 32010 32954 34880 35631 35846 36136 36664 36854 ,839911 101675 385454 830105 606690 593843 841154 858981 840193 662135 ,26971 31192 32954 34880 35631 35846 36136 36664 36854 38106 
528661 495030 237908 183945 426790 534792 178308 406789 420987 429351 ,47752 48376 51344 51881 53659 53768 54905 55225 55722 57802 ,528661 495030 237908 183945 426790 534792 178308 406789 420987 429351 ,47752 48376 51344 51881 53659 53768 54905 55225 55722 57802 
898723 305025 5327 441548 566220 420904 609054 354587 273416 640373 ,37888 38203 38349 39562 40173 40254 41320 41423 41605 41622 ,898723 305025 5327 441548 566220 420904 609054 354587 273416 640373 ,37888 38203 38349 39562 40173 40254 41320 41423 41605 41622 
453730 519817 757838 620498 962481 759450 554639 613331 62708 748117 ,75190 97706 98838 100718 102861 103500 105233 105358 105930 106299 ,519817 757838 620498 759450 554639 613331 62708 748117 2025 999507 ,97706 98838 100718 103500 105233 105358 105930 106299 107175 108317 
128021 498160 738741 556300 69609 311334 23462 785146 690493 351037 ,39189 40581 41617 43418 43492 44038 44240 45075 45148 45825 ,128021 498160 738741 556300 69609 311334 23462 785146 690493 351037 ,39189 40581 41617 43418 43492 44038 44240 45075 45148 45825 
600892 601010 717349 524177 453395 452896 796591 452438 755793 195472 ,30355 34821 37340 40482 41733 41808 42682 44560 45652 45667 ,600892 601010 524177 453395 452896 796591 755793 195472 274288 638263 ,30355 34821 40482 41733 41808 42682 45652 45667 45667 46659 
825530 103678 998142 831145 643148 795909 11845 154575 788607 649674 ,48164 50541 63377 67524 70320 70874 73322 76601 79885 81590 ,825530 103678 998142 831145 643148 795909 11845 154575 788607 649674 ,48164 50541 63377 67524 70320 70874 73322 76601 79885 81590 
448811 157954 145766 206586 224102 544342 584387 886291 623669 432010 ,64843 72015 74982 76250 76291 78660 78875 81006 84934 88729 ,448811 157954 145766 206586 224102 544342 584387 886291 623669 432010 ,64843 72015 74982 76250 76291 78660 78875 81006 84934 88729 
442571 192258 672793 951177 162152 754619 901659 994170 443139 627953 ,22597 24560 27841 28618 28835 29620 29733 30080 33627 33705 ,442571 192258 672793 951177 162152 754619 901659 994170 443139 627953 ,22597 24560 27841 28618 28835 29620 29733 30080 33627 33705 
918529 296368 484043 299191 227119 281535 871583 222471 703366 710348 ,37675 38516 38900 40651 41750 42032 42191 42449 42652 43172 ,918529 296368 299191 227119 281535 871583 222471 703366 710348 223773 ,37675 38516 40651 41750 42032 42191 42449 42652 43172 43466 
697844 434842 183329 897064 587464 240241 666568 665887 900731 450456 ,65261 67463 68737 69744 71631 72237 72799 74318 74691 74939 ,697844 434842 183329 897064 587464 240241 666568 665887 900731 450456 ,65261 67463 68737 69744 71631 72237 72799 74318 74691 74939 
339719 368734 252753 898357 984605 239784 749620 628455 923943 502065 ,36325 36763 38312 39015 39550 40369 40695 43018 43306 43375 ,339719 368734 252753 898357 984605 239784 749620 628455 923943 502065 ,36325 36763 38312 39015 39550 40369 40695 43018 43306 43375 
918805 562282 127713 855022 392881 725077 663331 847452 947166 973252 ,34625 37980 40070 42497 42987 43756 44137 44323 44679 44877 ,918805 562282 127713 855022 392881 725077 663331 847452 947166 973252 ,34625 37980 40070 42497 42987 43756 44137 44323 44679 44877 
116436 257547 958685 323392 739350 259363 714613 560726 103518 871358 ,52187 64734 74500 78488 79163 79311 79515 82572 83543 84090 ,116436 257547 958685 323392 739350 259363 714613 560726 103518 871358 ,52187 64734 74500 78488 79163 79311 79515 82572 83543 84090 
660833 765069 558741 850197 627799 660421 259902 24631 880043 989877 ,18862 31725 33647 33656 36626 36705 40475 41168 42300 43717 ,660833 765069 558741 850197 627799 660421 259902 24631 880043 782146 ,18862 31725 33647 33656 36626 36705 40475 41168 42300 43880 
854890 863253 55086 870373 480090 927133 500493 299784 78707 278676 ,39341 42840 44889 46915 47467 48388 50377 52769 54307 54488 ,854890 863253 55086 870373 480090 927133 500493 299784 78707 278676 ,39341 42840 44889 46915 47467 48388 50377 52769 54307 54488 
669323 639803 821719 666642 740288 884224 833394 578681 849353 283631 ,29757 43367 45212 46000 47019 47973 49920 50559 51511 54847 ,669323 639803 821719 666642 740288 884224 833394 578681 849353 283631 ,29757 43367 45212 46000 47019 47973 49920 50559 51511 54847 
426849 331551 911677 659613 661427 654419 446892 151399 207157 302872 ,31859 32389 37058 38845 44463 45197 46716 48182 50758 52332 ,426849 331551 911677 659613 661427 654419 446892 151399 207157 302872 ,31859 32389 37058 38845 44463 45197 46716 48182 50758 52332 
876561 55419 272156 484450 947692 232491 937793 936915 802435 414035 ,78124 88867 94272 94412 94483 95174 95890 98168 98213 98245 ,876561 55419 272156 484450 947692 232491 937793 936915 802435 414035 ,78124 88867 94272 94412 94483 95174 95890 98168 98213 98245 
649508 647173 653160 649311 647569 444247 653717 648649 566531 654110 ,19785 23398 25563 31142 35377 37064 38147 40089 43347 45114 ,649508 647173 653160 649311 647569 444247 653717 648649 566531 654110 ,19785 23398 25563 31142 35377 37064 38147 40089 43347 45114 
835518 519192 289288 341394 217108 130402 684329 354671 419784 879469 ,44192 47473 48302 48348 50004 51426 51816 53005 55643 55948 ,341394 217108 312504 24334 109944 304820 187072 366525 741392 516531 ,48348 50004 62089 63245 64147 64262 66286 68656 70124 70224 
618163 729971 687198 941421 850810 90285 294993 216527 686684 447643 ,21564 21726 21736 25329 25928 26111 26390 28192 28647 28659 ,618163 729971 687198 941421 850810 90285 294993 216527 686684 447643 ,21564 21726 21736 25329 25928 26111 26390 28192 28647 28659 
996371 987074 996476 19573 594654 997150 850889 538680 595915 749062 ,41336 41595 45921 50023 52199 53637 54011 54695 55444 55605 ,996371 538680 518930 861391 848597 723732 996504 938689 908033 997082 ,41336 54695 58087 58166 58268 59439 61029 62173 63040 63843 
95914 633216 799413 646845 328142 651177 156455 268674 48572 578532 ,91553 119865 120367 121140 127852 127897 129344 131484 132445 139292 ,95914 633216 799413 646845 328142 651177 156455 268674 48572 578532 ,91553 119865 120367 121140 127852 127897 129344 131484 132445 139292 
45655 96116 211832 132409 893525 125514 143982 922303 286365 528355 ,90781 99657 101619 103590 105707 106418 108487 108924 110036 113393 ,45655 96116 211832 132409 893525 125514 143982 922303 286365 528355 ,90781 99657 101619 103590 105707 106418 108487 108924 110036 113393 
970143 434330 708828 994853 786753 994631 723968 527344 667661 526524 ,28465 28636 28717 28817 29365 29592 30064 30300 31557 31942 ,970143 434330 786753 994631 723968 667661 526524 801717 571723 695015 ,28465 28636 29365 29592 30064 31557 31942 33384 33447 33519 
839547 672149 848128 324990 992119 852940 2783 480947 417033 807788 ,56407 61014 63156 63577 63803 64340 65054 65119 65360 65507 ,839547 672149 848128 324990 992119 852940 2783 480947 417033 807788 ,56407 61014 63156 63577 63803 64340 65054 65119 65360 65507 
833988 926163 926626 685086 796174 197564 127509 143370 937348 418976 ,57092 60565 62215 65861 66053 67725 69350 70359 70800 72039 ,833988 56408 777498 272870 857083 197755 597582 749882 373249 632950 ,57092 78334 79311 82817 84673 84817 86624 86934 88092 88375 
295361 353659 508532 327434 981193 768892 558972 831959 153865 315032 ,76432 81329 84369 85769 89039 89293 90427 90765 91064 91795 ,295361 353659 508532 327434 981193 768892 558972 831959 153865 315032 ,76432 81329 84369 85769 89039 89293 90427 90765 91064 91795 
169643 515816 928924 236416 142436 517156 347514 631228 418813 299983 ,72687 75304 75724 75928 78879 79667 82486 83859 84323 84361 ,928924 631228 831417 94348 660995 740226 365489 835068 504250 332028 ,75724 83859 87333 87920 90161 90208 92240 94272 95227 96864 
293891 537349 392587 715250 583694 113269 489732 288010 752084 886895 ,53966 56206 64282 68657 71842 72390 73826 74110 75600 75777 ,293891 537349 392587 715250 583694 113269 489732 288010 752084 886895 ,53966 56206 64282 68657 71842 72390 73826 74110 75600 75777 
487715 894643 343330 146580 226499 611713 443669 737457 504528 793218 ,67985 76821 80202 82554 84637 84649 87520 89439 90098 93202 ,487715 894643 343330 146580 226499 611713 443669 737457 504528 793218 ,67985 76821 80202 82554 84637 84649 87520 89439 90098 93202 
204079 227294 364938 463411 572787 83218 8828 57229 609211 597526 ,126088 138615 140186 147011 151686 151782 153703 154877 156067 156720 ,204079 227294 364938 463411 572787 83218 8828 57229 609211 597526 ,126088 138615 140186 147011 151686 151782 153703 154877 156067 156720 
315308 54091 240906 438118 187936 969672 54024 5149 10110 21060 ,46989 72067 74488 75990 79174 81660 84123 84323 84882 86270 ,315308 54091 240906 438118 187936 969672 54024 5149 10110 21060 ,46989 72067 74488 75990 79174 81660 84123 84323 84882 86270 
206997 384164 292383 901561 777344 42647 994699 764402 122284 293220 ,36650 48610 48623 53280 53507 54755 54869 56512 56567 57347 ,206997 384164 292383 777344 42647 994699 764402 122284 293220 709228 ,36650 48610 48623 53507 54755 54869 56512 56567 57347 57383 
756649 778468 961350 182726 773907 817970 633046 182319 722112 753036 ,47957 54884 61058 61899 62691 69102 70153 70330 71693 73181 ,756649 778468 961350 182726 773907 817970 633046 182319 722112 753036 ,47957 54884 61058 61899 62691 69102 70153 70330 71693 73181 
301789 718521 572303 438116 907687 478222 222356 865582 414840 169779 ,58946 60331 64003 65199 66363 66687 66958 68048 69692 70636 ,301789 718521 572303 438116 907687 478222 222356 865582 414840 169779 ,58946 60331 64003 65199 66363 66687 66958 68048 69692 70636 
305866 175095 516463 278947 305345 249261 326545 785007 130453 278652 ,22036 23253 23760 24372 25007 25104 27736 28415 28566 28697 ,305866 175095 516463 278947 305345 249261 326545 785007 130453 278652 ,22036 23253 23760 24372 25007 25104 27736 28415 28566 28697 
526286 694187 809714 635767 908191 825597 516518 426415 501863 766732 ,72298 74100 79283 79692 80161 81346 82145 83013 83218 83588 ,526286 694187 635767 908191 825597 516518 426415 501863 766732 943095 ,72298 74100 79692 80161 81346 82145 83013 83218 83588 84364 
406169 77783 379180 667246 187894 733435 856615 667261 207078 453015 ,33231 35798 39643 40170 44630 46139 46650 46722 46832 47211 ,406169 77783 379180 667246 187894 733435 856615 667261 207078 453015 ,33231 35798 39643 40170 44630 46139 46650 46722 46832 47211 
67210 726455 579949 207464 660229 543257 899000 670875 882645 100989 ,35972 46045 46716 48575 48732 48772 49708 50837 50898 53265 ,67210 726455 579949 207464 660229 543257 899000 670875 882645 100989 ,35972 46045 46716 48575 48732 48772 49708 50837 50898 53265 
922379 187692 825358 531237 738260 440996 637550 132715 793156 533046 ,29490 29895 32978 33470 35953 36714 36999 37233 37306 37597 ,922379 187692 825358 531237 738260 440996 637550 132715 793156 533046 ,29490 29895 32978 33470 35953 36714 36999 37233 37306 37597 
699533 74547 518650 226275 865513 706498 910990 443252 210485 946986 ,59193 61117 61480 62163 64705 64956 65838 65906 66749 68360 ,699533 74547 518650 226275 865513 706498 910990 443252 210485 946986 ,59193 61117 61480 62163 64705 64956 65838 65906 66749 68360 
653504 324125 374439 838378 299744 539420 783297 893360 4129 450024 ,59981 77538 77724 79662 84109 84757 88010 88315 89993 90357 ,653504 324125 374439 838378 299744 539420 783297 893360 4129 450024 ,59981 77538 77724 79662 84109 84757 88010 88315 89993 90357 
858903 896130 531608 247322 539798 603679 1295 868038 1272 249382 ,40911 42756 45688 47788 48641 48969 50073 52547 52917 53578 ,858903 896130 531608 247322 539798 603679 1295 868038 1272 249382 ,40911 42756 45688 47788 48641 48969 50073 52547 52917 53578 
87266 537728 912914 904624 129599 401906 189760 383185 468273 855262 ,50985 74383 89512 92801 95762 100428 103627 105107 111351 115749 ,87266 537728 912914 904624 129599 401906 189760 383185 468273 855262 ,50985 74383 89512 92801 95762 100428 103627 105107 111351 115749 
289656 418274 7213 196104 421746 86660 441561 6178 773248 617077 ,77000 78066 80501 80845 83700 89603 94959 95657 97798 98243 ,289656 418274 7213 196104 421746 86660 441561 6178 773248 617077 ,77000 78066 80501 80845 83700 89603 94959 95657 97798 98243 
879830 795241 604658 709836 513871 993656 911438 2481 969672 105432 ,40021 41938 44721 46160 46202 47848 47915 48242 48290 48354 ,879830 604658 709836 513871 993656 911438 2481 969672 105432 910873 ,40021 44721 46160 46202 47848 47915 48242 48290 48354 49225 
759856 233306 338233 738683 95238 502311 452573 213119 930253 913114 ,33333 33838 34439 38955 40058 40489 40734 40902 41111 42022 ,759856 233306 338233 738683 95238 502311 452573 213119 930253 913114 ,33333 33838 34439 38955 40058 40489 40734 40902 41111 42022 
198741 663748 651304 782040 654252 121694 728282 111998 654532 439334 ,66526 66625 72010 72553 74188 74548 75899 76036 76098 76227 ,198741 663748 651304 782040 654252 121694 728282 111998 439334 476711 ,66526 66625 72010 72553 74188 74548 75899 76036 76227 76495 
147857 191428 598561 275514 562531 252199 590009 981446 981013 597750 ,72616 83696 84108 86129 87528 90222 92408 93032 93222 94298 ,147857 191428 598561 275514 562531 252199 590009 981446 981013 597750 ,72616 83696 84108 86129 87528 90222 92408 93032 93222 94298 
453015 733435 49875 856615 667246 446056 9490 379746 769951 648945 ,40109 40127 46025 47032 48434 48743 51329 56174 56974 58802 ,453015 733435 49875 856615 667246 446056 9490 379746 769951 648945 ,40109 40127 46025 47032 48434 48743 51329 56174 56974 58802 
297275 298296 231914 299516 165211 544297 378916 174868 408066 295198 ,50579 52376 52505 53639 54970 55449 59749 60932 61170 61562 ,297275 298296 231914 299516 165211 544297 378916 174868 408066 295198 ,50579 52376 52505 53639 54970 55449 59749 60932 61170 61562 
169193 327950 714375 714155 423584 627789 83731 228881 560020 328428 ,29229 34052 35661 35672 36365 39321 41089 41512 41756 42787 ,169193 327950 714375 714155 423584 627789 83731 228881 560020 328428 ,29229 34052 35661 35672 36365 39321 41089 41512 41756 42787 
869829 913590 538626 130734 116474 869909 898703 952299 601708 928582 ,19798 20207 20679 20816 21310 22672 22747 23359 23540 23558 ,952299 601708 37220 587260 862184 912954 767350 256706 767489 195267 ,23359 23540 25847 27763 29151 30348 30418 31052 31146 31783 
952915 646894 649743 797263 653180 647406 647230 647103 58576 673299 ,45010 45014 47768 48228 49336 50382 50436 52917 52940 53543 ,952915 649743 647406 952092 649690 795761 755760 653811 647597 611270 ,45010 47768 50382 58826 62064 62859 64702 65192 67451 67498 
748946 982216 392151 973100 8700 126821 404686 160044 467727 245447 ,73940 79535 80421 81987 82477 82660 83313 84089 85770 86043 ,982216 404686 245447 301040 399859 843786 227019 543670 145664 358533 ,79535 83313 86043 88461 89127 90888 92036 92688 94457 94937 
452352 679348 702972 511197 332126 61550 201507 593789 459096 459856 ,40709 58889 63139 64626 64797 67404 67774 70081 70229 70638 ,452352 679348 702972 511197 332126 61550 201507 593789 459096 459856 ,40709 58889 63139 64626 64797 67404 67774 70081 70229 70638 
156903 550834 797614 278675 237558 616881 379313 365629 254141 281848 ,55009 72350 78178 79429 81335 81735 82744 83496 83501 83759 ,550834 797614 278675 237558 379313 365629 254141 281848 381906 62917 ,72350 78178 79429 81335 82744 83496 83501 83759 84509 84694 
308606 414957 582929 810097 125260 482952 406726 476131 912170 400970 ,74396 84368 88212 96348 99100 106935 107294 108903 109126 109240 ,308606 414957 582929 810097 125260 482952 406726 476131 912170 400970 ,74396 84368 88212 96348 99100 106935 107294 108903 109126 109240 
86276 825742 784962 86628 726530 68806 486268 825538 502460 535015 ,37650 39113 42338 44945 45480 45646 46795 47015 47048 47853 ,86276 825742 784962 86628 68806 486268 825538 502460 535015 615283 ,37650 39113 42338 44945 45646 46795 47015 47048 47853 48198 
452817 531166 555025 214942 345050 305247 458844 714194 932182 714178 ,29896 51891 55729 61043 61926 62274 62434 62529 63083 64773 ,452817 555025 214942 345050 305247 458844 714194 932182 714178 262490 ,29896 55729 61043 61926 62274 62434 62529 63083 64773 67221 
305551 762838 913348 25956 799821 502614 557687 76201 354363 363263 ,30822 42236 50088 51110 56780 62748 63295 63844 65593 68590 ,305551 762838 913348 25956 799821 502614 557687 76201 354363 363263 ,30822 42236 50088 51110 56780 62748 63295 63844 65593 68590 
452645 452558 453275 453331 294103 517398 227563 452627 730462 663605 ,19890 24962 25659 34656 34807 35076 35372 36383 38222 38530 ,452645 453275 453331 517398 227563 452627 730462 663605 467143 453347 ,19890 25659 34656 35076 35372 36383 38222 38530 38664 39038 
541935 96656 996890 924262 361702 554965 693129 275898 837758 193087 ,38532 44210 45440 45978 46559 47583 47809 50431 51523 52044 ,541935 96656 996890 924262 361702 554965 693129 275898 837758 193087 ,38532 44210 45440 45978 46559 47583 47809 50431 51523 52044 
321489 308191 210926 462580 432770 236918 396864 541354 279084 505013 ,53585 54533 56517 57780 58265 62207 65712 66216 66459 67125 ,321489 308191 210926 462580 432770 236918 396864 541354 279084 505013 ,53585 54533 56517 57780 58265 62207 65712 66216 66459 67125 
459755 90906 467035 459554 459267 548545 459034 261925 690278 426975 ,66415 71949 75304 75668 76020 76571 77200 78582 79814 81342 ,459755 90906 467035 459554 459267 548545 459034 261925 690278 426975 ,66415 71949 75304 75668 76020 76571 77200 78582 79814 81342 
703927 32960 187190 97967 699335 199887 417502 13966 140895 931993 ,56039 69112 69836 72419 72497 75514 78553 81212 81228 81362 ,703927 32960 187190 97967 699335 199887 417502 13966 140895 931993 ,56039 69112 69836 72419 72497 75514 78553 81212 81228 81362 
414545 496880 500865 530611 267829 395616 401320 308347 949946 692258 ,71917 107940 108383 114448 121005 121646 125882 130534 132943 134958 ,414545 496880 500865 530611 267829 395616 401320 308347 949946 692258 ,71917 107940 108383 114448 121005 121646 125882 130534 132943 134958 
524998 216818 350411 81190 351796 321636 825958 338981 514999 279728 ,22067 25582 26297 27691 27735 28107 29316 29525 30317 31591 ,524998 216818 350411 81190 351796 321636 825958 338981 514999 279728 ,22067 25582 26297 27691 27735 28107 29316 29525 30317 31591 
619759 93300 399290 448574 256724 224120 326132 847749 58192 219780 ,60367 60986 62176 66325 66861 67067 67242 67258 68270 69735 ,619759 93300 399290 448574 256724 224120 326132 847749 58192 219780 ,60367 60986 62176 66325 66861 67067 67242 67258 68270 69735 
822880 517174 111418 331837 30030 55538 341796 312597 95166 294346 ,34479 35176 36447 37261 38053 40224 40870 40941 42018 42679 ,822880 517174 111418 331837 30030 55538 341796 312597 95166 294346 ,34479 35176 36447 37261 38053 40224 40870 40941 42018 42679 
871003 531690 997634 404006 15632 985690 924020 710588 440259 13583 ,47791 59593 59712 60577 61995 63595 64427 66072 67018 67309 ,871003 531690 997634 404006 15632 985690 924020 710588 440259 13583 ,47791 59593 59712 60577 61995 63595 64427 66072 67018 67309 
809881 641149 404857 712267 986620 941743 201335 754539 875901 411197 ,40087 40772 44089 44771 46335 47259 49658 50017 50811 51101 ,809881 641149 404857 712267 986620 941743 201335 754539 875901 411197 ,40087 40772 44089 44771 46335 47259 49658 50017 50811 51101 
86835 105479 458852 107250 882919 579212 279808 432443 556727 992173 ,56621 57838 58266 60586 60848 61071 62695 62989 66811 66992 ,86835 105479 458852 107250 882919 579212 279808 432443 556727 992173 ,56621 57838 58266 60586 60848 61071 62695 62989 66811 66992 
137406 415810 842047 511245 532368 184796 701009 656960 542872 345018 ,75388 87687 88339 88525 88591 89954 91300 92586 94034 97172 ,137406 415810 842047 511245 532368 184796 701009 656960 542872 345018 ,75388 87687 88339 88525 88591 89954 91300 92586 94034 97172 
774621 730359 196302 579307 616248 60506 107713 768481 561530 265645 ,113134 138804 144056 148408 161603 183004 184540 191332 195775 200724 ,774621 730359 196302 579307 616248 60506 107713 768481 561530 265645 ,113134 138804 144056 148408 161603 183004 184540 191332 195775 200724 
132408 689949 179825 717000 841764 63440 707755 517775 367061 455633 ,73380 90774 95143 98356 100480 104222 104759 107642 109336 111569 ,132408 689949 179825 717000 841764 63440 707755 517775 367061 455633 ,73380 90774 95143 98356 100480 104222 104759 107642 109336 111569 
516073 310003 9791 903055 541682 65187 176102 272255 80802 606725 ,52966 55761 60662 64103 68121 70411 71529 71655 73235 73802 ,516073 310003 9791 903055 541682 65187 176102 272255 606725 155119 ,52966 55761 60662 64103 68121 70411 71529 71655 73802 74026 
600172 603820 955363 667071 843324 453824 143169 249556 131107 334696 ,33040 35257 35467 36801 36929 37192 37236 37325 37432 37655 ,600172 603820 955363 667071 843324 453824 143169 249556 131107 684712 ,33040 35257 35467 36801 36929 37192 37236 37325 37432 38416 
291972 826974 437003 364706 106213 719401 464769 462224 376030 105103 ,57522 61280 65331 66352 67123 67522 67753 67964 68910 68993 ,291972 826974 437003 364706 106213 719401 464769 462224 376030 105103 ,57522 61280 65331 66352 67123 67522 67753 67964 68910 68993 
513365 295570 296237 426194 502508 784915 841426 599888 59708 432441 ,49644 52334 52578 52837 52971 53350 53927 55199 55260 56972 ,295570 296237 426194 502508 784915 841426 599888 59708 585720 467143 ,52334 52578 52837 52971 53350 53927 55199 55260 57821 58048 
454032 454124 971058 386143 846440 562813 316775 455952 166936 686649 ,28289 41243 48501 48616 48740 49092 51930 52169 52315 52452 ,454032 454124 971058 386143 846440 562813 316775 455952 166936 686649 ,28289 41243 48501 48616 48740 49092 51930 52169 52315 52452 
679054 84157 83711 52735 453304 691192 636071 457814 853115 604675 ,49594 54309 56888 58719 60377 61093 63864 66572 67150 68201 ,679054 84157 83711 52735 453304 691192 636071 457814 853115 604675 ,49594 54309 56888 58719 60377 61093 63864 66572 67150 68201 
439518 566075 979877 192427 905650 514852 602480 541299 517534 816017 ,72197 73632 81302 92621 95294 97605 98049 101593 102110 105436 ,439518 566075 979877 192427 905650 514852 602480 541299 517534 816017 ,72197 73632 81302 92621 95294 97605 98049 101593 102110 105436 
944814 273367 665887 838876 924117 666568 290092 454244 538800 256378 ,60422 61578 62160 62498 63341 64889 65728 66104 66579 66670 ,944814 273367 665887 838876 924117 666568 290092 454244 538800 256378 ,60422 61578 62160 62498 63341 64889 65728 66104 66579 66670 
437003 985508 924074 660092 606393 495940 22328 110155 382162 338998 ,50526 54315 54950 57325 58598 59379 60445 60742 60788 60986 ,985508 924074 660092 606393 495940 22328 110155 382162 338998 242961 ,54315 54950 57325 58598 59379 60445 60742 60788 60986 61385 
156373 678220 107384 171489 110950 30862 771084 559287 87058 338765 ,66535 68784 73537 80059 80248 82109 82507 82611 82824 84081 ,156373 678220 107384 171489 110950 30862 771084 559287 87058 338765 ,66535 68784 73537 80059 80248 82109 82507 82611 82824 84081 
709702 837369 757005 434286 513513 642018 744697 616038 836752 552500 ,103781 108178 120456 123674 125214 126586 130753 139072 139480 139719 ,709702 837369 757005 434286 513513 642018 744697 616038 836752 552500 ,103781 108178 120456 123674 125214 126586 130753 139072 139480 139719 
455449 577666 662984 294685 749351 158487 521695 976633 422385 683352 ,94822 122144 122291 125842 129164 130312 131126 132143 133852 134803 ,455449 577666 662984 294685 749351 158487 521695 976633 422385 683352 ,94822 122144 122291 125842 129164 130312 131126 132143 133852 134803 
239140 460085 452676 820518 43683 229756 82205 602729 91874 664799 ,33760 38495 38692 38861 39426 39522 39631 40263 41371 41414 ,239140 460085 452676 820518 43683 229756 82205 602729 91874 664799 ,33760 38495 38692 38861 39426 39522 39631 40263 41371 41414 
724465 223822 709529 749487 897996 868394 861751 12510 230291 649890 ,63704 66240 71081 72643 73039 73241 73504 73545 76036 76730 ,724465 223822 709529 749487 897996 868394 861751 12510 230291 649890 ,63704 66240 71081 72643 73039 73241 73504 73545 76036 76730 
462981 461991 509647 463994 133782 924068 725117 585440 973640 732681 ,30310 39008 54061 54472 55945 58151 59398 59965 63001 63510 ,462981 461991 509647 463994 924068 585440 973640 732681 705274 869699 ,30310 39008 54061 54472 58151 59965 63001 63510 64076 64214 
367213 289288 792954 504946 219981 160897 732232 400668 30466 436319 ,77000 98762 104498 128884 131154 139824 144430 144857 148267 151250 ,367213 289288 792954 504946 219981 160897 732232 400668 30466 436319 ,77000 98762 104498 128884 131154 139824 144430 144857 148267 151250 
903176 727630 544117 974792 168689 724653 554436 731850 838989 350433 ,54499 61782 61800 63254 66047 66404 67433 67549 68219 69397 ,903176 544117 974792 168689 724653 554436 731850 838989 350433 85 ,54499 61800 63254 66047 66404 67433 67549 68219 69397 69786 
165496 71626 165909 419865 148034 314250 64434 127033 167150 366600 ,74986 76235 76763 78917 83049 83821 85864 86570 87186 87819 ,165496 71626 165909 419865 148034 314250 64434 127033 167150 366600 ,74986 76235 76763 78917 83049 83821 85864 86570 87186 87819 
454705 454858 461167 818231 584379 61072 819315 330100 584318 752902 ,2145 14504 34831 51795 53719 54761 54879 60042 60337 61794 ,454705 454858 461167 818231 584379 61072 819315 584318 752902 448770 ,2145 14504 34831 51795 53719 54761 54879 60337 61794 61845 
865490 859381 859414 175984 364907 459860 906835 533695 175002 908057 ,53428 63563 65241 67166 68931 70153 70476 71051 72408 75491 ,865490 859381 859414 175984 364907 459860 906835 533695 175002 908057 ,53428 63563 65241 67166 68931 70153 70476 71051 72408 75491 
227886 455900 837185 791242 475880 533073 170929 93635 384151 939088 ,62004 63612 64783 65473 72121 77314 78660 79684 81281 82264 ,227886 837185 791242 475880 533073 170929 93635 939088 632027 554499 ,62004 64783 65473 72121 77314 78660 79684 82264 83228 83577 
179791 585910 689921 363355 437390 227906 99155 844127 228027 126943 ,71807 78540 78595 82088 83942 87314 87981 88888 89544 90124 ,179791 585910 689921 363355 437390 227906 99155 844127 228027 126943 ,71807 78540 78595 82088 83942 87314 87981 88888 89544 90124 
312277 873352 148343 181207 288414 229442 494479 467749 633833 806701 ,83131 84477 84761 84794 85322 86004 87313 87533 87826 88255 ,873352 181207 229442 494479 633833 806701 194752 405369 382837 390196 ,84477 84794 86004 87313 87826 88255 89679 91075 91785 92314 
975594 686538 621626 971270 719849 600165 218570 134515 172519 834548 ,46782 49060 50947 51288 51817 51877 54954 57112 57900 58455 ,975594 686538 621626 971270 719849 600165 218570 134515 172519 834548 ,46782 49060 50947 51288 51817 51877 54954 57112 57900 58455 
525756 156534 983060 366822 93551 591268 976902 464651 400236 513082 ,40717 43162 46026 47986 48578 51298 51633 51893 51902 52607 ,525756 156534 366822 93551 976902 464651 400236 513082 125528 282456 ,40717 43162 47986 48578 51633 51893 51902 52607 53287 53704 
575866 593511 329609 718026 961132 758545 581427 211681 579744 348892 ,50320 53952 54522 55047 57009 57136 58422 59029 60294 60344 ,575866 593511 329609 718026 961132 758545 581427 211681 348892 257726 ,50320 53952 54522 55047 57009 57136 58422 59029 60344 60858 
89011 851469 932537 104866 267731 824600 323443 992251 463705 185547 ,60605 68116 70395 74824 76874 78199 79942 80694 81980 82225 ,89011 851469 932537 104866 267731 824600 323443 992251 463705 185547 ,60605 68116 70395 74824 76874 78199 79942 80694 81980 82225 
597451 393036 767245 770311 439942 472336 531691 206790 948128 144653 ,83502 84181 86840 87693 90917 92452 92896 93090 95665 96167 ,597451 393036 767245 770311 439942 472336 531691 206790 948128 144653 ,83502 84181 86840 87693 90917 92452 92896 93090 95665 96167 
189734 189623 428399 238411 53983 616695 779294 507824 230099 111004 ,46889 47755 49261 50384 51258 57368 58744 58847 58927 59636 ,238411 84937 517824 6178 473512 126521 174406 555779 7213 441561 ,50384 65979 66263 68802 69249 69849 75989 76406 79182 80036 
461851 463092 132162 301764 132298 603339 897112 133797 573399 539967 ,4409 11728 36518 36661 38569 39380 45108 48338 49658 50136 ,461851 463092 603339 651371 298107 462082 209105 924346 978220 570857 ,4409 11728 39380 53202 53266 53808 55293 56023 57485 57733 
969002 403673 510186 152604 875702 393417 743527 247390 635415 705991 ,86640 96250 96809 101571 101844 102670 103346 104088 104757 104943 ,969002 403673 510186 152604 875702 393417 743527 247390 635415 705991 ,86640 96250 96809 101571 101844 102670 103346 104088 104757 104943 
242036 202429 956154 847912 438687 740989 305583 233010 497151 977356 ,47258 56803 67105 68118 68805 69812 69942 70767 74616 74731 ,242036 202429 956154 847912 438687 740989 305583 233010 497151 977356 ,47258 56803 67105 68118 68805 69812 69942 70767 74616 74731 
387539 735337 263252 389930 18909 332869 29167 31422 737553 449937 ,118811 123807 127882 138400 140118 143534 149828 154453 155243 155271 ,387539 735337 263252 389930 18909 332869 29167 31422 737553 449937 ,118811 123807 127882 138400 140118 143534 149828 154453 155243 155271 
742772 742537 881375 827538 367199 332581 118465 143595 988191 598074 ,46176 50916 53268 55912 57258 57622 57813 57982 61901 62066 ,742772 742537 881375 827538 367199 332581 118465 143595 988191 598074 ,46176 50916 53268 55912 57258 57622 57813 57982 61901 62066 
489138 686029 874085 345320 224629 201168 959616 499587 192984 909974 ,54043 63090 65072 65564 66366 66514 67289 68171 68516 68868 ,874085 345320 201168 499587 111148 337588 599947 904668 731475 240362 ,65072 65564 66514 68171 69066 69296 69493 72625 73337 74078 
148034 727674 165496 368760 165909 173546 664704 328299 299085 383793 ,64410 72617 72923 74833 77752 78305 80430 82161 82271 82291 ,148034 727674 165496 368760 165909 173546 664704 328299 299085 383793 ,64410 72617 72923 74833 77752 78305 80430 82161 82271 82291 
947085 862379 239556 922585 184589 932356 865567 359538 145365 220539 ,87928 99299 102011 103280 107964 120451 121339 122373 122994 124336 ,947085 862379 239556 922585 184589 932356 865567 359538 145365 220539 ,87928 99299 102011 103280 107964 120451 121339 122373 122994 124336 
773449 807765 47235 246105 859408 942501 948619 230044 10084 923217 ,40293 44823 44899 50326 51284 51591 51827 52094 52289 52425 ,773449 807765 47235 246105 859408 942501 948619 230044 10084 923217 ,40293 44823 44899 50326 51284 51591 51827 52094 52289 52425 
454275 391896 469838 518100 987125 330049 338020 518721 156483 121902 ,22269 27356 29535 30219 33185 33530 34165 34684 34874 34982 ,454275 391896 469838 518100 987125 330049 338020 518721 156483 82149 ,22269 27356 29535 30219 33185 33530 34165 34684 34874 35457 
455276 454964 20346 454717 73750 552488 102376 100805 789797 61423 ,56115 60068 60513 64406 66602 66721 71131 73338 73427 73827 ,455276 454964 20346 454717 73750 552488 102376 100805 789797 61423 ,56115 60068 60513 64406 66602 66721 71131 73338 73427 73827 
181502 493922 872 508240 683954 424331 310238 628226 725237 414632 ,52877 65485 72889 73715 75529 75790 78156 80731 80910 80963 ,181502 493922 872 508240 683954 424331 310238 628226 725237 414632 ,52877 65485 72889 73715 75529 75790 78156 80731 80910 80963 
598025 836270 425511 298967 113163 343066 994038 552247 653018 860729 ,68899 75683 77084 77733 85721 88297 89862 91160 94528 98143 ,598025 836270 425511 298967 113163 343066 994038 552247 653018 860729 ,68899 75683 77084 77733 85721 88297 89862 91160 94528 98143 
337676 616653 662872 317378 484667 945227 376679 449784 511836 162238 ,62889 71074 73485 75092 75322 76272 76875 77523 77888 78815 ,337676 616653 662872 484667 945227 376679 449784 511836 162238 486042 ,62889 71074 73485 75322 76272 76875 77523 77888 78815 78945 
204880 532703 168567 631792 388348 275861 294144 771265 412187 168817 ,83523 83887 83946 88145 88178 89194 89348 89970 90281 90660 ,631792 699048 410364 195266 395296 135621 693473 180406 877186 630408 ,88145 92226 93509 94112 94159 94523 94691 95526 95902 97137 
397020 880989 920847 35562 531129 157530 678559 867318 880972 689646 ,61947 79039 79454 79732 79789 79916 80708 81245 82281 83360 ,397020 880989 35562 531129 157530 678559 867318 880972 689646 16658 ,61947 79039 79732 79789 79916 80708 81245 82281 83360 84370 
130716 468019 480261 753930 823630 770821 411999 543242 907196 323967 ,42716 47364 49848 50315 51710 52338 53948 55996 56565 57398 ,130716 468019 480261 753930 823630 770821 411999 543242 907196 323967 ,42716 47364 49848 50315 51710 52338 53948 55996 56565 57398 
585205 468398 693735 60223 603846 695917 70334 182413 668149 771403 ,68348 80536 81318 81943 82619 83055 83817 84122 84633 84994 ,585205 468398 60223 603846 695917 70334 182413 668149 771403 106393 ,68348 80536 81943 82619 83055 83817 84122 84633 84994 85669 
454524 109474 181489 276830 594119 379879 436731 708095 123973 948619 ,68251 93076 93217 94036 94142 97585 98132 99116 99235 99943 ,454524 109474 181489 276830 594119 379879 436731 708095 123973 948619 ,68251 93076 93217 94036 94142 97585 98132 99116 99235 99943 
16727 796592 979518 337676 988737 543494 458534 801207 486042 707460 ,58446 59539 62979 63311 63430 64613 64971 65105 65365 66293 ,16727 796592 979518 337676 988737 543494 458534 801207 486042 707460 ,58446 59539 62979 63311 63430 64613 64971 65105 65365 66293 
247085 257614 994348 412493 707345 535269 618015 875115 518504 61355 ,68658 84104 94916 100925 104164 104942 113304 121601 122340 122502 ,247085 257614 994348 412493 707345 535269 618015 875115 518504 61355 ,68658 84104 94916 100925 104164 104942 113304 121601 122340 122502 
915708 416051 628621 201190 2578 519254 441071 844868 79164 439383 ,61508 61898 64557 66672 68199 68251 68472 68602 68774 68924 ,915708 416051 628621 201190 2578 519254 441071 844868 79164 439383 ,61508 61898 64557 66672 68199 68251 68472 68602 68774 68924 
720801 492335 661528 559472 494987 968775 817143 287781 281185 369926 ,84262 86373 86520 89628 90177 90530 90684 90908 96498 97302 ,720801 492335 661528 559472 494987 968775 817143 287781 281185 369926 ,84262 86373 86520 89628 90177 90530 90684 90908 96498 97302 
386785 60273 374324 738104 904624 937658 912118 154798 873938 474139 ,65549 69124 72217 75775 79141 81528 81771 82711 83443 84041 ,386785 60273 374324 738104 904624 937658 912118 154798 873938 474139 ,65549 69124 72217 75775 79141 81528 81771 82711 83443 84041 
663494 699653 107335 436502 480615 131263 287730 283989 254846 663651 ,56835 62447 63586 65255 66596 66980 67052 67437 67780 67785 ,663494 699653 107335 436502 480615 131263 287730 283989 254846 663651 ,56835 62447 63586 65255 66596 66980 67052 67437 67780 67785 
834547 895379 877683 315537 578587 707658 194434 810394 106336 843822 ,70105 74728 75541 77583 79056 80800 81466 82400 83463 84142 ,834547 895379 877683 315537 578587 707658 194434 810394 106336 843822 ,70105 74728 75541 77583 79056 80800 81466 82400 83463 84142 
479183 405565 834280 505101 198972 483405 554297 449756 681422 580765 ,112151 117894 119552 123003 123238 124138 124772 125316 125423 126141 ,479183 405565 834280 505101 198972 483405 554297 449756 681422 580765 ,112151 117894 119552 123003 123238 124138 124772 125316 125423 126141 
95246 89585 345772 688687 938409 95604 903047 462376 680853 389674 ,77604 77775 82152 82375 84283 84431 85421 85516 86535 86576 ,95246 89585 345772 688687 938409 95604 903047 462376 680853 309192 ,77604 77775 82152 82375 84283 84431 85421 85516 86535 88081 
265534 244654 778847 463676 243923 460991 592462 60049 146705 363964 ,71822 79452 80072 82549 85072 85260 86275 86387 86479 86517 ,265534 244654 778847 463676 243923 460991 592462 60049 146705 285038 ,71822 79452 80072 82549 85072 85260 86275 86387 86479 87178 
592474 590724 153994 380516 95802 241256 812395 590452 982592 481597 ,49100 55073 60441 62788 63811 66180 66733 68408 68931 69406 ,592474 590724 153994 380516 95802 241256 812395 590452 982592 481597 ,49100 55073 60441 62788 63811 66180 66733 68408 68931 69406 
774919 486992 774739 788804 405645 987198 79073 515939 595742 391232 ,76835 78295 81445 82429 82481 83214 84377 85113 85446 87668 ,774919 486992 774739 405645 515939 595742 391232 376455 33470 79333 ,76835 78295 81445 82481 85113 85446 87668 88741 89228 89365 
597463 796966 958199 610926 589601 657485 707803 172172 327719 950863 ,68163 72147 72855 74723 76334 77595 78230 78505 79014 79246 ,597463 796966 958199 610926 589601 657485 707803 172172 327719 950863 ,68163 72147 72855 74723 76334 77595 78230 78505 79014 79246 
799090 540806 705745 818396 545440 551279 975492 345480 61772 708570 ,79884 80053 82525 83050 83591 83877 84553 85015 85665 86506 ,540806 705745 818396 551279 975492 345480 61772 916132 425938 461397 ,80053 82525 83050 83877 84553 85015 85665 87550 87759 88648 
389683 860152 511096 339799 298796 466742 547671 453814 385015 449937 ,92385 95406 103022 106739 107305 108723 109890 111944 114421 116109 ,389683 860152 511096 339799 298796 466742 547671 453814 385015 449937 ,92385 95406 103022 106739 107305 108723 109890 111944 114421 116109 
463453 541010 46951 93680 993775 602491 406428 273485 139634 766933 ,32586 50729 53083 53983 56122 57932 57995 58751 63598 64482 ,463453 541010 46951 93680 993775 602491 406428 273485 139634 766933 ,32586 50729 53083 53983 56122 57932 57995 58751 63598 64482 
22328 363697 795249 305191 60423 152864 193694 526014 385031 193613 ,35288 40139 43350 52834 55108 58402 61247 61882 65288 66282 ,22328 363697 795249 305191 60423 152864 193694 526014 385031 193613 ,35288 40139 43350 52834 55108 58402 61247 61882 65288 66282 
312590 292972 336791 869445 874525 920783 59272 455899 122729 749573 ,63534 66720 67118 68295 78175 78709 78737 79348 79548 79878 ,312590 292972 336791 869445 874525 920783 59272 455899 122729 749573 ,63534 66720 67118 68295 78175 78709 78737 79348 79548 79878 
412414 308719 486691 391486 391857 827554 822657 261835 438868 280018 ,60161 61315 61789 62366 62721 64337 64397 65310 65401 66215 ,438868 54680 622200 711013 518537 307633 106331 131027 748864 407906 ,65401 68029 71182 73151 74806 75066 75459 75721 76086 76101 
72868 549698 346989 30966 73526 914 989059 224735 547291 881940 ,50138 57967 61030 61996 62567 63884 66577 67199 68269 68511 ,72868 549698 346989 30966 73526 989059 224735 968774 880802 62411 ,50138 57967 61030 61996 62567 66577 67199 68768 68816 68839 
252344 466686 483642 741047 465371 636640 203680 584542 788686 480825 ,74142 75673 76448 77654 79358 80082 80999 81170 81662 83339 ,466686 483642 741047 465371 636640 203680 584542 788686 480825 12178 ,75673 76448 77654 79358 80082 80999 81170 81662 83339 83452 
414545 33747 926897 929691 37413 134224 751874 761813 579261 597353 ,109361 112570 113689 115939 119460 120428 122540 122593 122802 124486 ,414545 33747 926897 929691 37413 134224 751874 761813 579261 597353 ,109361 112570 113689 115939 119460 120428 122540 122593 122802 124486 
74518 226648 949355 83319 434679 638745 231249 285924 4193 698870 ,120297 124119 124791 126461 132160 134492 137122 138457 139905 147003 ,74518 226648 949355 83319 434679 638745 231249 285924 4193 698870 ,120297 124119 124791 126461 132160 134492 137122 138457 139905 147003 
74093 748571 496358 918140 545680 75052 467597 731877 887823 934546 ,74782 75116 75121 77417 82400 82758 83347 84953 86224 86544 ,74093 748571 496358 918140 75052 467597 731877 887823 934546 590108 ,74782 75116 75121 77417 82758 83347 84953 86224 86544 86655 
463033 462275 455878 456581 61708 698343 681669 617041 61433 230804 ,19862 44104 54153 54570 62460 64279 65021 65492 65511 66324 ,463033 462275 455878 61708 681669 617041 61433 230804 349701 698143 ,19862 44104 54153 62460 65021 65492 65511 66324 66619 68354 
805909 386664 331973 228576 224561 257872 181190 849770 668233 883457 ,78312 83757 85364 87269 88105 88557 88601 88956 89047 89269 ,805909 386664 331973 228576 224561 257872 181190 849770 668233 883457 ,78312 83757 85364 87269 88105 88557 88601 88956 89047 89269 
808410 662879 173085 771927 903524 767012 833519 262601 76964 105023 ,55585 65625 68935 72802 72850 74169 75265 76975 78447 78497 ,808410 662879 771927 767012 833519 293073 437252 124666 187151 293527 ,55585 65625 72802 74169 75265 78522 78572 79008 79168 79707 
85418 129389 210926 606870 936409 36896 62407 699830 490668 531280 ,92295 92587 95419 96642 99567 102952 104492 110186 112556 112690 ,85418 129389 210926 606870 936409 36896 62407 699830 490668 531280 ,92295 92587 95419 96642 99567 102952 104492 110186 112556 112690 
516498 298221 506284 819431 758548 841931 201093 954954 877134 868665 ,44720 46120 53693 54900 54994 55556 56289 56748 56998 57633 ,516498 298221 506284 819431 758548 841931 201093 954954 877134 868665 ,44720 46120 53693 54900 54994 55556 56289 56748 56998 57633 
99306 181635 463936 224236 36957 290324 81167 182020 620003 724089 ,45645 52067 54488 57311 58748 62859 65167 66160 68861 69522 ,99306 181635 463936 224236 81167 182020 620003 438154 689489 766105 ,45645 52067 54488 57311 65167 66160 68861 69694 70032 70706 
752972 298600 3331 703751 252758 396290 462689 150402 209945 740142 ,68767 71638 74683 75557 76804 81353 81398 82016 83883 84247 ,752972 298600 3331 703751 396290 462689 150402 209945 740142 486190 ,68767 71638 74683 75557 81353 81398 82016 83883 84247 84250 
167046 749958 754339 741182 60329 223840 265877 136482 678044 837200 ,92503 97469 98473 98702 103234 103420 103491 106157 106891 108057 ,167046 749958 754339 741182 60329 223840 265877 136482 678044 752285 ,92503 97469 98473 98702 103234 103420 103491 106157 106891 108289 
689796 925075 879888 829029 743981 207981 879797 544092 466040 204768 ,64979 65668 66789 69174 70051 71922 72219 72954 73588 73968 ,689796 925075 879888 829029 743981 207981 879797 544092 466040 204768 ,64979 65668 66789 69174 70051 71922 72219 72954 73588 73968 
182597 223991 879675 842857 103756 835857 160495 250819 946961 433783 ,65559 70412 74064 74147 74578 76243 79308 80219 80501 80741 ,182597 223991 879675 842857 103756 835857 160495 250819 946961 433783 ,65559 70412 74064 74147 74578 76243 79308 80219 80501 80741 
968555 491926 859869 264892 64603 57157 786335 669549 15690 425079 ,88212 89578 90028 90221 92475 96557 101101 102782 104562 106340 ,968555 491926 859869 264892 64603 57157 786335 669549 15690 425079 ,88212 89578 90028 90221 92475 96557 101101 102782 104562 106340 
671004 430979 391342 578544 344817 490609 982715 769974 436654 185929 ,77749 79317 84335 85214 87158 87397 90534 91289 91424 93682 ,671004 430979 391342 578544 344817 490609 982715 769974 436654 185929 ,77749 79317 84335 85214 87158 87397 90534 91289 91424 93682 
534361 379344 286660 241903 659332 734165 146528 497777 321353 552877 ,32047 35901 41582 43922 44632 44758 44950 45474 47262 50073 ,534361 379344 286660 241903 659332 734165 146528 497777 321353 552877 ,32047 35901 41582 43922 44632 44758 44950 45474 47262 50073 
130100 552616 43622 520070 494374 65090 569032 686878 156862 323100 ,94761 98192 98447 98557 101364 101467 104493 106383 108882 109494 ,130100 552616 43622 520070 494374 65090 569032 686878 156862 323100 ,94761 98192 98447 98557 101364 101467 104493 106383 108882 109494 
713379 737157 49296 650396 277390 124991 47293 467931 143827 143187 ,58255 60665 62196 66713 69402 73635 75164 82877 83879 85265 ,713379 737157 49296 650396 277390 124991 47293 467931 143827 143187 ,58255 60665 62196 66713 69402 73635 75164 82877 83879 85265 
463513 457897 464531 4401 154466 509710 510639 528723 803996 804011 ,27006 40055 42411 44967 44987 46782 48293 50603 51146 51708 ,463513 464531 4401 154466 510639 528723 803996 804011 472864 531906 ,27006 42411 44967 44987 48293 50603 51146 51708 51806 51813 
784992 458808 806769 265674 13456 632333 587009 932219 269595 553644 ,47577 65871 67965 69595 71112 71846 74649 75194 75455 75649 ,784992 458808 806769 265674 13456 632333 587009 932219 269595 553644 ,47577 65871 67965 69595 71112 71846 74649 75194 75455 75649 
158376 415294 972289 848251 260024 933947 560023 490209 317716 791338 ,85788 90298 91754 91782 92694 96742 103284 107276 112039 112502 ,158376 415294 972289 848251 260024 933947 560023 490209 317716 791338 ,85788 90298 91754 91782 92694 96742 103284 107276 112039 112502 
544699 717922 820739 40916 656391 605701 824226 40794 736444 558636 ,16529 20738 22848 23822 24859 25048 25421 25631 25901 26645 ,544699 820739 40916 656391 605701 40794 736444 558636 698874 426829 ,16529 22848 23822 24859 25048 25631 25901 26645 26721 26948 
769104 924250 83163 415507 558496 207736 855166 388600 410562 204863 ,30209 31161 33235 37835 38770 38928 41328 41373 42726 43601 ,769104 924250 83163 415507 558496 207736 855166 388600 410562 269141 ,30209 31161 33235 37835 38770 38928 41328 41373 42726 43601 
332494 827184 784729 109221 84923 684767 835689 194576 936724 988294 ,79845 84829 88226 91269 102980 105999 106685 107435 107897 108320 ,332494 827184 784729 109221 84923 684767 835689 194576 936724 988294 ,79845 84829 88226 91269 102980 105999 106685 107435 107897 108320 
535432 981731 244135 245484 536374 837713 75071 73447 117944 510081 ,28285 29055 30009 33815 34161 35322 36100 36769 36818 36927 ,535432 981731 244135 245484 536374 837713 75071 73447 117944 499833 ,28285 29055 30009 33815 34161 35322 36100 36769 36818 38235 
942671 427175 71886 931029 547416 108029 978687 185025 167530 926891 ,66181 66387 67569 67601 68738 69864 70307 71033 71271 71291 ,942671 427175 71886 931029 547416 108029 978687 185025 167530 926891 ,66181 66387 67569 67601 68738 69864 70307 71033 71271 71291 
860807 922529 927414 634433 685468 935609 650015 538962 933667 202064 ,38910 59861 60112 60903 61089 61592 61857 62036 62472 62538 ,860807 922529 927414 634433 685468 935609 650015 538962 202064 690823 ,38910 59861 60112 60903 61089 61592 61857 62036 62538 62957 
867701 748721 49792 629515 58973 830162 541504 526341 526473 224046 ,51103 51173 52381 52402 52848 54104 54318 54896 55653 55997 ,629515 58973 830162 989023 842203 933722 915617 633190 872143 989662 ,52402 52848 54104 57960 58412 58500 58847 58943 59033 59142 
249581 689870 173787 373682 411420 529507 869742 16294 529235 386562 ,51715 61216 61466 61738 61766 62093 62412 64168 64191 64556 ,249581 689870 173787 373682 411420 869742 16294 529235 386562 985800 ,51715 61216 61466 61738 61766 62412 64168 64191 64556 65232 
262094 504556 69155 607342 523051 525116 451647 364394 458013 988301 ,35251 41431 46023 46221 47486 47598 48036 50391 50455 50627 ,262094 504556 607342 523051 451647 364394 458013 988301 363968 66017 ,35251 41431 46221 47486 48036 50391 50455 50627 50893 53361 
293006 3013 348333 69351 435125 543485 36141 246183 543819 936205 ,56582 65526 67697 68573 70244 70821 71054 71534 72334 73125 ,293006 3013 348333 69351 435125 543485 36141 246183 543819 936205 ,56582 65526 67697 68573 70244 70821 71054 71534 72334 73125 
732081 128046 633774 420793 13949 198712 106396 898194 194709 562260 ,61182 83238 83638 84948 85797 86829 87451 87707 89269 91197 ,732081 128046 633774 420793 13949 198712 106396 898194 194709 888392 ,61182 83238 83638 84948 85797 86829 87451 87707 89269 91367 
685133 39112 683868 246972 696457 684607 779949 769952 389549 446274 ,8081 8603 9118 9153 9154 9586 9592 9610 9691 9761 ,685133 39112 683868 246972 696457 684607 779949 769952 389549 446274 ,8081 8603 9118 9153 9154 9586 9592 9610 9691 9761 
71084 899179 862379 883636 130156 12773 14837 60550 377167 987216 ,46105 51562 51879 55983 56512 56584 56839 58425 60051 61209 ,71084 899179 862379 883636 130156 12773 14837 60550 377167 987216 ,46105 51562 51879 55983 56512 56584 56839 58425 60051 61209 
950118 609110 226406 397666 857318 93458 230965 192020 864482 835005 ,77728 80771 80827 81191 83655 83987 84569 84773 84879 85162 ,950118 609110 226406 397666 857318 93458 192020 864482 861832 16032 ,77728 80771 80827 81191 83655 83987 84773 84879 86542 87031 
615159 353105 305000 610084 890516 886310 60131 686098 511357 26515 ,20454 22471 28539 28912 29926 30236 32502 32599 33077 33146 ,615159 353105 305000 610084 890516 886310 60131 686098 511357 26515 ,20454 22471 28539 28912 29926 30236 32502 32599 33077 33146 
617713 698109 381663 409334 685409 419920 132434 641593 537761 544918 ,36976 38121 45707 48187 48447 50953 52129 52902 53283 53779 ,537761 794396 768530 980686 7960 460538 85690 683549 38008 938183 ,53283 55141 62495 69808 74292 74509 76549 76590 76713 77018 
241609 689095 283895 729146 88700 183355 791160 909765 297828 71119 ,53515 62890 64599 66826 68905 69298 70203 73864 74558 74766 ,241609 689095 283895 729146 88700 791160 909765 297828 486774 53881 ,53515 62890 64599 66826 68905 70203 73864 74558 74779 76255 
557706 36448 903693 537915 807912 847124 903403 397754 4228 917775 ,42989 51984 56511 57459 58180 58750 59780 60078 60096 60470 ,557706 36448 903693 537915 807912 847124 903403 397754 4228 917775 ,42989 51984 56511 57459 58180 58750 59780 60078 60096 60470 
549050 919125 395331 552885 96349 577625 142378 179823 249 116526 ,107386 115942 118626 120040 120954 121309 122498 122909 123786 123938 ,549050 919125 395331 552885 96349 577625 142378 179823 249 116526 ,107386 115942 118626 120040 120954 121309 122498 122909 123786 123938 
728261 133339 885278 272943 967716 985466 882361 171344 980937 161297 ,83397 88543 94967 99974 101639 103031 103437 104254 104607 104627 ,728261 133339 885278 272943 967716 985466 882361 171344 980937 161297 ,83397 88543 94967 99974 101639 103031 103437 104254 104607 104627 
600881 559949 340228 472861 889043 637352 5728 500772 419516 40262 ,29902 32112 33377 33500 34522 34645 35048 35997 36711 37006 ,600881 340228 472861 889043 637352 5728 500772 419516 40262 321510 ,29902 33377 33500 34522 34645 35048 35997 36711 37006 37343 
426536 719333 189543 427856 567883 389823 30574 729981 534725 426748 ,37651 39107 40562 40579 41217 41527 41565 41622 41785 42065 ,426536 719333 189543 427856 567883 389823 30574 729981 534725 426748 ,37651 39107 40562 40579 41217 41527 41565 41622 41785 42065 
265893 267019 820870 870934 266056 53734 808257 52744 43288 810583 ,52034 52692 60557 68231 69848 70707 72415 72845 73838 79555 ,265893 267019 870934 266056 53734 808257 52744 43288 810583 442703 ,52034 52692 68231 69848 70707 72415 72845 73838 79555 81873 
10916 509669 59276 257424 330943 672285 257178 175779 366540 615171 ,56085 71037 74006 79011 82033 84438 84483 85839 86406 88896 ,10916 509669 59276 257424 330943 672285 257178 175779 366540 615171 ,56085 71037 74006 79011 82033 84438 84483 85839 86406 88896 
804843 363550 869845 232161 385145 499675 525875 718703 436847 603225 ,53230 58816 59235 61857 62276 62690 62936 63247 64329 64503 ,804843 363550 869845 232161 385145 499675 525875 718703 436847 603225 ,53230 58816 59235 61857 62276 62690 62936 63247 64329 64503 
465301 465214 465130 378586 404125 784167 378580 480881 481945 210118 ,4349 21323 21608 40286 41225 42701 44767 45107 46025 46921 ,465301 465214 465130 378586 404125 784167 378580 480881 210118 466297 ,4349 21323 21608 40286 41225 42701 44767 45107 46921 47117 
465274 515405 860427 490871 246391 516105 670636 79402 82210 860214 ,28768 39989 43338 43445 45187 45738 45855 46758 46795 46868 ,465274 515405 246391 670636 79402 82210 860214 806174 84138 30435 ,28768 39989 45187 45855 46758 46795 46868 46953 47142 48505 
282923 736403 109298 14554 804006 639716 510295 668558 23465 230646 ,42218 45029 45097 47496 48400 49005 49172 50095 50616 50745 ,282923 736403 109298 14554 804006 639716 510295 668558 23465 230646 ,42218 45029 45097 47496 48400 49005 49172 50095 50616 50745 
649429 283955 543210 312970 170725 949765 208501 944704 860736 197741 ,43416 47138 56072 57144 58811 58811 59406 59639 59722 60670 ,649429 283955 543210 312970 949765 170725 208501 944704 860736 197741 ,43416 47138 56072 57144 58811 58811 59406 59639 59722 60670 
685550 323646 470886 333575 471823 152698 433937 468374 343980 748064 ,36913 36995 37675 45566 45603 45905 46507 46558 46863 48586 ,685550 323646 470886 333575 471823 152698 433937 468374 343980 748064 ,36913 36995 37675 45566 45603 45905 46507 46558 46863 48586 
550370 80802 75097 320061 772195 309546 661837 427744 419384 130964 ,72995 74517 75917 77390 79279 86629 86747 87785 88314 89897 ,550370 80802 75097 320061 772195 309546 661837 427744 419384 130964 ,72995 74517 75917 77390 79279 86629 86747 87785 88314 89897 
469043 469145 399096 202448 892700 310607 376021 201812 22002 83119 ,36860 48313 48316 50314 50666 51149 51329 52241 52663 54006 ,469043 469145 399096 202448 310607 376021 201812 22002 83119 290653 ,36860 48313 48316 50314 51149 51329 52241 52663 54006 54045 
599062 931631 126266 429526 987008 192981 700001 517177 379524 430257 ,22004 23265 27698 28704 29984 30552 31645 31846 32407 32577 ,599062 931631 126266 429526 987008 192981 700001 517177 379524 430257 ,22004 23265 27698 28704 29984 30552 31645 31846 32407 32577 
53516 421048 155301 201690 442054 892465 267019 498400 957117 771133 ,68312 102210 105110 105244 105247 112939 121036 121269 123370 125293 ,53516 421048 155301 201690 442054 892465 267019 498400 771133 185053 ,68312 102210 105110 105244 105247 112939 121036 121269 125293 126299 
232664 329455 748502 514338 972978 428455 426750 566250 859472 518607 ,46900 48866 52500 53018 55605 56220 57576 59028 60221 60898 ,232664 329455 748502 514338 972978 428455 426750 566250 859472 518607 ,46900 48866 52500 53018 55605 56220 57576 59028 60221 60898 
621255 894905 495965 773554 237601 257540 837851 625158 114928 734220 ,41584 45841 47786 48204 48786 48853 49053 49407 49859 49902 ,621255 894905 495965 773554 237601 257540 837851 625158 114928 734220 ,41584 45841 47786 48204 48786 48853 49053 49407 49859 49902 
813959 538689 923641 480392 907805 620933 396405 170217 362482 831860 ,44130 45905 56909 58355 58487 58607 59370 59727 60375 61037 ,813959 538689 923641 480392 907805 620933 396405 170217 362482 831860 ,44130 45905 56909 58355 58487 58607 59370 59727 60375 61037 
570698 835241 826370 336329 25601 678611 34838 589391 976360 775970 ,42155 68607 71368 72657 73638 73839 73963 75385 76480 76555 ,570698 835241 826370 336329 25601 678611 34838 589391 976360 775970 ,42155 68607 71368 72657 73638 73839 73963 75385 76480 76555 
714119 430887 797414 115070 738453 305052 275019 955857 707440 783285 ,70730 72053 72143 72903 73717 75641 75850 76500 76626 77639 ,714119 430887 797414 115070 738453 305052 275019 955857 707440 783285 ,70730 72053 72143 72903 73717 75641 75850 76500 76626 77639 
423673 566289 719507 821941 499273 526114 419516 525228 815303 526063 ,19654 23462 23529 25108 25334 25460 25570 26194 26254 26263 ,423673 566289 719507 821941 499273 526114 419516 525228 815303 526063 ,19654 23462 23529 25108 25334 25460 25570 26194 26254 26263 
66075 922167 192296 731923 594707 595478 486605 229092 845985 168664 ,43935 45927 46628 48197 49771 49899 51392 51463 51514 52785 ,66075 192296 731923 594707 595478 486605 229092 845985 168664 225944 ,43935 46628 48197 49771 49899 51392 51463 51514 52785 52883 
466997 84536 226292 834562 989549 939367 264288 308637 478625 658262 ,31496 51335 53115 53346 53594 53707 54747 55357 57014 57314 ,466997 84536 226292 834562 989549 939367 264288 308637 478625 658262 ,31496 51335 53115 53346 53594 53707 54747 55357 57014 57314 
234645 748823 749151 523391 512211 292996 785446 152638 417967 761756 ,42500 46098 46669 52354 53733 53932 55167 56409 57147 57412 ,234645 748823 749151 523391 512211 292996 785446 152638 417967 761756 ,42500 46098 46669 52354 53733 53932 55167 56409 57147 57412 
21936 877205 17394 342762 835406 649860 452284 704708 232776 15558 ,98038 117302 117361 118131 124404 131191 132008 132673 132737 133348 ,21936 877205 17394 342762 835406 649860 452284 704708 232776 15558 ,98038 117302 117361 118131 124404 131191 132008 132673 132737 133348 
33600 498554 247924 454488 256201 111951 984690 454480 829973 828903 ,39443 42079 44636 45264 45970 50653 50713 51371 51372 51441 ,33600 498554 247924 454488 256201 111951 984690 454480 828903 461186 ,39443 42079 44636 45264 45970 50653 50713 51371 51441 51507 
86323 437633 985229 500488 467177 570478 968679 552427 65800 86475 ,39924 46074 47142 48478 49813 49843 52314 53019 53988 54569 ,86323 437633 985229 500488 467177 570478 968679 552427 65800 86475 ,39924 46074 47142 48478 49813 49843 52314 53019 53988 54569 
467831 736251 199826 264104 264070 791835 105016 839681 903193 104854 ,31216 33456 35232 35232 35319 37042 37089 37427 37473 37834 ,467831 736251 199826 264104 264070 791835 105016 839681 104854 363691 ,31216 33456 35232 35232 35319 37042 37089 37427 37834 38366 
139548 261925 203113 205533 728836 747398 895003 86285 539059 391022 ,74713 93853 105989 110852 113756 116406 118621 118970 119309 119632 ,139548 261925 203113 205533 728836 747398 895003 86285 539059 391022 ,74713 93853 105989 110852 113756 116406 118621 118970 119309 119632 
539915 764717 918634 778805 30922 606746 653832 633766 823096 855650 ,41865 44303 47466 47798 49236 50082 50151 50185 50240 51139 ,539915 764717 918634 778805 30922 606746 653832 633766 823096 855650 ,41865 44303 47466 47798 49236 50082 50151 50185 50240 51139 
194084 311276 951150 979948 275475 273763 292411 157077 821825 665779 ,38004 40149 41667 43744 44022 44844 44868 45470 46158 46362 ,194084 311276 951150 979948 275475 273763 292411 157077 821825 665779 ,38004 40149 41667 43744 44022 44844 44868 45470 46158 46362 
151954 19657 763957 421483 877913 925586 185006 817142 97560 962007 ,51912 55884 56845 57777 57853 58155 58390 61509 62183 62686 ,763957 436427 703284 997834 380223 275248 686590 509356 870981 874847 ,56845 63093 64149 66277 66744 67363 67368 67380 69281 69316 
98820 826097 883609 358664 528874 365082 279461 524127 432958 950297 ,36607 38144 39741 39942 41428 42034 42803 42962 43270 44700 ,98820 826097 883609 358664 528874 365082 279461 524127 432958 950297 ,36607 38144 39741 39942 41428 42034 42803 42962 43270 44700 
199244 309668 825295 167620 209390 199947 312118 285180 116066 877929 ,52916 63530 68500 69317 72392 75620 75860 75924 76855 77642 ,199244 309668 825295 167620 209390 199947 285180 116066 877929 113836 ,52916 63530 68500 69317 72392 75620 75924 76855 77642 77799 
840419 354729 860761 169555 394935 806626 764359 21297 580856 663364 ,45886 59779 60845 61077 67045 67061 69215 69667 70222 70674 ,840419 354729 860761 169555 394935 806626 764359 21297 580856 663364 ,45886 59779 60845 61077 67045 67061 69215 69667 70222 70674 
505395 777084 540636 51175 517364 282923 62281 516384 946872 860130 ,63341 68174 70625 71064 74680 75127 75645 76589 76646 77055 ,505395 777084 540636 51175 517364 282923 62281 516384 946872 860130 ,63341 68174 70625 71064 74680 75127 75645 76589 76646 77055 
563244 660976 371358 569098 159341 819086 477763 297145 253715 992615 ,54415 57060 60344 66806 67049 69627 69654 70203 73499 74568 ,563244 660976 371358 569098 159341 819086 477763 297145 253715 992615 ,54415 57060 60344 66806 67049 69627 69654 70203 73499 74568 
515462 479602 497884 669870 905566 460179 703529 906054 942443 534301 ,24969 35643 38003 38949 39562 39794 41408 43053 43189 43441 ,515462 479602 497884 669870 905566 460179 703529 906054 942443 534301 ,24969 35643 38003 38949 39562 39794 41408 43053 43189 43441 
137455 338981 98883 670044 29216 990429 906910 363754 744164 744351 ,64775 72657 73074 73400 73965 74330 74442 75543 76123 77306 ,137455 338981 98883 670044 29216 990429 906910 363754 744164 744351 ,64775 72657 73074 73400 73965 74330 74442 75543 76123 77306 
191213 545891 759459 219080 521222 767968 897858 862035 956471 672618 ,13210 14015 15237 15347 15916 16427 17054 17224 17942 18090 ,191213 545891 759459 219080 521222 767968 897858 862035 956471 672618 ,13210 14015 15237 15347 15916 16427 17054 17224 17942 18090 
556183 208421 100859 199778 518588 268924 411703 666497 60348 329720 ,30958 32223 32804 33667 33768 34817 36202 38333 40088 43017 ,556183 208421 100859 199778 518588 268924 411703 666497 60348 329720 ,30958 32223 32804 33667 33768 34817 36202 38333 40088 43017 
408279 43631 168629 165700 415298 240539 531280 192866 350622 712726 ,59759 62561 65497 65547 66589 67441 67576 67820 68288 68671 ,408279 43631 168629 165700 415298 240539 192866 350622 712726 419629 ,59759 62561 65497 65547 66589 67441 67820 68288 68671 68943 
993777 616889 789552 511306 758477 75332 682640 391473 537727 405390 ,53342 59184 66979 67646 69972 71643 73658 74611 74974 75222 ,993777 616889 789552 511306 758477 75332 682640 391473 537727 405390 ,53342 59184 66979 67646 69972 71643 73658 74611 74974 75222 
469650 862597 835359 39638 718468 296590 403117 965483 886175 889695 ,33356 50056 50872 51747 55538 57702 57872 57984 58091 58271 ,469650 862597 835359 39638 718468 965483 886175 889695 286759 340761 ,33356 50056 50872 51747 55538 57984 58091 58271 58528 58785 
46913 342660 417112 991748 29883 583815 433011 635027 31124 108693 ,63337 69132 72728 79540 80087 83023 84394 84793 85179 87388 ,46913 342660 417112 991748 29883 583815 433011 635027 31124 108693 ,63337 69132 72728 79540 80087 83023 84394 84793 85179 87388 
732754 78337 127457 744243 283577 781059 548424 555895 111431 68675 ,39116 42601 49961 50011 53453 56860 58145 58288 59026 60495 ,732754 78337 127457 744243 283577 781059 548424 555895 111431 68675 ,39116 42601 49961 50011 53453 56860 58145 58288 59026 60495 
786951 424229 413751 771900 495594 617720 758995 316759 21052 740707 ,26659 56296 57108 59206 66501 72741 75764 77458 81090 83883 ,786951 424229 413751 771900 495594 617720 758995 316759 21052 740707 ,26659 56296 57108 59206 66501 72741 75764 77458 81090 83883 
237119 862827 747983 860022 964741 237185 713738 861655 87935 953199 ,41879 43246 46729 46746 47328 47883 48648 48869 49028 49490 ,237185 405695 667400 547299 616578 929249 239083 545238 296374 912612 ,47883 51009 51288 51624 52186 52382 52602 52776 52902 53560 
469705 670241 503387 259240 260638 667876 572141 202637 119422 405518 ,26501 37693 44068 55031 55273 57802 58548 58989 59830 60177 ,670241 503387 259240 260638 667876 572141 202637 119422 405518 969467 ,37693 44068 55031 55273 57802 58548 58989 59830 60177 60654 
196845 495369 326933 120550 661657 113346 691655 742183 221616 728649 ,69185 71070 71201 75239 76329 76676 78325 79159 79512 79909 ,196845 495369 326933 120550 661657 113346 691655 742183 221616 728649 ,69185 71070 71201 75239 76329 76676 78325 79159 79512 79909 
303903 84549 464954 236399 527682 87769 152427 452922 152574 248960 ,22042 23150 23804 23806 24785 25875 26128 26759 26938 27071 ,303903 84549 464954 236399 527682 87769 152427 452922 152574 248960 ,22042 23150 23804 23806 24785 25875 26128 26759 26938 27071 
422128 256936 294375 183076 929127 532885 180445 215491 469040 306383 ,41077 42558 44135 46550 47548 47665 48353 49093 49777 49873 ,422128 256936 294375 183076 929127 532885 180445 215491 469040 306383 ,41077 42558 44135 46550 47548 47665 48353 49093 49777 49873 
579998 109033 120999 853970 278356 592613 918305 921806 923029 163769 ,20587 29413 32519 35041 39418 41964 42952 48677 49202 52119 ,579998 109033 120999 853970 278356 592613 918305 921806 923029 163769 ,20587 29413 32519 35041 39418 41964 42952 48677 49202 52119 
188295 567760 547052 815282 815392 30011 780571 815262 305208 283307 ,22813 25823 29929 30194 30256 30351 31948 32275 32349 32519 ,188295 567760 547052 815282 815392 30011 780571 815262 305208 283307 ,22813 25823 29929 30194 30256 30351 31948 32275 32349 32519 
470797 431428 470798 430768 525185 540632 279461 525360 215435 430386 ,7477 29065 29778 35728 39254 40867 41060 42075 42125 42771 ,470797 431428 470798 430768 525185 279461 525360 215435 430386 426543 ,7477 29065 29778 35728 39254 41060 42075 42125 42771 42817 
105156 525638 746915 503782 237971 892709 606864 525240 491265 905162 ,36759 46097 49709 51805 54172 56402 59102 59600 61988 63887 ,105156 525638 746915 503782 237971 892709 606864 525240 491265 905162 ,36759 46097 49709 51805 54172 56402 59102 59600 61988 63887 
720219 998435 715835 717392 734971 628384 459073 458476 253497 523692 ,31894 32055 34097 34714 36877 37523 37526 38776 40397 41595 ,717392 658881 101618 547144 236918 656883 254108 424403 777249 306845 ,34714 42553 42986 43936 47135 47354 48937 50785 50981 51085 
616363 473455 757176 913037 656166 38617 186614 556711 656698 650049 ,19563 23359 26199 26285 29519 29796 30183 31340 31858 32009 ,616363 473455 757176 913037 656166 38617 186614 556711 656698 650049 ,19563 23359 26199 26285 29519 29796 30183 31340 31858 32009 
531227 512391 95339 471512 262378 294355 913372 974263 324384 237133 ,29619 30653 32250 32362 32485 34316 34400 35267 36148 36454 ,531227 512391 95339 471512 262378 294355 913372 974263 324384 237133 ,29619 30653 32250 32362 32485 34316 34400 35267 36148 36454 
471808 936724 450981 727631 988294 129971 84923 722265 77459 587166 ,39536 105588 108235 108852 109671 113434 116957 117290 119215 121749 ,471808 936724 450981 727631 988294 129971 84923 722265 77459 587166 ,39536 105588 108235 108852 109671 113434 116957 117290 119215 121749 
608266 657731 656820 421083 909186 603670 655645 655800 804458 828390 ,12732 13395 14836 15883 16497 16678 16843 17300 17854 17973 ,608266 657731 656820 421083 909186 603670 655645 655800 804458 828390 ,12732 13395 14836 15883 16497 16678 16843 17300 17854 17973 
657731 190230 767894 657489 657187 994922 607728 421083 552630 657176 ,10172 10234 11056 11092 12439 12581 13101 13192 13761 13818 ,190230 767894 657489 657187 994922 607728 421083 552630 657176 824136 ,10234 11056 11092 12439 12581 13101 13192 13761 13818 13819 
170797 658599 671246 461971 588602 180902 533707 713962 154591 91968 ,71444 75134 76923 82751 84735 86822 87708 88532 88636 89515 ,170797 658599 671246 461971 588602 180902 533707 713962 91968 292837 ,71444 75134 76923 82751 84735 86822 87708 88532 89515 91680 
227593 543385 81795 769906 258925 12415 941029 594399 513860 493348 ,50704 52284 52768 53454 53482 56451 57100 57106 57231 57279 ,227593 543385 81795 769906 258925 12415 941029 594399 513860 493348 ,50704 52284 52768 53454 53482 56451 57100 57106 57231 57279 
508517 780334 41738 81127 866735 626831 559696 534069 81546 243622 ,50946 53743 55637 57016 59127 60305 60476 61078 64825 65066 ,508517 780334 41738 81127 866735 626831 559696 534069 81546 243622 ,50946 53743 55637 57016 59127 60305 60476 61078 64825 65066 
925820 404827 333236 336734 793650 951188 794695 336529 571725 775867 ,63559 67102 77888 78574 80762 85361 85659 85940 85990 86319 ,925820 333236 336734 793650 951188 794695 336529 775867 372039 264159 ,63559 77888 78574 80762 85361 85659 85940 86319 86515 86680 
52503 309692 793621 912279 898895 91183 347192 962603 139939 315113 ,99386 121813 121969 133133 142022 143817 148505 154678 157943 158281 ,52503 309692 793621 912279 898895 91183 347192 962603 139939 315113 ,99386 121813 121969 133133 142022 143817 148505 154678 157943 158281 
475447 754719 633032 55422 265613 616602 657343 406310 770508 770604 ,20634 30901 33064 37551 41444 46198 46594 49268 50514 50950 ,475447 754719 633032 55422 265613 616602 657343 406310 770508 770604 ,20634 30901 33064 37551 41444 46198 46594 49268 50514 50950 
259140 78797 972405 630364 225543 81672 103919 677923 784283 58410 ,46275 51362 54000 56439 57350 57414 58788 58823 59796 59826 ,259140 78797 972405 630364 225543 81672 103919 677923 784283 58410 ,46275 51362 54000 56439 57350 57414 58788 58823 59796 59826 
554651 339032 599163 662894 616023 373191 424855 480495 429650 566609 ,51265 53379 54590 56386 56417 56446 56776 57397 57577 58040 ,480495 228522 175522 168388 5047 423193 430675 421055 785002 740181 ,57397 58501 63357 63702 65748 65761 66114 66452 67133 67228 
584515 551878 311774 743962 381340 144154 59233 133007 837016 73485 ,62095 69775 73953 74082 76460 77380 77662 78408 79007 79365 ,584515 551878 311774 743962 381340 144154 59233 133007 837016 73485 ,62095 69775 73953 74082 76460 77380 77662 78408 79007 79365 
856869 440279 235331 16021 43802 841690 13572 15606 217182 246961 ,59125 60322 62282 66308 68791 69241 69350 69421 69510 69908 ,440279 235331 16021 841690 13572 15606 217182 246961 673311 739440 ,60322 62282 66308 69241 69350 69421 69510 69908 70984 71508 
474867 477757 475178 478973 768851 477919 187981 754777 383709 906810 ,17643 18862 19244 19523 23978 28517 29312 29731 30094 30144 ,474867 477757 475178 478973 768851 477919 187981 754777 383709 906810 ,17643 18862 19244 19523 23978 28517 29312 29731 30094 30144 
48770 935718 798057 452064 829193 272309 104895 434585 321343 878034 ,63901 65164 75812 76889 77230 78396 80423 80703 80954 82093 ,48770 935718 798057 452064 829193 272309 104895 434585 321343 878034 ,63901 65164 75812 76889 77230 78396 80423 80703 80954 82093 
475860 475555 476421 308030 328156 524367 690260 223391 845476 923250 ,11650 15531 41942 48301 49542 56164 56926 57156 57250 57337 ,475860 475555 476421 308030 328156 524367 690260 223391 845476 320577 ,11650 15531 41942 48301 49542 56164 56926 57156 57250 58143 
36833 467393 814529 50031 807708 476904 51380 537709 901077 477645 ,16795 22496 27623 27647 28217 29080 29175 29904 31344 31378 ,472223 45594 376889 476964 477432 895657 722741 353731 771098 814830 ,36389 42175 45284 48463 49959 51071 51430 51831 51850 53437 
647071 307161 191015 684094 803670 158471 278706 338233 378619 746146 ,71844 73532 75157 76785 77335 80227 80490 81323 83449 83878 ,647071 307161 191015 684094 803670 158471 278706 338233 378619 746146 ,71844 73532 75157 76785 77335 80227 80490 81323 83449 83878 
257406 730297 66598 825738 898103 261514 136263 717403 498283 794051 ,54184 57474 57835 58464 58824 58981 58984 59607 59812 59820 ,257406 730297 66598 825738 898103 261514 136263 717403 498283 794051 ,54184 57474 57835 58464 58824 58981 58984 59607 59812 59820 
378733 299576 864422 427410 374941 297000 781026 660708 170979 651292 ,84157 105400 108014 110361 118492 120683 121575 121915 122770 124443 ,378733 299576 864422 427410 374941 297000 781026 660708 170979 651292 ,84157 105400 108014 110361 118492 120683 121575 121915 122770 124443 
554256 462170 927331 381346 635055 332814 38299 441445 915208 460926 ,57250 66373 69116 70004 71217 74304 74808 76024 76589 77492 ,554256 462170 927331 381346 635055 332814 38299 441445 915208 460926 ,57250 66373 69116 70004 71217 74304 74808 76024 76589 77492 
377441 413294 411716 411926 79136 479673 887382 835531 126340 90623 ,59747 60171 61846 77997 80902 82687 83245 86772 87185 87838 ,377441 413294 411716 411926 79136 479673 887382 126340 90623 936506 ,59747 60171 61846 77997 80902 82687 83245 87185 87838 87906 
408084 338612 20454 600197 60148 25948 904581 725151 851496 606752 ,46452 48024 53008 55198 55950 56214 57794 57822 58028 58596 ,408084 338612 20454 600197 60148 25948 904581 725151 851496 606752 ,46452 48024 53008 55198 55950 56214 57794 57822 58028 58596 
479942 740471 827753 811410 476025 297581 43686 282824 991502 480059 ,57220 57720 57850 60434 61865 62318 62837 63302 63797 63863 ,479942 740471 827753 811410 476025 297581 43686 282824 991502 480059 ,57220 57720 57850 60434 61865 62318 62837 63302 63797 63863 
433957 196515 901330 899366 189770 86905 221516 93525 406861 99629 ,87779 93638 94675 95491 99480 99580 100996 101112 102441 102452 ,433957 196515 901330 899366 189770 86905 221516 93525 406861 99629 ,87779 93638 94675 95491 99480 99580 100996 101112 102441 102452 
747708 202314 99413 565609 116472 810174 277832 327766 478171 277253 ,51054 84685 90199 90990 94145 97120 99013 104024 104844 104987 ,747708 202314 99413 565609 116472 810174 277832 327766 478171 277253 ,51054 84685 90199 90990 94145 97120 99013 104024 104844 104987 
455913 253209 59353 448585 879102 209406 732438 197337 312960 60194 ,51842 54737 58153 60146 60193 60814 61139 61161 61291 62494 ,455913 253209 59353 448585 879102 209406 732438 197337 312960 60194 ,51842 54737 58153 60146 60193 60814 61139 61161 61291 62494 
843148 574020 497521 88757 524182 781015 607978 440664 309228 297644 ,48361 55664 55680 61623 65561 67266 67667 68784 68984 69328 ,843148 574020 497521 524182 781015 607978 440664 309228 297644 847236 ,48361 55664 55680 65561 67266 67667 68784 68984 69328 72956 
13913 775734 670834 679862 278224 253198 865318 36339 871041 989675 ,55461 58896 60506 64212 67472 68909 70443 71214 71516 71986 ,13913 775734 670834 679862 278224 253198 865318 36339 871041 989675 ,55461 58896 60506 64212 67472 68909 70443 71214 71516 71986 
37321 871490 414216 830693 496595 511346 72717 168041 24986 748459 ,72217 75225 75808 75922 80149 80172 82665 82691 83409 84371 ,37321 871490 414216 830693 496595 511346 72717 168041 100381 886982 ,72217 75225 75808 75922 80149 80172 82665 82691 84705 85385 
914991 661217 701462 625235 700420 256304 618969 709431 663572 685 ,33100 33110 33219 35454 35985 36525 38050 38269 38949 39666 ,914991 661217 701462 625235 700420 256304 618969 709431 663572 685 ,33100 33110 33219 35454 35985 36525 38050 38269 38949 39666 
453208 248725 81834 273735 197337 156134 11959 281585 627915 872406 ,32181 32411 38615 39337 39822 42707 43115 43657 44807 46761 ,453208 248725 81834 273735 197337 156134 11959 281585 872406 58647 ,32181 32411 38615 39337 39822 42707 43115 43657 46761 47112 
481966 931874 1294 158508 183151 619641 486989 269333 498451 302039 ,39513 51296 51940 52357 52673 52926 54510 54539 54612 54888 ,481966 931874 1294 158508 183151 619641 486989 269333 498451 302039 ,39513 51296 51940 52357 52673 52926 54510 54539 54612 54888 
867709 855293 940618 376265 191430 368199 13633 513473 272714 55059 ,33743 36464 41514 41861 43246 43561 44452 44581 46948 47120 ,867709 855293 940618 376265 191430 368199 13633 513473 272714 55059 ,33743 36464 41514 41861 43246 43561 44452 44581 46948 47120 
780573 506214 2658 505954 808325 518372 236296 465017 314721 732478 ,48060 57029 64087 64149 66866 67032 67883 67886 68833 69645 ,780573 506214 2658 505954 808325 518372 236296 465017 314721 732478 ,48060 57029 64087 64149 66866 67032 67883 67886 68833 69645 
508378 520512 908790 136624 672191 301650 964643 351817 4155 162070 ,39415 52227 53532 55549 55600 56019 56663 57124 57221 58119 ,508378 520512 908790 136624 672191 301650 964643 351817 4155 927486 ,39415 52227 53532 55549 55600 56019 56663 57124 57221 58413 
701096 117580 891103 34343 326038 342542 138899 288824 952800 372970 ,49746 57943 60640 60826 61963 63664 63687 64227 64566 64663 ,701096 117580 891103 34343 326038 342542 138899 288824 952800 372970 ,49746 57943 60640 60826 61963 63664 63687 64227 64566 64663 
499718 569349 498299 787708 497881 168387 535350 787627 662775 255688 ,26337 27702 27785 28142 28644 29088 29565 29678 30191 30296 ,499718 569349 498299 787708 497881 168387 535350 787627 662775 255688 ,26337 27702 27785 28142 28644 29088 29565 29678 30191 30296 
480452 480719 93938 313894 364670 730316 740029 702962 170025 469275 ,22215 31959 34114 34603 34893 35452 35474 36012 36136 36246 ,480452 480719 93938 313894 364670 730316 740029 702962 170025 469275 ,22215 31959 34114 34603 34893 35452 35474 36012 36136 36246 
399903 960740 620086 894957 888541 250180 982834 717104 876881 543189 ,34235 34771 36126 36825 39730 39759 41612 42209 43700 43722 ,399903 960740 620086 894957 888541 250180 982834 717104 876881 543189 ,34235 34771 36126 36825 39730 39759 41612 42209 43700 43722 
370234 659375 377052 720205 377187 169526 521665 495842 260013 251744 ,53443 55215 56945 60403 60542 61395 61532 61824 62614 62817 ,370234 659375 720205 377187 169526 521665 495842 260013 251744 495332 ,53443 55215 60403 60542 61395 61532 61824 62614 62817 62819 
720212 302710 267881 574274 790166 254116 210926 340212 569853 475933 ,34875 46115 46723 48316 48862 54371 54700 54868 55508 56134 ,720212 302710 267881 574274 790166 254116 210926 340212 569853 475933 ,34875 46115 46723 48316 48862 54371 54700 54868 55508 56134 
982192 634271 573520 918838 505435 374471 957672 281261 158146 144125 ,58237 58434 59930 60197 63791 70412 70935 74047 75973 75989 ,982192 634271 573520 918838 505435 374471 957672 281261 158146 144125 ,58237 58434 59930 60197 63791 70412 70935 74047 75973 75989 
532126 454826 420734 45068 411694 235255 234405 2803 980729 838042 ,33306 45335 49035 49601 49820 50732 53131 53228 53323 53436 ,532126 454826 420734 45068 411694 235255 2803 980729 838042 690694 ,33306 45335 49035 49601 49820 50732 53228 53323 53436 54610 
63909 821426 370215 131397 829385 840269 488713 180935 585492 660836 ,43682 69160 70569 75691 76233 76762 77087 78563 80547 80623 ,370215 131397 585492 373800 329274 653827 809565 681749 809342 274865 ,70569 75691 80547 80674 81616 83102 83823 84108 84166 85116 
814068 995955 673409 878694 473596 672887 170969 779127 473191 554106 ,78820 81003 86262 86543 88539 90333 91553 91955 91996 92501 ,995955 673409 878694 672887 170969 753295 430421 147073 672580 817118 ,81003 86262 86543 90333 91553 92910 93188 93538 94432 94903 
247297 570324 56971 497332 283024 82372 112519 254204 473679 278706 ,28830 29768 33831 35277 35998 37399 37779 38562 38630 39448 ,247297 56971 497332 283024 82372 112519 254204 473679 278706 293105 ,28830 33831 35277 35998 37399 37779 38562 38630 39448 39889 
664543 88704 129006 664775 486594 850981 887474 887972 629537 398907 ,44045 46735 48046 48687 50993 53370 53441 53847 54117 54446 ,664543 88704 129006 664775 486594 887474 887972 629537 398907 327741 ,44045 46735 48046 48687 50993 53441 53847 54117 54446 55265 
377930 266959 204878 269156 749750 546083 663183 15176 463563 286692 ,49838 51486 53405 53405 55432 56411 56847 56994 57215 57657 ,266959 204878 269156 749750 546083 663183 15176 463563 286692 202876 ,51486 53405 53405 55432 56411 56847 56994 57215 57657 57987 
531441 241718 37108 111503 322146 635389 351500 363384 422278 730920 ,35662 47627 47815 50211 50509 51479 51602 52141 52513 52688 ,531441 241718 37108 111503 322146 635389 351500 363384 422278 730920 ,35662 47627 47815 50211 50509 51479 51602 52141 52513 52688 
561987 232886 1962 905442 528085 62287 111602 508917 977312 931877 ,81033 98706 102585 106091 106995 107218 109393 109803 110674 112222 ,561987 232886 1962 905442 528085 62287 111602 508917 977312 931877 ,81033 98706 102585 106091 106995 107218 109393 109803 110674 112222 
472142 327053 44860 105534 388106 351465 653418 153142 855379 310029 ,42958 49601 59588 60677 61556 62268 63195 63494 63916 64683 ,472142 327053 44860 105534 388106 351465 653418 153142 855379 310029 ,42958 49601 59588 60677 61556 62268 63195 63494 63916 64683 
547652 500109 199759 822004 300338 429477 267829 611261 800079 744394 ,60926 61378 61672 68503 69402 70959 74952 75111 76660 77064 ,547652 500109 199759 822004 300338 429477 267829 611261 800079 744394 ,60926 61378 61672 68503 69402 70959 74952 75111 76660 77064 
667793 444593 896582 854048 561161 640331 668539 641592 307785 846970 ,23014 23854 25702 29473 29516 30333 30361 30914 32691 33196 ,846970 217218 264892 473365 640340 560888 801433 265790 572141 670312 ,33196 33740 34034 37545 37978 39970 40769 40884 41816 43116 
4869 608308 953880 978717 25713 881800 920287 296197 696715 344329 ,80770 97017 98859 101638 112156 112954 114391 115436 115866 115895 ,4869 608308 953880 978717 25713 881800 920287 296197 696715 344329 ,80770 97017 98859 101638 112156 112954 114391 115436 115866 115895 
906525 914716 248587 467422 280192 428167 569873 194564 17253 905535 ,37766 39647 40561 40644 40739 41353 41901 42135 42689 43441 ,428167 95891 237694 715836 785568 411954 988802 836884 730361 322819 ,41353 43446 43566 45420 46164 46198 47502 47875 48210 49054 
795293 69273 611633 249589 19810 915263 454682 611246 873434 454964 ,84736 90896 92609 96158 98716 99006 99692 100144 101385 101461 ,795293 69273 611633 19810 915263 454682 611246 873434 454964 137279 ,84736 90896 92609 98716 99006 99692 100144 101385 101461 101903 
484453 390155 881004 843213 89484 626691 866687 987582 844194 23318 ,51168 55337 55799 57661 59569 60187 61027 61494 61973 63767 ,484453 390155 881004 843213 89484 626691 866687 987582 844194 23318 ,51168 55337 55799 57661 59569 60187 61027 61494 61973 63767 
186954 556438 336859 234162 694728 114270 8828 490840 723765 911994 ,118587 131836 141636 144908 145550 145938 168244 170003 172136 172325 ,186954 556438 336859 234162 694728 114270 8828 490840 723765 911994 ,118587 131836 141636 144908 145550 145938 168244 170003 172136 172325 
376677 658175 991954 322156 58144 727648 815820 168778 177591 845701 ,56676 56725 57272 58145 58874 59295 62309 62385 62528 63738 ,376677 658175 991954 322156 58144 727648 815820 168778 177591 845701 ,56676 56725 57272 58145 58874 59295 62309 62385 62528 63738 
99073 270882 192706 323884 56069 870156 344793 247435 160979 937050 ,50838 53115 55550 58763 60003 60003 60651 61553 64348 64659 ,99073 270882 192706 323884 56069 870156 344793 247435 160979 937050 ,50838 53115 55550 58763 60003 60003 60651 61553 64348 64659 
231685 249420 238631 206371 688392 188732 312971 381626 33103 518918 ,35964 52859 60806 60925 61961 64003 65701 69280 70143 70145 ,231685 249420 238631 206371 688392 188732 312971 381626 33103 518918 ,35964 52859 60806 60925 61961 64003 65701 69280 70143 70145 
824972 885734 76295 666687 554965 254510 834037 326842 768642 610585 ,35569 35773 36548 46317 49467 51629 54158 56720 57563 59379 ,824972 885734 76295 666687 554965 254510 834037 326842 768642 610585 ,35569 35773 36548 46317 49467 51629 54158 56720 57563 59379 
833673 439083 553412 30466 904434 282599 498474 529968 724106 742324 ,76182 84234 85877 87246 91291 92072 94139 94186 95253 99373 ,833673 439083 553412 30466 904434 282599 498474 529968 724106 742324 ,76182 84234 85877 87246 91291 92072 94139 94186 95253 99373 
143406 633192 689539 119853 815670 27015 687447 496408 262964 365590 ,74649 83736 85409 91372 91409 91969 92170 94468 95486 95950 ,143406 633192 689539 119853 815670 27015 687447 496408 262964 365590 ,74649 83736 85409 91372 91409 91969 92170 94468 95486 95950 
544106 241696 544029 634147 703069 534506 867264 76952 723850 972561 ,38731 40665 42774 43268 45738 46911 47412 48332 49608 51315 ,544106 703069 534506 454133 458657 519858 517561 271832 432609 12510 ,38731 45738 46911 53074 53547 53760 54821 55644 56356 57808 
69899 508968 365422 224651 355019 531608 451332 92590 14487 911524 ,75352 78784 79345 87027 87870 92812 100524 100719 104309 105218 ,69899 508968 365422 224651 355019 531608 451332 92590 14487 911524 ,75352 78784 79345 87027 87870 92812 100524 100719 104309 105218 
581726 370669 367966 451725 841262 570254 141669 132392 660650 347054 ,57209 61853 65050 66764 68819 69971 70065 70172 71569 71716 ,581726 370669 367966 451725 841262 570254 141669 132392 660650 347054 ,57209 61853 65050 66764 68819 69971 70065 70172 71569 71716 
658444 842008 867740 126013 405090 939966 253562 914193 867706 122844 ,19269 21645 22677 23566 23653 23870 24516 26840 26849 27729 ,658444 842008 867740 126013 405090 939966 253562 914193 867706 122844 ,19269 21645 22677 23566 23653 23870 24516 26840 26849 27729 
292072 234978 293758 358572 692140 958422 357503 676767 978483 958224 ,40839 47554 48244 61388 68265 69778 69830 72532 72876 72936 ,292072 234978 293758 358572 692140 958422 357503 676767 978483 958224 ,40839 47554 48244 61388 68265 69778 69830 72532 72876 72936 
519552 807083 403355 188548 678697 864437 904677 932890 402638 681340 ,47519 47933 48291 49531 50961 52547 52603 52625 53045 53053 ,519552 807083 403355 188548 864437 904677 402638 681340 628745 703636 ,47519 47933 48291 49531 52547 52603 53045 53053 54583 55152 
913363 912895 654074 694267 213030 389413 745168 695769 683140 509167 ,56940 59685 61276 61427 61860 61900 62709 64390 64550 65382 ,913363 912895 654074 694267 213030 389413 745168 695769 683140 509167 ,56940 59685 61276 61427 61860 61900 62709 64390 64550 65382 
297040 351859 804788 281472 196552 501266 193089 358302 720205 485264 ,65150 65941 67417 70588 71459 72201 72563 72698 73629 73998 ,297040 351859 804788 196552 501266 193089 358302 720205 485264 310180 ,65150 65941 67417 71459 72201 72563 72698 73629 73998 74188 
564316 481011 180829 339253 768864 554486 989268 618382 508711 406402 ,26166 33295 34616 35634 36767 36837 37660 38013 38180 38443 ,564316 339253 768864 554486 989268 508711 406402 225787 670888 431638 ,26166 35634 36767 36837 37660 38180 38443 38633 40099 40750 
752847 230255 283059 279235 232161 955566 587155 743244 725639 785398 ,57013 62065 64359 68466 74760 76954 78176 78368 79458 80123 ,752847 283059 279235 232161 955566 743244 725639 668010 357130 498656 ,57013 64359 68466 74760 76954 78368 79458 81416 82388 82414 
73132 270139 920244 138125 538689 731428 12733 113089 949444 956688 ,79050 83579 83683 85314 89895 96567 97013 99142 101869 104822 ,73132 270139 920244 138125 538689 731428 12733 113089 949444 956688 ,79050 83579 83683 85314 89895 96567 97013 99142 101869 104822 
943437 951049 944426 920011 261029 230195 920466 52807 723503 329369 ,40574 41565 42704 43459 44242 44799 44830 45349 45465 46150 ,944426 261029 897 239141 308868 919688 247044 113533 958814 112612 ,42704 44242 46795 48947 49296 49372 51956 52153 52268 52457 
530441 390346 407434 573856 350142 859766 182956 253344 198057 402423 ,83349 83957 85037 85706 85748 88710 92677 93332 93548 94832 ,530441 390346 407434 573856 350142 859766 253344 198057 402423 311428 ,83349 83957 85037 85706 85748 88710 93332 93548 94832 95640 
14472 919056 190621 852660 996895 183026 14883 855019 271980 223217 ,41141 43207 43298 43951 44609 45132 45427 45720 45926 46153 ,14472 919056 190621 852660 996895 183026 14883 855019 271980 223217 ,41141 43207 43298 43951 44609 45132 45427 45720 45926 46153 
249046 426121 897205 404998 917377 46644 249482 485928 471521 39404 ,34956 36255 36613 38280 41976 42686 43187 43261 43803 44056 ,249046 897205 404998 249482 485928 39404 620523 672790 24813 79046 ,34956 36613 38280 43187 43261 44056 46414 46718 46987 47504 
321777 295346 30329 429745 30010 323998 522254 159283 121925 174948 ,17213 24299 26363 29516 29632 31066 31075 31235 32480 32590 ,321777 295346 30329 429745 30010 323998 522254 159283 121925 174948 ,17213 24299 26363 29516 29632 31066 31075 31235 32480 32590 
181198 403172 275327 605807 501153 965158 20547 704386 562245 484290 ,53490 56306 61671 66304 66531 66681 67194 67388 67780 67822 ,181198 403172 275327 501153 20547 704386 562245 484290 722147 750211 ,53490 56306 61671 66531 67194 67388 67780 67822 67949 67964 
182291 522176 198388 864757 664761 224372 455608 565382 517113 195202 ,41793 49317 54922 56013 59425 62814 64842 65428 65450 65816 ,182291 522176 198388 864757 664761 224372 455608 565382 517113 195202 ,41793 49317 54922 56013 59425 62814 64842 65428 65450 65816 
768994 311700 494622 764287 475769 951910 312266 38177 38525 986078 ,52564 56263 56714 64404 67423 67462 68190 69075 72675 72974 ,768994 311700 494622 764287 475769 951910 312266 38177 38525 986078 ,52564 56263 56714 64404 67423 67462 68190 69075 72675 72974 
682191 811050 221525 483582 109616 366334 430277 681399 130407 124010 ,57711 64201 66498 67344 69363 70114 72190 72627 73551 73925 ,682191 811050 221525 483582 109616 366334 430277 681399 130407 124010 ,57711 64201 66498 67344 69363 70114 72190 72627 73551 73925 
623460 842089 864212 225732 311750 724776 899356 100193 564281 839058 ,42060 46788 47689 47855 48590 51189 51350 51580 52829 53020 ,623460 842089 864212 225732 311750 724776 899356 100193 564281 839058 ,42060 46788 47689 47855 48590 51189 51350 51580 52829 53020 
429453 437807 988814 429385 1994 507233 1145 122675 507986 440531 ,40383 43755 46532 47977 50729 50834 52235 53888 55039 56462 ,429453 437807 988814 429385 1994 507233 1145 122675 507986 440531 ,40383 43755 46532 47977 50729 50834 52235 53888 55039 56462 
772068 920563 746442 175170 834507 261647 727303 261690 812326 990215 ,63736 66953 68282 69667 69929 70059 70150 71034 71444 71633 ,772068 920563 746442 175170 834507 261647 727303 812326 990215 261509 ,63736 66953 68282 69667 69929 70059 70150 71444 71633 72730 
778054 412099 867751 432162 594106 868154 922141 954805 160244 794201 ,45043 47575 47869 53513 53599 53970 54166 54373 57536 57638 ,778054 412099 867751 432162 594106 922141 954805 160244 794201 837939 ,45043 47575 47869 53513 53599 54166 54373 57536 57638 58171 
39494 187994 38484 770821 766838 449392 673352 138881 956995 839147 ,57011 65480 73992 76003 77580 77842 79733 83414 84399 86823 ,39494 187994 38484 770821 766838 449392 673352 138881 956995 839147 ,57011 65480 73992 76003 77580 77842 79733 83414 84399 86823 
168077 651714 210304 681628 950708 33831 680544 115641 409354 869371 ,54195 54525 55632 56089 57261 60686 62240 63691 63854 63906 ,168077 651714 210304 681628 950708 33831 680544 115641 409354 869371 ,54195 54525 55632 56089 57261 60686 62240 63691 63854 63906 
849653 182710 3790 235096 710677 329835 596890 275535 274325 911181 ,83317 89827 91494 95251 95734 96267 96870 97100 99131 99593 ,849653 182710 3790 235096 710677 329835 596890 275535 274325 911181 ,83317 89827 91494 95251 95734 96267 96870 97100 99131 99593 
247546 688073 15700 5793 930262 598889 218359 14401 676116 416748 ,79411 92872 95569 97431 99790 101913 102547 102771 103124 103251 ,247546 688073 15700 5793 930262 218359 14401 676116 390662 727425 ,79411 92872 95569 97431 99790 102547 102771 103124 103661 104349 
89930 736596 248351 440452 311927 353563 6557 348427 736690 822475 ,47121 55290 55827 57144 57982 58594 58990 59011 59305 59397 ,89930 736596 248351 440452 311927 353563 6557 348427 736690 822475 ,47121 55290 55827 57144 57982 58594 58990 59011 59305 59397 
965536 265188 947524 979175 724301 840537 741649 111635 662564 790354 ,68205 73968 79598 80293 81392 81748 81854 83017 87187 88881 ,965536 265188 947524 724301 840537 741649 111635 662564 790354 823426 ,68205 73968 79598 81392 81748 81854 83017 87187 88881 90208 
877587 346366 876262 551583 348429 57419 819086 964589 48368 78871 ,58557 62378 63091 63098 64468 67284 71590 72740 73350 74490 ,877587 346366 876262 551583 348429 57419 819086 964589 48368 78871 ,58557 62378 63091 63098 64468 67284 71590 72740 73350 74490 
299014 597526 262629 868869 366453 230255 982370 85572 751813 34892 ,105135 107121 109679 113994 115751 116208 118112 118422 119994 124383 ,299014 597526 262629 868869 366453 230255 982370 85572 751813 34892 ,105135 107121 109679 113994 115751 116208 118112 118422 119994 124383 
300879 315475 513335 326970 416141 319197 438364 230283 328945 410293 ,86925 97647 101186 105332 110502 114014 114827 115282 116085 116705 ,300879 315475 513335 326970 416141 438364 230283 997748 285967 455870 ,86925 97647 101186 105332 110502 114827 115282 117685 118708 119142 
491382 882686 671992 669174 671313 440479 791960 882885 585241 584975 ,66976 74488 75290 75726 76563 76979 77501 78074 79275 79884 ,491382 882686 671992 669174 671313 791960 882885 585241 584975 52837 ,66976 74488 75290 75726 76563 77501 78074 79275 79884 80195 
515307 557641 804993 910893 497886 816435 600951 523931 575262 241063 ,32848 34076 35576 37433 39704 39921 40167 41256 42013 42152 ,515307 557641 804993 910893 497886 816435 600951 523931 575262 241063 ,32848 34076 35576 37433 39704 39921 40167 41256 42013 42152 
480814 416997 480210 157871 823444 516209 69260 416238 68682 681729 ,41995 44140 47196 48484 49957 50007 50311 52343 53401 53651 ,416997 157871 68682 628502 296542 628331 535083 523782 4087 954441 ,44140 48484 53401 55386 56660 57091 58189 58662 58695 59594 
289288 12526 433025 602885 525768 487783 469574 551745 574124 491484 ,92079 96977 98049 103537 106468 108320 109056 110540 110768 111759 ,289288 12526 433025 602885 525768 487783 469574 551745 574124 491484 ,92079 96977 98049 103537 106468 108320 109056 110540 110768 111759 
87038 225321 127522 377098 906771 370555 630514 147698 108288 179614 ,69029 72459 80171 82151 84215 84427 85220 86824 88484 92893 ,87038 225321 127522 377098 906771 370555 630514 147698 108288 179614 ,69029 72459 80171 82151 84215 84427 85220 86824 88484 92893 
629407 371358 82127 819873 458653 227013 333142 166158 669985 772742 ,54486 69861 71051 77083 79008 83415 85208 85951 87234 89179 ,371358 82127 819873 458653 227013 333142 166158 669985 772742 450551 ,69861 71051 77083 79008 83415 85208 85951 87234 89179 89725 
23553 631237 833318 354962 292798 249804 931808 247493 833499 780940 ,44348 48667 52855 54000 54466 54712 55242 56899 57363 57381 ,23553 631237 833318 354962 292798 249804 931808 247493 833499 780940 ,44348 48667 52855 54000 54466 54712 55242 56899 57363 57381 
446174 298234 89595 341442 59047 960679 615244 177943 170280 999591 ,59200 60272 64805 71046 71064 71184 73997 75754 76862 83300 ,446174 298234 89595 341442 59047 960679 615244 177943 170280 999591 ,59200 60272 64805 71046 71064 71184 73997 75754 76862 83300 
687507 614705 771065 945295 235779 193185 272001 516537 692360 113005 ,51036 54044 54250 57071 57723 57979 57979 58123 58611 58949 ,687507 614705 771065 235779 193185 516537 692360 113005 560308 823125 ,51036 54044 54250 57723 57979 58123 58611 58949 59137 59478 
466654 351254 684523 121372 312922 521539 983231 322404 728527 181257 ,47215 51025 51785 53780 54012 54062 54708 54868 57443 57762 ,466654 351254 684523 312922 521539 983231 322404 728527 181257 498064 ,47215 51025 51785 54012 54062 54708 54868 57443 57762 58103 
482689 411340 489860 940510 842908 672116 42090 486687 206386 270664 ,52430 53460 56875 58160 58276 58398 59009 59452 59535 59535 ,482689 411340 489860 940510 842908 672116 42090 486687 270664 490388 ,52430 53460 56875 58160 58276 58398 59009 59452 59535 59988 
854831 152725 419436 539651 56971 983715 109037 785704 472326 943102 ,31161 31328 32121 32454 33633 34084 34895 35635 35889 36679 ,854831 152725 419436 539651 56971 983715 109037 785704 472326 943102 ,31161 31328 32121 32454 33633 34084 34895 35635 35889 36679 
426176 842041 981212 11336 11741 210311 899911 854885 509011 870859 ,54277 57151 61354 61480 61630 62166 62833 63111 63875 64437 ,842041 981212 11336 210311 899911 854885 509011 870859 266409 500500 ,57151 61354 61480 62166 62833 63111 63875 64437 64589 65396 
299132 97370 280692 231271 183114 669058 147370 184849 495202 234043 ,48919 59029 60991 61859 62292 63198 65204 66014 66947 66978 ,299132 97370 280692 231271 183114 147370 184849 495202 234043 294900 ,48919 59029 60991 61859 62292 65204 66014 66947 66978 67100 
241089 237739 328657 799079 237377 943698 384233 515762 746860 440463 ,67133 69608 71092 72480 73027 77173 77419 78638 80335 80347 ,241089 237739 328657 799079 237377 384233 746860 20802 459192 305465 ,67133 69608 71092 72480 73027 77419 80335 81550 82122 82495 
821244 820969 130738 100859 11182 680586 242725 432924 238632 969955 ,37895 38595 39927 40285 41850 42135 42510 43013 43333 43750 ,130738 791405 895516 858781 940712 424734 679105 940664 457896 952650 ,39927 46672 51066 51652 51990 52148 52380 53497 54471 54900 
533007 468947 790354 835730 173805 450400 628615 333414 270900 619332 ,64282 76957 86235 90223 97028 100270 100364 102577 105482 107317 ,533007 468947 790354 835730 173805 450400 628615 333414 270900 619332 ,64282 76957 86235 90223 97028 100270 100364 102577 105482 107317 
485831 839466 525552 780464 52495 931685 356101 292239 863187 719614 ,29408 33027 33623 36941 38304 38468 38475 39451 39962 40145 ,839466 780464 52495 292239 719614 275107 711375 151598 104823 262305 ,33027 36941 38304 39451 40145 41365 41904 42613 43753 44735 
96823 492237 491925 197975 437324 719900 481699 876439 113298 343616 ,63646 68810 71815 72040 75588 78382 79935 80119 80626 80792 ,96823 492237 491925 197975 437324 719900 481699 876439 113298 343616 ,63646 68810 71815 72040 75588 78382 79935 80119 80626 80792 
808936 733245 766053 445626 971857 841108 672282 971571 825541 892583 ,43459 52209 55447 66146 69132 69160 70014 70337 72353 72908 ,808936 733245 766053 445626 971857 841108 672282 971571 825541 892583 ,43459 52209 55447 66146 69132 69160 70014 70337 72353 72908 
936424 835624 987912 586233 654661 369820 244388 508362 133088 296632 ,89460 91350 92620 100297 100418 101518 101690 101845 102572 103012 ,936424 835624 987912 586233 654661 369820 244388 508362 133088 296632 ,89460 91350 92620 100297 100418 101518 101690 101845 102572 103012 
273559 241384 783915 105893 278459 764612 824876 959707 260877 996298 ,76764 84107 90710 91781 91864 92298 94463 97299 98758 100422 ,273559 241384 783915 105893 278459 764612 824876 959707 260877 996298 ,76764 84107 90710 91781 91864 92298 94463 97299 98758 100422 
202444 266722 329628 332156 836074 469656 101843 650697 727647 775741 ,47786 47786 66802 73224 73967 74890 76645 76872 77226 78400 ,202444 266722 329628 332156 836074 469656 101843 650697 727647 775741 ,47786 47786 66802 73224 73967 74890 76645 76872 77226 78400 
453540 261523 44076 687758 736486 262964 529486 292943 780464 525639 ,53756 57341 57782 58252 58696 59737 60264 60682 61413 61996 ,453540 261523 44076 687758 736486 262964 529486 292943 780464 525639 ,53756 57341 57782 58252 58696 59737 60264 60682 61413 61996 
661070 101338 653827 103344 132420 128683 628621 662206 313344 562577 ,41054 42683 44555 45369 46339 49114 50240 51706 53240 54158 ,661070 101338 653827 103344 132420 128683 628621 662206 313344 562577 ,41054 42683 44555 45369 46339 49114 50240 51706 53240 54158 
856836 633479 974925 795835 895564 176213 177336 608308 422525 797994 ,79395 110357 138256 145825 169707 171668 174300 175844 176651 178230 ,856836 633479 974925 795835 895564 176213 177336 608308 422525 797994 ,79395 110357 138256 145825 169707 171668 174300 175844 176651 178230 
417625 781572 249220 71845 697252 543608 707002 666955 663730 482402 ,33945 46668 51071 57228 58408 61157 61572 61652 63898 66866 ,417625 249220 71845 697252 543608 707002 666955 663730 482402 925228 ,33945 51071 57228 58408 61157 61572 61652 63898 66866 67495 
354128 638018 23465 743096 754012 105578 56020 242180 23462 823502 ,36333 37455 40430 40648 44945 46665 47764 48388 49793 49856 ,354128 638018 23465 743096 754012 105578 56020 242180 23462 823502 ,36333 37455 40430 40648 44945 46665 47764 48388 49793 49856 
439049 868173 47985 543854 688398 987000 840713 775906 198569 277385 ,60339 62773 62813 63202 63943 64171 64343 64478 65483 65483 ,439049 543854 688398 987000 840713 198569 810830 394110 331841 588722 ,60339 63202 63943 64171 64343 65483 65786 66340 66906 67965 
608508 454776 686418 558292 228945 180253 975884 975072 162348 610926 ,53502 63509 66684 67832 68120 68320 69527 70292 70395 70595 ,608508 454776 686418 558292 228945 180253 975884 975072 162348 610926 ,53502 63509 66684 67832 68120 68320 69527 70292 70395 70595 
123167 750487 591305 583239 61380 56995 206649 344052 776443 60091 ,51740 63023 64213 65471 66602 67729 68175 71203 71402 72708 ,123167 750487 591305 583239 61380 56995 344052 776443 60091 460097 ,51740 63023 64213 65471 66602 67729 71203 71402 72708 73232 
766678 404167 594002 482138 968643 128226 361119 561302 860085 255965 ,83546 84798 86844 90008 90587 93421 94236 94258 94292 94765 ,766678 404167 594002 482138 968643 128226 361119 561302 860085 255965 ,83546 84798 86844 90008 90587 93421 94236 94258 94292 94765 
366170 525375 816739 285853 208461 466225 68734 804862 525282 303427 ,67431 71490 73110 75669 79264 80019 81597 82221 82511 82792 ,366170 525375 816739 285853 208461 466225 68734 804862 525282 303427 ,67431 71490 73110 75669 79264 80019 81597 82221 82511 82792 
105262 480835 239396 497866 448841 296483 503424 128251 351174 754610 ,42899 44472 48833 49285 49748 50486 50696 50925 52586 52890 ,105262 480835 239396 497866 448841 296483 503424 128251 351174 754610 ,42899 44472 48833 49285 49748 50486 50696 50925 52586 52890 
554055 115658 50297 540481 224891 334405 10792 39977 511397 887252 ,28616 30893 38872 39563 39983 40623 40862 43047 44018 45730 ,115658 224891 334405 39977 91234 38868 694328 814050 865022 307029 ,30893 39983 40623 43047 47047 47302 52114 52162 54101 54328 
461487 24963 876717 369106 403783 989973 859642 935971 292105 742382 ,53351 59541 66456 67499 69423 71496 71818 72782 72857 73156 ,461487 24963 369106 403783 989973 859642 935971 292105 742382 839498 ,53351 59541 67499 69423 71496 71818 72782 72857 73156 73493 
979060 265818 60874 604214 540829 370545 124157 952046 61410 85425 ,58944 64655 66596 69745 71292 71385 71530 72926 72932 76876 ,979060 265818 60874 604214 370545 124157 952046 61410 85425 88330 ,58944 64655 66596 69745 71385 71530 72926 72932 76876 77394 
973038 619135 783894 734815 690101 821566 834542 620320 888342 241519 ,48629 61685 62422 64085 65489 67088 67703 68053 68477 69661 ,973038 619135 783894 734815 821566 834542 620320 888342 241519 853638 ,48629 61685 62422 64085 67088 67703 68053 68477 69661 70626 
681962 227374 61128 287934 682011 702901 385263 705999 554968 480970 ,42102 49684 50090 51144 51237 52494 53767 53914 54369 54819 ,681962 227374 61128 287934 682011 702901 385263 705999 554968 480970 ,42102 49684 50090 51144 51237 52494 53767 53914 54369 54819 
492936 350120 482793 351259 956607 926561 416507 889461 482782 889376 ,49605 50010 52472 52596 56301 58487 59344 59874 60296 63084 ,492936 350120 482793 351259 956607 926561 416507 889461 482782 889376 ,49605 50010 52472 52596 56301 58487 59344 59874 60296 63084 
941465 191396 194882 498248 921462 353059 104964 656346 841465 54354 ,36766 46949 56954 58434 58441 59093 64211 64408 64965 65142 ,941465 191396 194882 498248 921462 353059 104964 656346 841465 54354 ,36766 46949 56954 58434 58441 59093 64211 64408 64965 65142 
356197 374034 591088 764340 964390 112588 915553 407139 833596 328026 ,24019 29464 35316 35427 36397 41520 42709 43354 43492 43931 ,356197 374034 591088 764340 964390 112588 915553 407139 833596 328026 ,24019 29464 35316 35427 36397 41520 42709 43354 43492 43931 
156942 48703 190665 211209 461723 523925 906439 269344 110300 564468 ,63232 63670 65107 66086 67286 67790 67811 69168 69689 70233 ,156942 48703 190665 211209 461723 523925 906439 269344 110300 564468 ,63232 63670 65107 66086 67286 67790 67811 69168 69689 70233 
554078 51184 778608 754356 695428 337789 692202 405682 870697 863144 ,47749 47776 49407 50585 52442 54684 55893 56217 56534 56708 ,554078 51184 778608 754356 695428 337789 692202 405682 870697 863144 ,47749 47776 49407 50585 52442 54684 55893 56217 56534 56708 
747270 485194 91607 416354 122220 841486 752977 106213 260770 305008 ,57568 60165 64006 67074 67626 70318 73169 74784 74963 76622 ,747270 485194 91607 416354 122220 841486 752977 106213 260770 305008 ,57568 60165 64006 67074 67626 70318 73169 74784 74963 76622 
671272 230524 430776 804475 482182 17999 250875 733156 965980 259463 ,66181 68926 80604 83102 84751 87399 93428 93932 96842 97923 ,671272 230524 430776 804475 482182 17999 250875 733156 965980 259463 ,66181 68926 80604 83102 84751 87399 93428 93932 96842 97923 
497693 785229 680215 737700 597281 769269 731530 468257 203944 174636 ,69871 83788 89566 95160 97301 97892 98659 100901 105854 106226 ,497693 785229 680215 737700 597281 769269 731530 468257 203944 174636 ,69871 83788 89566 95160 97301 97892 98659 100901 105854 106226 
319674 334949 41435 375329 598371 830837 618458 882416 542108 564764 ,51023 54605 68531 71019 74714 76280 76289 76299 77068 77137 ,319674 334949 41435 375329 598371 830837 618458 882416 542108 564764 ,51023 54605 68531 71019 74714 76280 76289 76299 77068 77137 
645653 600503 300136 624234 553622 937922 432913 101405 71402 740476 ,79967 81417 91652 93930 95394 97773 98525 98623 101949 102504 ,645653 600503 300136 624234 553622 937922 432913 101405 71402 49361 ,79967 81417 91652 93930 95394 97773 98525 98623 101949 103654 
107915 130401 523360 502113 813400 994830 519191 13529 903086 178078 ,58373 62250 63277 63950 67223 67511 67872 67980 68397 68461 ,107915 130401 523360 813400 519191 13529 903086 178078 569443 658897 ,58373 62250 63277 67223 67872 67980 68397 68461 69278 69786 
201080 385852 972031 699064 412733 971760 948345 671179 362276 465566 ,70775 72116 74040 75775 80669 82892 84976 86152 86444 86468 ,201080 385852 972031 699064 412733 971760 948345 671179 362276 465566 ,70775 72116 74040 75775 80669 82892 84976 86152 86444 86468 
43722 425606 613214 247832 819331 472085 957848 440337 989278 18801 ,72167 79354 80116 81306 86098 88767 89404 89603 90777 90918 ,43722 425606 613214 247832 819331 472085 957848 440337 989278 18801 ,72167 79354 80116 81306 86098 88767 89404 89603 90777 90918 
583240 727357 533495 171156 767384 160969 767236 25550 134524 929209 ,84731 87856 89036 89325 89768 90086 90212 90999 91282 92788 ,583240 727357 533495 171156 767384 160969 767236 134524 929209 134504 ,84731 87856 89036 89325 89768 90086 90212 91282 92788 93064 
915025 602981 259943 55824 418950 681222 338870 290466 880698 468176 ,40668 50432 55308 56146 56320 56480 57265 57409 58274 59342 ,915025 259943 55824 418950 681222 338870 290466 880698 468176 469315 ,40668 55308 56146 56320 56480 57265 57409 58274 59342 59679 
760917 375847 429725 956943 832352 382511 916507 975731 886649 648296 ,55691 65526 66203 66959 67524 68252 68809 69170 69409 69493 ,760917 375847 429725 956943 832352 382511 916507 975731 886649 648296 ,55691 65526 66203 66959 67524 68252 68809 69170 69409 69493 
627119 841161 837655 824806 567601 762225 609879 627776 964148 772485 ,48167 53486 56959 58104 59793 63897 66098 66443 66524 66712 ,627119 841161 837655 824806 567601 762225 609879 627776 964148 772485 ,48167 53486 56959 58104 59793 63897 66098 66443 66524 66712 
430098 344927 283697 979246 230642 39745 371008 499183 606212 621614 ,47687 54482 56165 57787 62432 62736 65964 66725 69256 69677 ,430098 344927 283697 979246 230642 39745 371008 499183 606212 621614 ,47687 54482 56165 57787 62432 62736 65964 66725 69256 69677 
280511 589609 640297 401625 733245 523938 250429 766053 11405 65388 ,81916 85804 86385 90268 97631 102852 110864 111557 112587 117246 ,280511 589609 640297 401625 733245 523938 250429 766053 11405 65388 ,81916 85804 86385 90268 97631 102852 110864 111557 112587 117246 
653125 374202 813778 893764 375274 781533 833228 838618 312232 430074 ,32152 45161 47747 49369 50625 51172 52874 53093 53243 53438 ,653125 374202 813778 893764 375274 781533 833228 838618 312232 430074 ,32152 45161 47747 49369 50625 51172 52874 53093 53243 53438 
161174 185835 504903 806570 140091 806313 485632 32226 161009 17449 ,65889 68374 69013 69458 70886 70887 71121 72541 73513 74214 ,161174 185835 504903 806570 140091 806313 485632 32226 17449 832640 ,65889 68374 69013 69458 70886 70887 71121 72541 74214 74788 
859704 422224 175351 22249 172088 521411 526434 743275 946903 7153 ,68454 71895 72140 72415 73205 74322 74811 77422 77747 78410 ,859704 422224 22249 172088 521411 526434 743275 946903 7153 686753 ,68454 71895 72415 73205 74322 74811 77422 77747 78410 78560 
389930 281003 332869 385864 528918 204546 567359 772195 329385 46236 ,129891 154795 162837 170198 186140 206223 235597 239234 239256 243077 ,389930 281003 332869 385864 528918 204546 567359 772195 329385 46236 ,129891 154795 162837 170198 186140 206223 235597 239234 239256 243077 
661892 184832 881623 570378 613442 313344 470020 295637 277038 197763 ,53737 54166 58231 59210 60328 61748 61947 62284 63993 64873 ,661892 184832 881623 570378 613442 313344 470020 295637 277038 197763 ,53737 54166 58231 59210 60328 61748 61947 62284 63993 64873 
337019 546748 665955 847805 307190 909140 618140 313032 347444 364095 ,32745 35364 39893 40343 40590 40636 40804 41768 42135 42313 ,337019 546748 665955 847805 307190 909140 618140 313032 347444 364095 ,32745 35364 39893 40343 40590 40636 40804 41768 42135 42313 
185024 662747 65660 352102 337010 340942 488056 248870 658282 969742 ,32807 34186 39224 40590 40707 43703 45586 45891 47139 47218 ,185024 662747 65660 352102 337010 340942 488056 248870 658282 969742 ,32807 34186 39224 40590 40707 43703 45586 45891 47139 47218 
184176 402173 691722 987748 520277 471287 469920 801440 275261 425487 ,60303 62875 65780 66021 67243 68050 70810 70811 71543 73209 ,402173 691722 987748 520277 471287 469920 275261 425487 435643 41855 ,62875 65780 66021 67243 68050 70810 71543 73209 73219 74776 
869107 60871 754875 915576 792089 859263 990292 889217 859066 126535 ,42988 52405 68466 69093 69383 70767 72369 72376 72567 73295 ,869107 60871 754875 915576 792089 859263 990292 889217 859066 126535 ,42988 52405 68466 69093 69383 70767 72369 72376 72567 73295 
180722 737706 198664 277480 95747 528746 662168 224507 439168 632064 ,50803 53065 54681 54681 55510 55886 58006 58161 60394 60570 ,180722 737706 198664 277480 95747 528746 662168 224507 439168 632064 ,50803 53065 54681 54681 55510 55886 58006 58161 60394 60570 
26383 818055 59007 482648 196703 803727 454197 25204 849973 514477 ,63922 72447 73556 74398 74601 74613 77121 77757 78048 78387 ,26383 803727 454197 25204 849973 98222 225767 174663 299516 713095 ,63922 74613 77121 77757 78048 80028 80524 81409 82085 82238 
90906 966541 68480 206577 84561 845419 869659 499724 818294 82241 ,63397 66083 66894 67786 68120 71397 77159 78031 78219 78992 ,90906 966541 68480 206577 84561 845419 869659 499724 818294 82241 ,63397 66083 66894 67786 68120 71397 77159 78031 78219 78992 
319761 296290 670078 250495 333322 403329 255091 543111 763024 484229 ,39777 39840 40850 42094 43355 44274 45890 46010 46115 46343 ,319761 296290 670078 250495 333322 403329 255091 543111 763024 484229 ,39777 39840 40850 42094 43355 44274 45890 46010 46115 46343 
182200 219013 429704 18831 168712 627915 916117 947494 514063 5373 ,115127 132947 134848 139367 143021 151987 155419 156704 157327 158131 ,182200 219013 429704 18831 168712 627915 916117 947494 514063 5373 ,115127 132947 134848 139367 143021 151987 155419 156704 157327 158131 
499813 290057 402900 923477 246043 116526 884476 120896 314055 864061 ,71668 78975 80531 81321 82908 82968 83150 83673 85551 85664 ,499813 290057 402900 923477 246043 116526 884476 120896 314055 864061 ,71668 78975 80531 81321 82908 82968 83150 83673 85551 85664 
202719 266997 680979 934278 12603 154462 726654 437377 869970 716383 ,54576 54576 55154 56322 57075 57733 58224 60650 63432 63543 ,266997 934278 717672 470009 303171 195806 515790 919403 879587 921993 ,54576 56322 66241 66428 66468 67208 67388 67824 68203 70428 
665961 486538 316539 341442 280318 327488 353837 76879 519177 147631 ,57212 59063 62030 63057 63736 63883 65904 66520 66945 66952 ,665961 486538 316539 341442 280318 327488 353837 76879 519177 147631 ,57212 59063 62030 63057 63736 63883 65904 66520 66945 66952 
639210 278918 112100 41504 82090 969866 677602 791121 93139 659755 ,28140 29026 32143 35832 37252 37336 37367 37840 39434 39875 ,639210 278918 112100 41504 82090 969866 677602 791121 93139 659755 ,28140 29026 32143 35832 37252 37336 37367 37840 39434 39875 
130052 321063 994063 318884 327122 991285 18706 857824 890199 467145 ,70097 75500 80175 81059 82048 84048 86100 87336 88065 89756 ,130052 321063 994063 318884 327122 991285 18706 857824 890199 467145 ,70097 75500 80175 81059 82048 84048 86100 87336 88065 89756 
971342 139384 141658 840265 672986 753362 190461 835946 216137 881114 ,51914 53815 61049 66842 69717 70279 77082 77410 82003 83168 ,971342 139384 141658 840265 672986 753362 190461 835946 216137 881114 ,51914 53815 61049 66842 69717 70279 77082 77410 82003 83168 
464933 261680 573455 953415 814865 518644 174734 296832 424083 466616 ,75556 81313 84783 85585 86595 87382 87464 87542 88710 89390 ,464933 261680 573455 953415 814865 518644 174734 296832 424083 466616 ,75556 81313 84783 85585 86595 87382 87464 87542 88710 89390 
207331 597778 226206 225581 574384 528323 842725 123415 844614 16279 ,65540 68276 70921 71998 72454 74512 75178 75539 75639 75739 ,207331 597778 226206 225581 574384 842725 123415 844614 16279 929668 ,65540 68276 70921 71998 72454 75178 75539 75639 75739 75744 
909004 451388 230396 268523 226937 387162 361533 910696 557018 204213 ,76929 84116 84850 87150 87839 88797 88912 91748 93098 93638 ,909004 451388 230396 268523 226937 387162 361533 910696 557018 204213 ,76929 84116 84850 87150 87839 88797 88912 91748 93098 93638 
848913 909045 341342 905019 598413 12112 514785 868597 599331 920013 ,111858 113581 119518 125034 128636 130940 131658 132120 132200 140050 ,848913 909045 341342 905019 598413 12112 514785 868597 599331 920013 ,111858 113581 119518 125034 128636 130940 131658 132120 132200 140050 
482118 948323 824192 576827 258406 256788 964703 620200 233192 326746 ,69482 80926 82676 83005 83151 83193 83214 86582 88626 89795 ,482118 948323 824192 576827 258406 964703 620200 233192 326746 871755 ,69482 80926 82676 83005 83151 83214 86582 88626 89795 91107 
342884 73407 55366 237412 624643 799100 367653 783760 54325 656577 ,65753 71668 71714 73628 78398 79371 83424 85032 85768 86687 ,342884 73407 55366 237412 624643 799100 367653 54325 656577 144704 ,65753 71668 71714 73628 78398 79371 83424 85768 86687 86896 
62879 62798 856836 812260 36695 900484 836001 835328 663794 813663 ,114995 117288 118857 123439 148394 158332 168124 169081 193629 202596 ,62879 62798 856836 812260 36695 900484 836001 835328 663794 813663 ,114995 117288 118857 123439 148394 158332 168124 169081 193629 202596 
349872 218181 739372 230167 25947 468220 517070 425831 989034 516940 ,67910 68295 70433 71062 74446 74456 77584 80569 82019 82041 ,349872 218181 739372 230167 25947 468220 517070 425831 516940 231119 ,67910 68295 70433 71062 74446 74456 77584 80569 82041 84156 
519848 273057 104295 358243 513871 507785 9324 160296 259902 139967 ,63359 76270 76902 79452 80279 81225 82152 84633 85408 86010 ,519848 273057 104295 358243 513871 507785 9324 160296 259902 139967 ,63359 76270 76902 79452 80279 81225 82152 84633 85408 86010 
555504 115335 266811 351584 204929 19635 457469 930478 306222 404684 ,89227 90952 121695 124287 124467 129081 129605 130428 130603 130870 ,555504 115335 266811 351584 204929 19635 457469 930478 306222 404684 ,89227 90952 121695 124287 124467 129081 129605 130428 130603 130870 
285770 14670 423619 14094 12726 552266 299597 924282 526279 97252 ,30639 35804 41354 43374 43504 44186 45899 46747 46791 47708 ,285770 14670 423619 14094 12726 552266 299597 924282 526279 97252 ,30639 35804 41354 43374 43504 44186 45899 46747 46791 47708 
632612 121969 505893 890359 71235 504 398493 899658 705486 887501 ,41297 53405 53433 54993 55011 55279 56035 56060 57294 57482 ,632612 121969 505893 890359 71235 504 398493 899658 887501 225401 ,41297 53405 53433 54993 55011 55279 56035 56060 57482 57523 
496755 242101 62764 61806 543710 510161 543812 729352 364601 175770 ,21556 42350 42634 45374 45419 46178 48453 48462 49290 49689 ,496755 543812 244972 175192 814679 419469 398763 809115 163668 459447 ,21556 48453 50176 50246 52031 52200 52382 52684 52833 53465 
250241 232640 502692 1478 601037 210878 518404 69129 210926 154991 ,25368 28170 28533 31215 34392 34637 35080 36317 36705 36765 ,250241 232640 502692 1478 601037 210878 518404 69129 154991 487390 ,25368 28170 28533 31215 34392 34637 35080 36317 36765 36771 
503430 558522 248631 925123 414736 904353 452573 599470 303391 690123 ,77330 77601 80982 81570 81738 82043 83642 84046 84100 84365 ,503430 558522 248631 925123 414736 904353 452573 599470 303391 690123 ,77330 77601 80982 81570 81738 82043 83642 84046 84100 84365 
487800 795157 351422 292159 94394 355138 528603 526581 497278 279727 ,35284 36988 37602 38440 38487 38873 42261 42471 42617 42657 ,487800 795157 351422 292159 94394 355138 528603 526581 497278 279727 ,35284 36988 37602 38440 38487 38873 42261 42471 42617 42657 
805288 397109 632906 635216 514791 99523 405970 188327 745955 823422 ,35344 46130 50355 51706 54174 55490 55825 56249 56276 57116 ,805288 397109 632906 635216 514791 99523 405970 188327 745955 823422 ,35344 46130 50355 51706 54174 55490 55825 56249 56276 57116 
502443 502405 497319 496890 573974 499203 496837 278827 502542 337906 ,15025 15584 16517 19617 20715 21178 21304 21689 22793 23470 ,502443 502405 497319 496890 573974 499203 496837 278827 502542 337906 ,15025 15584 16517 19617 20715 21178 21304 21689 22793 23470 
936527 668165 875290 209541 959649 770844 921200 259686 561204 843404 ,51451 51786 54219 55528 56283 58077 59968 63954 64206 65635 ,936527 668165 875290 209541 959649 770844 921200 259686 561204 843404 ,51451 51786 54219 55528 56283 58077 59968 63954 64206 65635 
743738 269215 800577 509011 825044 770834 481858 193434 539737 596614 ,47827 49017 51631 51999 54594 55684 56094 56139 56338 56771 ,743738 269215 800577 509011 825044 770834 481858 193434 539737 596614 ,47827 49017 51631 51999 54594 55684 56094 56139 56338 56771 
488321 497858 79436 236283 83007 309613 790376 309543 390938 799415 ,15221 33171 34109 43120 44511 44766 47838 48069 49340 49619 ,488321 79436 236283 83007 309613 790376 309543 390938 799415 266330 ,15221 34109 43120 44511 44766 47838 48069 49340 49619 50831 
37854 753998 54475 477640 227291 124066 845963 37787 911982 79455 ,29197 31097 31923 32170 34810 35832 36274 36942 37922 38640 ,37854 753998 54475 477640 227291 124066 845963 37787 911982 79455 ,29197 31097 31923 32170 34810 35832 36274 36942 37922 38640 
637404 58725 573982 480469 806558 170218 806753 158178 337123 784946 ,45409 45835 47027 47448 48074 50504 50749 51902 52997 53734 ,637404 58725 573982 806558 806753 337123 361724 467771 910806 419403 ,45409 45835 47027 48074 50749 52997 54058 55190 55484 56475 
503535 490081 363697 152343 525295 99808 502231 502295 496725 606874 ,24049 24935 26430 27294 27408 27906 28828 29247 29368 29425 ,503535 490081 363697 152343 525295 99808 502231 502295 496725 606874 ,24049 24935 26430 27294 27408 27906 28828 29247 29368 29425 
326392 711729 497438 828256 710945 597392 330068 828254 348369 689584 ,46312 48456 49182 53078 55940 57071 57795 58005 58829 59864 ,326392 711729 497438 828256 710945 597392 330068 828254 348369 689584 ,46312 48456 49182 53078 55940 57071 57795 58005 58829 59864 
247761 487689 518504 526193 157261 732567 787640 606876 621991 99040 ,30537 31343 32247 33581 33756 34466 34693 35180 35509 35727 ,247761 487689 526193 157261 732567 787640 606876 621991 99040 502692 ,30537 31343 33581 33756 34466 34693 35180 35509 35727 36907 
514409 391456 501843 633356 877741 466740 174165 789338 453902 988068 ,72079 85704 87270 87955 89359 89744 89938 90213 90615 90682 ,514409 391456 501843 633356 877741 466740 174165 789338 453902 988068 ,72079 85704 87270 87955 89359 89744 89938 90213 90615 90682 
95461 782408 339937 990274 293540 328251 762080 941961 59866 344173 ,38027 42441 48162 49350 50856 51256 55426 57868 58931 59594 ,95461 782408 339937 990274 293540 328251 762080 941961 344173 444164 ,38027 42441 48162 49350 50856 51256 55426 57868 59594 61930 
560985 689462 842245 610277 125291 186834 967031 368770 789439 699279 ,45786 58022 62401 64993 69158 69879 71603 71937 72937 73419 ,689462 842245 610277 125291 186834 967031 368770 789439 534222 192910 ,58022 62401 64993 69158 69879 71603 71937 72937 74147 74561 
58662 294814 541137 354671 572084 439124 411330 267720 434262 389366 ,52184 57532 64525 68742 70001 70068 71002 74065 74413 75456 ,58662 294814 541137 354671 572084 439124 411330 267720 434262 389366 ,52184 57532 64525 68742 70001 70068 71002 74065 74413 75456 
16845 352601 839101 233097 619872 204962 463844 614814 405544 46545 ,48595 52193 58766 62013 64208 64689 66067 68034 68425 69390 ,16845 352601 839101 233097 619872 204962 463844 614814 405544 46545 ,48595 52193 58766 62013 64208 64689 66067 68034 68425 69390 
504151 489252 594258 341089 140259 156062 274018 223751 23127 975213 ,27710 36519 39360 41281 41326 45717 46866 47253 47555 48384 ,504151 489252 594258 341089 140259 156062 274018 223751 23127 975213 ,27710 36519 39360 41281 41326 45717 46866 47253 47555 48384 
99114 315967 558340 699021 4624 559975 559918 230414 68669 560624 ,24645 30650 31188 31302 31630 31658 32801 32945 34221 34283 ,315967 558340 699021 4624 559975 559918 230414 68669 560624 815511 ,30650 31188 31302 31630 31658 32801 32945 34221 34283 35223 
337955 912219 644099 587058 644083 91055 110466 643436 526679 563079 ,36785 36868 37305 38177 39893 41557 41751 41773 42249 42952 ,789348 29038 381666 644027 511528 63427 296129 471452 458353 101491 ,43234 48632 48835 49568 50471 50992 51125 52389 52391 52810 
152540 333494 177255 259485 108932 407084 945874 831407 747535 580459 ,72011 78533 85081 88616 88699 89669 90096 91754 93259 96762 ,152540 333494 177255 259485 108932 407084 945874 831407 747535 580459 ,72011 78533 85081 88616 88699 89669 90096 91754 93259 96762 
503488 458004 336727 280354 279728 359850 594041 292797 292754 487601 ,19423 23677 24297 26684 27871 27951 28592 29075 29312 29421 ,503488 458004 336727 280354 279728 359850 594041 292797 292754 487601 ,19423 23677 24297 26684 27871 27951 28592 29075 29312 29421 
44116 415525 295520 429411 123199 502775 95325 306187 337983 429322 ,42702 45655 47441 47762 48310 48489 48530 49823 50841 51181 ,44116 415525 295520 429411 123199 502775 95325 306187 337983 429322 ,42702 45655 47441 47762 48310 48489 48530 49823 50841 51181 
489855 325692 262892 497741 503086 167200 170029 748654 713572 601108 ,43785 52009 53086 54745 55618 59135 62600 62799 63180 63574 ,325692 262892 497741 503086 167200 748654 713572 601108 459644 354262 ,52009 53086 54745 55618 59135 62799 63180 63574 63882 65847 
46123 904536 906984 912762 853627 846165 930632 768227 633360 191113 ,22000 25516 25646 26971 28940 30270 31921 32515 32842 33281 ,46123 904536 906984 912762 853627 846165 930632 768227 633360 191113 ,22000 25516 25646 26971 28940 30270 31921 32515 32842 33281 
247472 566376 699962 238056 246627 449054 508136 247772 279201 516166 ,27682 31184 31496 32019 33877 34533 34691 35605 35797 36020 ,247472 566376 238056 246627 508136 247772 279201 497687 232642 293242 ,27682 31184 32019 33877 34691 35605 35797 36061 37983 38425 
254943 490748 919899 583672 920638 95611 637921 397793 940130 489584 ,30159 31817 37884 39066 39804 40124 40579 40622 40642 40786 ,254943 490748 583672 920638 95611 637921 397793 940130 489584 716661 ,30159 31817 39066 39804 40124 40579 40622 40642 40786 41168 
492821 833783 524583 519380 353368 201995 515537 285190 849501 482166 ,38821 49073 49268 53349 54369 56504 56733 57032 57222 58238 ,492821 833783 524583 519380 353368 201995 515537 285190 849501 482166 ,38821 49073 49268 53349 54369 56504 56733 57032 57222 58238 
272793 273455 310059 522410 682086 340140 238768 488945 219506 562751 ,59800 64875 70349 71676 71835 72077 79187 81846 82442 82969 ,272793 273455 310059 522410 340140 238768 488945 219506 562751 63031 ,59800 64875 70349 71676 72077 79187 81846 82442 82969 83295 
305267 503487 565333 351093 95359 246585 293852 563989 502388 1945 ,21726 22299 24442 25701 27282 27576 28272 28303 29233 29563 ,305267 503487 565333 351093 95359 246585 293852 563989 502388 1945 ,21726 22299 24442 25701 27282 27576 28272 28303 29233 29563 
88615 86670 92530 80993 517520 516599 515539 90605 998079 155221 ,37250 38941 40933 47059 47724 48224 48249 50386 50659 52044 ,88615 80993 90605 79112 104912 431019 105919 68291 44130 724102 ,37250 47059 50386 57844 58412 58700 59289 59292 59432 60512 
427295 802293 629392 600259 629185 117385 431446 500402 975532 420952 ,68169 68893 72512 72915 73488 73776 74191 74228 74810 76541 ,802293 629392 600259 629185 117385 431446 500402 975532 420952 453081 ,68893 72512 72915 73488 73776 74191 74228 74810 76541 79013 
492092 478696 923496 918535 670652 449528 489968 415904 668793 490309 ,12368 27903 28546 28745 29459 30016 30709 31194 31660 31738 ,492092 478696 923496 918535 670652 449528 489968 415904 668793 490309 ,12368 27903 28546 28745 29459 30016 30709 31194 31660 31738 
400676 377992 515895 844269 718994 357499 432375 566410 323587 94749 ,62506 70275 72958 73019 73801 74917 75557 75659 76376 76616 ,400676 377992 515895 844269 718994 357499 432375 566410 323587 94749 ,62506 70275 72958 73019 73801 74917 75557 75659 76376 76616 
333228 209124 380379 413733 367307 408265 403508 288118 317009 405932 ,56756 58434 61937 62378 62736 64765 64934 65056 65501 65527 ,333228 209124 380379 413733 367307 408265 403508 288118 317009 405932 ,56756 58434 61937 62378 62736 64765 64934 65056 65501 65527 
781677 260558 669553 463434 26790 254005 373713 666883 281102 199178 ,47552 48303 51495 51850 52243 53297 53654 54021 54201 54229 ,781677 260558 669553 463434 26790 254005 373713 666883 281102 199178 ,47552 48303 51495 51850 52243 53297 53654 54021 54201 54229 
96630 31151 152566 746281 524701 808104 854007 709053 241718 104697 ,53257 61155 63307 66076 68490 69066 69506 72464 72599 72645 ,96630 31151 152566 746281 524701 808104 854007 709053 241718 104697 ,53257 61155 63307 66076 68490 69066 69506 72464 72599 72645 
764712 514991 22078 96299 741077 880650 546636 143728 518323 214302 ,61967 69727 77660 78441 80554 81096 83345 84150 85364 85501 ,764712 514991 22078 96299 741077 880650 143728 518323 214302 573915 ,61967 69727 77660 78441 80554 81096 84150 85364 85501 86001 
85425 83591 364036 806696 756152 87479 548545 85906 484825 287994 ,35085 35590 47119 47941 51271 51427 51676 51984 52735 52951 ,85425 83591 364036 806696 756152 87479 548545 85906 484825 287994 ,35085 35590 47119 47941 51271 51427 51676 51984 52735 52951 
169012 306706 352195 804756 397777 696823 973196 665295 875007 332105 ,75537 79566 79858 81032 83124 89499 89697 90583 90742 91302 ,169012 306706 352195 804756 397777 696823 973196 665295 875007 332105 ,75537 79566 79858 81032 83124 89499 89697 90583 90742 91302 
173996 962867 406278 552555 325046 744988 426885 904754 465129 233250 ,48469 49026 57094 57367 57787 60953 62357 62735 64216 64924 ,173996 962867 406278 552555 325046 744988 426885 904754 465129 233250 ,48469 49026 57094 57367 57787 60953 62357 62735 64216 64924 
791462 914907 922179 450039 100292 516615 547411 244500 498080 243581 ,42729 43950 44654 44667 45461 47357 48040 48665 49676 49681 ,791462 914907 922179 450039 100292 516615 547411 244500 498080 243581 ,42729 43950 44654 44667 45461 47357 48040 48665 49676 49681 
435103 153393 573643 513168 763266 347566 291427 365941 69092 338762 ,43376 44489 47238 48015 49963 52273 54918 55341 56448 56911 ,435103 153393 573643 513168 763266 347566 291427 365941 69092 338762 ,43376 44489 47238 48015 49963 52273 54918 55341 56448 56911 
170960 170263 508752 306641 533013 439777 96603 307016 550631 281772 ,50974 55316 61039 64066 65899 66143 66308 66744 67658 68395 ,170960 508752 306641 533013 439777 96603 307016 281772 3189 97262 ,50974 61039 64066 65899 66143 66308 66744 68395 69430 69442 
586147 175148 845764 305008 122142 130970 485194 31520 227932 202359 ,47540 51629 53982 54945 56272 59231 59310 60101 60361 62013 ,586147 175148 845764 305008 122142 130970 485194 31520 227932 202359 ,47540 51629 53982 54945 56272 59231 59310 60101 60361 62013 
586286 440796 97918 266787 686065 765320 863885 851644 186093 855074 ,75964 80599 80949 83679 92895 94454 96118 99200 99739 100605 ,586286 440796 97918 266787 686065 765320 863885 851644 186093 855074 ,75964 80599 80949 83679 92895 94454 96118 99200 99739 100605 
187994 438187 770821 839147 129239 673352 780660 343997 743055 659759 ,65972 74289 77729 79053 79640 80559 80656 80925 82023 82207 ,187994 438187 770821 839147 673352 780660 343997 743055 659759 956995 ,65972 74289 77729 79053 80559 80656 80925 82023 82207 85257 
490582 166677 147325 105331 399772 620014 413626 34427 402350 255975 ,40522 73842 75169 75662 77022 77348 78753 79209 81182 81300 ,490582 147325 105331 399772 620014 413626 34427 402350 255975 309865 ,40522 75169 75662 77022 77348 78753 79209 81182 81300 81529 
901907 303162 230578 375886 406717 152764 790435 477725 593155 707626 ,46965 55343 57903 59603 61269 64478 68181 69269 71945 72679 ,901907 303162 230578 375886 406717 152764 790435 477725 593155 707626 ,46965 55343 57903 59603 61269 64478 68181 69269 71945 72679 
602480 125084 472414 280763 111896 678450 132728 485111 719125 677289 ,47396 48352 50475 56777 57044 57526 57918 59292 60021 60392 ,602480 125084 472414 280763 111896 678450 132728 485111 719125 677289 ,47396 48352 50475 56777 57044 57526 57918 59292 60021 60392 
991056 540615 29980 364390 82812 851790 488916 547001 469484 636835 ,22095 24890 25374 26565 27000 27115 27838 28730 28733 28794 ,991056 540615 29980 364390 82812 851790 488916 547001 469484 636835 ,22095 24890 25374 26565 27000 27115 27838 28730 28733 28794 
738989 91596 278974 640766 410005 280018 152215 106331 15219 451895 ,33474 47610 47627 47846 49215 53004 53758 54142 54524 55020 ,738989 91596 278974 640766 410005 280018 152215 106331 15219 451895 ,33474 47610 47627 47846 49215 53004 53758 54142 54524 55020 
83468 363445 79037 94706 254067 321987 44042 496735 279080 12727 ,20283 24521 24579 25380 28760 29060 29066 31408 31517 31664 ,83468 363445 79037 94706 254067 321987 44042 496735 279080 12727 ,20283 24521 24579 25380 28760 29060 29066 31408 31517 31664 
181580 401186 737293 664774 898181 476378 322896 3164 699555 337411 ,81012 84818 90284 90319 92473 92922 94945 96229 96299 96306 ,181580 401186 737293 664774 898181 476378 322896 3164 699555 337411 ,81012 84818 90284 90319 92473 92922 94945 96229 96299 96306 
492556 492963 42828 42971 494050 57778 759990 664775 499205 535054 ,4673 22536 30283 31539 33636 35963 36207 36328 36979 37040 ,492556 492963 42828 42971 494050 57778 664775 499205 535054 42636 ,4673 22536 30283 31539 33636 35963 36328 36979 37040 37068 
291427 495940 226118 435103 364741 499756 204331 68472 809503 791414 ,52836 55566 56074 57118 60222 61384 61388 63127 63736 63997 ,291427 495940 226118 435103 364741 499756 204331 68472 809503 791414 ,52836 55566 56074 57118 60222 61384 61388 63127 63736 63997 
430047 93490 423858 389613 573445 22647 573389 610930 699906 452500 ,61539 62584 62645 62988 63259 63526 63572 64095 64781 65045 ,430047 93490 423858 389613 573445 22647 573389 610930 699906 452500 ,61539 62584 62645 62988 63259 63526 63572 64095 64781 65045 
500669 492554 239907 509594 141326 240959 737819 487303 14775 856606 ,10578 12005 37067 44309 45238 47441 48806 50182 52876 53408 ,500669 492554 239907 509594 141326 487303 14775 856606 519850 806274 ,10578 12005 37067 44309 45238 50182 52876 53408 55472 55498 
107304 346743 613931 613753 745022 739511 108162 735605 836727 981030 ,54277 59722 67390 68399 72358 72977 73951 76055 77050 78508 ,107304 346743 613931 613753 745022 739511 108162 735605 836727 217660 ,54277 59722 67390 68399 72358 72977 73951 76055 77050 78873 
500550 273869 931318 841211 510049 957115 545310 921068 859869 99699 ,40591 50832 52307 52669 53000 53229 54765 55756 57571 57630 ,500550 273869 931318 841211 510049 957115 545310 921068 859869 99699 ,40591 50832 52307 52669 53000 53229 54765 55756 57571 57630 
352612 448126 627915 229687 516552 893218 427345 833815 385767 426663 ,34887 45774 46153 50810 52420 52600 57113 65079 65334 69497 ,352612 448126 627915 229687 516552 893218 427345 833815 385767 426663 ,34887 45774 46153 50810 52420 52600 57113 65079 65334 69497 
515790 913026 64441 732063 864609 832427 938564 464185 129154 619458 ,58808 67930 71654 73000 74887 76565 77569 77951 79105 79364 ,515790 913026 64441 732063 864609 832427 938564 464185 129154 619458 ,58808 67930 71654 73000 74887 76565 77569 77951 79105 79364 
514667 516463 784882 249261 284476 356174 961375 919847 993778 305031 ,32782 32850 33322 37730 39282 41702 42708 42864 43289 44115 ,514667 516463 784882 249261 284476 356174 961375 919847 993778 305031 ,32782 32850 33322 37730 39282 41702 42708 42864 43289 44115 
208029 772320 63170 820237 978529 196475 248026 905082 888775 192587 ,56826 63333 65878 67978 68555 70085 73176 73509 73511 73872 ,208029 772320 63170 820237 978529 196475 248026 905082 888775 192587 ,56826 63333 65878 67978 68555 70085 73176 73509 73511 73872 
517452 519722 650500 527165 246423 890244 484727 300131 701782 137192 ,61108 66281 72644 74265 75162 78858 79377 79654 79728 79799 ,517452 650500 527165 246423 890244 484727 300131 701782 137192 87001 ,61108 72644 74265 75162 78858 79377 79654 79728 79799 80304 
916242 67144 128920 850981 99964 698762 732084 761395 509004 595437 ,62032 66826 67435 79808 84063 101291 108805 110984 111958 112617 ,916242 67144 128920 850981 99964 698762 732084 761395 509004 595437 ,62032 66826 67435 79808 84063 101291 108805 110984 111958 112617 
228315 280523 609697 257497 732220 170537 292100 280422 548867 530661 ,56693 56858 57333 58629 59728 59783 63855 64509 65079 65202 ,228315 280523 609697 257497 732220 170537 292100 280422 548867 530661 ,56693 56858 57333 58629 59728 59783 63855 64509 65079 65202 
932924 232380 696621 231559 773314 462416 668823 162951 747635 929822 ,53552 58602 59984 63824 64660 65141 65950 67958 68036 70091 ,232380 96656 808931 210167 43808 540112 226422 595453 143556 483901 ,58602 70337 70424 70784 71231 73252 78340 79575 80044 82736 
942614 503281 995703 94419 192661 309925 520088 787805 410005 124580 ,57475 69866 72733 72837 73830 74212 76312 76808 79670 80248 ,942614 503281 995703 94419 192661 309925 520088 787805 410005 124580 ,57475 69866 72733 72837 73830 74212 76312 76808 79670 80248 
545996 434816 318154 225971 545599 212711 15105 191301 948361 843365 ,38045 41193 42120 43473 43831 50465 50921 51517 52240 52329 ,545996 434816 318154 545599 212711 15105 191301 843365 978862 425720 ,38045 41193 42120 43831 50465 50921 51517 52329 54005 54749 
58451 756342 101019 768415 570129 620816 255423 540577 960692 128514 ,59072 64385 64976 69470 69706 69838 70117 70408 70548 71251 ,58451 756342 101019 768415 570129 620816 255423 540577 960692 128514 ,59072 64385 64976 69470 69706 69838 70117 70408 70548 71251 
860588 751013 247672 534146 247528 20217 16024 20323 681458 869031 ,34103 34308 38077 39325 39734 40867 40949 41842 42426 42698 ,860588 751013 247672 534146 247528 20217 16024 20323 681458 869031 ,34103 34308 38077 39325 39734 40867 40949 41842 42426 42698 
564975 679483 378243 276956 18722 515204 304368 601765 779191 412352 ,59999 65035 72862 73047 73313 73889 74229 74288 76612 79057 ,564975 679483 378243 276956 18722 515204 304368 601765 412352 650007 ,59999 65035 72862 73047 73313 73889 74229 74288 79057 79058 
746994 324921 491333 201964 266242 621745 350680 694018 277426 887322 ,45390 54192 54344 61408 61408 61945 62252 63335 63424 64501 ,746994 324921 491333 266242 201964 621745 350680 694018 277426 887322 ,45390 54192 54344 61408 61408 61945 62252 63335 63424 64501 
180506 905074 732929 699260 533305 763944 16525 631106 239160 816952 ,71601 74156 74427 75573 79365 80101 81909 82684 82782 84814 ,180506 905074 732929 699260 533305 763944 16525 631106 239160 816952 ,71601 74156 74427 75573 79365 80101 81909 82684 82782 84814 
205050 269328 227550 246693 965569 301239 525117 287046 309152 770600 ,31900 31900 33434 33608 34626 35149 36896 37357 37974 38180 ,205050 269328 227550 246693 965569 301239 525117 287046 309152 770600 ,31900 31900 33434 33608 34626 35149 36896 37357 37974 38180 
583382 171806 175965 865887 164674 172172 819819 155552 960856 925703 ,48688 50420 50847 51258 51836 52171 52301 52345 53181 53233 ,583382 171806 175965 865887 164674 172172 819819 155552 960856 925703 ,48688 50420 50847 51258 51836 52171 52301 52345 53181 53233 
46403 109680 347804 499653 359562 434873 411667 362295 124056 95691 ,26732 54984 72833 74763 82908 83299 84558 86946 87011 90208 ,46403 109680 347804 499653 359562 434873 411667 362295 124056 95691 ,26732 54984 72833 74763 82908 83299 84558 86946 87011 90208 
541684 855074 493429 460876 214356 857893 833336 913400 440623 975647 ,53200 53764 54340 63095 63680 66162 67161 67316 67385 67507 ,541684 855074 493429 460876 214356 857893 833336 913400 440623 975647 ,53200 53764 54340 63095 63680 66162 67161 67316 67385 67507 
507056 804732 344210 396522 181462 629643 765753 962955 202806 4286 ,78077 90304 96843 98944 101015 101684 103321 104433 106986 107184 ,507056 804732 344210 396522 181462 629643 765753 962955 202806 4286 ,78077 90304 96843 98944 101015 101684 103321 104433 106986 107184 
500077 864490 528878 796679 734918 32639 81665 3544 70682 429723 ,79501 82243 83307 84348 85129 86293 88009 89664 90993 91364 ,500077 864490 528878 796679 734918 32639 81665 3544 70682 429723 ,79501 82243 83307 84348 85129 86293 88009 89664 90993 91364 
500371 835926 836276 506770 404471 365330 324975 106638 152704 72479 ,37222 56213 56822 60156 67246 67689 68006 68953 69042 69461 ,500371 835926 836276 506770 404471 365330 324975 106638 152704 72479 ,37222 56213 56822 60156 67246 67689 68006 68953 69042 69461 
891286 970760 428390 152019 167286 623845 60544 416317 52260 998523 ,36472 38946 39153 41182 42964 44049 45444 47562 47799 47815 ,891286 428390 152019 167286 623845 416317 52260 428632 714740 164457 ,36472 39153 41182 42964 44049 47562 47799 48079 48656 48742 
272242 488121 199462 92713 44785 149755 217678 516639 880267 734955 ,57243 64640 65219 65232 65650 68395 69550 72743 74400 74560 ,272242 488121 199462 92713 44785 149755 217678 516639 880267 734955 ,57243 64640 65219 65232 65650 68395 69550 72743 74400 74560 
82090 306383 299464 746791 430252 278030 487404 742221 305739 506453 ,39380 48490 49911 52865 55253 56312 61976 62676 62978 63443 ,82090 306383 299464 746791 430252 278030 487404 742221 305739 506453 ,39380 48490 49911 52865 55253 56312 61976 62676 62978 63443 
495821 226522 491419 215218 59136 83425 68505 275130 215707 828485 ,41168 43506 45495 52950 53464 55836 57004 57926 61161 61167 ,495821 226522 491419 215218 59136 83425 275130 215707 828485 69634 ,41168 43506 45495 52950 53464 55836 57926 61161 61167 62397 
493989 505938 498376 490554 492108 499888 505359 506852 499023 904442 ,9867 27317 27748 29550 30766 32480 32772 47387 47754 48405 ,493989 505938 498376 490554 492108 499888 505359 506852 499023 904442 ,9867 27317 27748 29550 30766 32480 32772 47387 47754 48405 
164795 51576 948664 316113 163653 213879 162904 764708 706656 899885 ,53802 57907 58349 59932 60152 61397 61866 64241 64540 64630 ,164795 51576 163653 213879 764708 706656 823658 359570 609069 960274 ,53802 57907 60152 61397 64241 64540 65069 65798 65980 66083 
783788 205065 217154 252351 532726 384110 984865 731526 48445 919308 ,65253 65322 66167 67497 68110 81829 82179 87690 88203 88517 ,783788 205065 217154 252351 532726 384110 984865 731526 48445 919308 ,65253 65322 66167 67497 68110 81829 82179 87690 88203 88517 
77004 523490 76135 577130 712696 330489 246374 229774 459330 862741 ,88315 96550 99695 100286 102657 104090 108066 112645 112817 113484 ,77004 76135 577130 712696 330489 246374 229774 459330 862741 386339 ,88315 99695 100286 102657 104090 108066 112645 112817 113484 113751 
475303 85518 173669 356683 50980 508959 683275 875619 692567 704464 ,56567 61040 62832 63371 66742 67572 67812 68003 68862 69224 ,475303 85518 173669 356683 50980 508959 683275 875619 692567 704464 ,56567 61040 62832 63371 66742 67572 67812 68003 68862 69224 
94758 693876 61744 756768 559703 905442 895564 662579 99226 254849 ,76749 87825 88522 99525 100488 105707 106710 106909 110363 111174 ,94758 693876 61744 756768 559703 905442 895564 662579 99226 254849 ,76749 87825 88522 99525 100488 105707 106710 106909 110363 111174 
942521 456767 173015 513843 719135 847236 133057 544114 60947 129525 ,66582 76271 76439 87825 94561 96084 97253 98453 100310 100842 ,942521 456767 173015 513843 719135 847236 133057 544114 60947 129525 ,66582 76271 76439 87825 94561 96084 97253 98453 100310 100842 
494853 332160 331906 591062 534232 54243 315928 371424 484828 585109 ,45186 54972 59438 61796 62474 63476 65161 65225 67851 69043 ,494853 332160 331906 591062 534232 54243 315928 371424 585109 12348 ,45186 54972 59438 61796 62474 63476 65161 65225 69043 70081 
147730 403281 796622 329230 657910 925508 661957 625070 461560 342999 ,62671 66216 68847 69429 71227 72678 73022 73633 74304 74308 ,147730 796622 329230 657910 925508 661957 625070 461560 398799 724893 ,62671 68847 69429 71227 72678 73022 73633 74304 74919 74960 
472458 52921 887492 480567 133337 962923 362482 881198 932431 320993 ,45311 45404 53887 54418 56570 56763 57964 57985 58176 59048 ,472458 52921 887492 480567 133337 962923 362482 881198 932431 320993 ,45311 45404 53887 54418 56570 56763 57964 57985 58176 59048 
494103 500976 500351 495304 482684 295886 46324 992408 515272 584722 ,35408 43865 55233 55369 58542 59782 61020 61763 62478 62569 ,494103 500976 500351 495304 482684 295886 46324 992408 515272 527318 ,35408 43865 55233 55369 58542 59782 61020 61763 62478 63042 
17700 479699 66426 251526 276521 424289 453623 810864 922643 491879 ,65081 75776 78674 79552 79623 81065 82414 82757 86671 87324 ,17700 479699 66426 251526 276521 424289 453623 810864 922643 491879 ,65081 75776 78674 79552 79623 81065 82414 82757 86671 87324 
349644 623532 722528 4579 248378 539247 876673 55521 734898 595170 ,111909 126425 129652 137082 142033 145484 149319 150812 152361 157227 ,349644 623532 722528 4579 248378 539247 876673 55521 734898 595170 ,111909 126425 129652 137082 142033 145484 149319 150812 152361 157227 
565748 64610 864180 542177 549840 209638 889665 335524 240959 893796 ,85696 90400 94999 96778 99232 102404 103266 103709 106065 108035 ,565748 64610 864180 542177 549840 209638 889665 335524 240959 893796 ,85696 90400 94999 96778 99232 102404 103266 103709 106065 108035 
939903 21110 893448 530110 239083 426310 656057 599662 153329 383200 ,107475 124054 130421 137607 141121 141281 144845 146274 148337 152263 ,939903 21110 893448 530110 239083 426310 656057 599662 153329 383200 ,107475 124054 130421 137607 141121 141281 144845 146274 148337 152263 
554092 633165 172449 466765 340393 395641 241080 411371 199834 303317 ,67100 67381 72403 74721 75530 75645 76423 76992 77162 77414 ,554092 633165 466765 340393 395641 241080 411371 199834 303317 271623 ,67100 67381 74721 75530 75645 76423 76992 77162 77414 78322 
505013 336751 89638 531312 227486 441029 391745 351174 435444 892709 ,24712 26945 33016 33104 35269 40572 41081 41346 41837 42066 ,505013 336751 89638 531312 227486 441029 391745 351174 435444 892709 ,24712 26945 33016 33104 35269 40572 41081 41346 41837 42066 
684146 107165 659149 80539 129998 452455 566344 253752 628141 716557 ,24355 28497 29961 31258 34094 35622 36463 37210 37445 37921 ,684146 107165 659149 80539 129998 452455 566344 253752 628141 716557 ,24355 28497 29961 31258 34094 35622 36463 37210 37445 37921 
115705 529386 449192 65884 506516 599083 892717 527587 181040 294375 ,46100 50259 52195 52288 54568 54662 59934 61668 61854 62153 ,115705 529386 449192 65884 506516 599083 892717 527587 181040 294375 ,46100 50259 52195 52288 54568 54662 59934 61668 61854 62153 
150140 183495 579834 119902 388385 590917 943826 606364 611783 160548 ,55540 59522 59822 60296 63621 63868 64093 64697 65738 67768 ,150140 183495 579834 119902 388385 590917 606364 611783 160548 19845 ,55540 59522 59822 60296 63621 63868 64697 65738 67768 67836 
379342 502144 82856 703517 485592 526255 757444 343125 598086 566119 ,50809 62748 64777 65475 67054 70510 70629 73671 74096 75669 ,379342 502144 82856 703517 485592 526255 757444 343125 598086 566119 ,50809 62748 64777 65475 67054 70510 70629 73671 74096 75669 
776381 292088 480213 342431 354184 247392 22261 307256 280527 903495 ,36218 39329 40919 41253 41581 42836 43969 43991 44864 45197 ,776381 292088 480213 342431 354184 247392 22261 307256 280527 903495 ,36218 39329 40919 41253 41581 42836 43969 43991 44864 45197 
290437 290991 426818 527194 366732 525294 376134 210836 690272 599453 ,54294 54558 58913 58922 58950 58951 58960 59009 59042 59310 ,290437 290991 426818 527194 366732 525294 376134 210836 690272 599453 ,54294 54558 58913 58922 58950 58951 58960 59009 59042 59310 
421151 718780 77848 386237 525843 693889 67604 213653 832680 482892 ,74139 82840 84139 84503 85521 86342 86583 88381 89215 90642 ,421151 718780 77848 386237 525843 693889 67604 213653 832680 482892 ,74139 82840 84139 84503 85521 86342 86583 88381 89215 90642 
811809 829884 343066 473477 135143 203575 64425 851642 256052 949207 ,84043 86692 93813 94504 95759 97122 99277 99992 100449 102177 ,811809 829884 343066 473477 135143 203575 64425 851642 256052 417661 ,84043 86692 93813 94504 95759 97122 99277 99992 100449 102424 
378183 889154 563266 595713 391716 193275 877828 881713 888133 266497 ,88377 90732 91873 92649 92942 99053 100376 102263 102899 107666 ,378183 889154 563266 595713 391716 193275 877828 881713 888133 266497 ,88377 90732 91873 92649 92942 99053 100376 102263 102899 107666 
72888 500976 59755 482684 46225 414309 59419 515272 494103 60842 ,48099 56047 58428 60786 61483 62550 62703 64156 66166 67808 ,72888 500976 59755 482684 46225 414309 59419 515272 494103 60842 ,48099 56047 58428 60786 61483 62550 62703 64156 66166 67808 
491784 489515 489879 494685 503685 514998 793166 102144 141216 123914 ,30941 31678 34138 37515 38104 39576 42322 42451 42748 42827 ,491784 489515 489879 494685 503685 514998 102144 141216 123914 162703 ,30941 31678 34138 37515 38104 39576 42451 42748 42827 43222 
383262 320756 811658 476012 501560 334654 34443 51935 824728 642064 ,46624 50228 56578 58411 63916 64708 66050 66065 66409 66499 ,383262 320756 811658 476012 501560 334654 34443 51935 824728 642064 ,46624 50228 56578 58411 63916 64708 66050 66065 66409 66499 
38346 425845 695785 38141 150140 71274 635306 605848 398018 884537 ,78560 83162 92767 109082 114423 119551 119762 120034 122150 124342 ,38346 425845 695785 38141 150140 71274 635306 605848 398018 884537 ,78560 83162 92767 109082 114423 119551 119762 120034 122150 124342 
19468 711854 727404 192236 70301 752826 614706 795275 153055 312880 ,60941 65301 66051 66742 67846 69167 69709 69832 71773 72521 ,19468 727404 192236 70301 614706 795275 312880 795236 68208 388080 ,60941 66051 66742 67846 69709 69832 72521 72681 72689 73813 
360932 520741 350537 363905 500537 151870 510266 708723 355940 479838 ,33189 34845 35106 36367 36768 37058 38582 39264 39433 40295 ,360932 520741 350537 363905 500537 151870 510266 708723 355940 987790 ,33189 34845 35106 36367 36768 37058 38582 39264 39433 40734 
860467 381658 309064 682179 573977 923217 966233 577121 62879 264484 ,104290 121938 122168 123132 132660 133177 133790 134415 135405 136333 ,860467 381658 309064 682179 573977 923217 966233 577121 62879 264484 ,104290 121938 122168 123132 132660 133177 133790 134415 135405 136333 
202178 482641 98996 244879 490433 840558 838163 774254 4021 435182 ,42487 43065 46597 49002 50615 51203 54035 54353 54869 55376 ,202178 482641 98996 244879 490433 840558 838163 774254 4021 435182 ,42487 43065 46597 49002 50615 51203 54035 54353 54869 55376 
948770 230946 895563 97794 507178 833857 886845 749848 660941 433679 ,52907 54335 54786 57642 58530 59200 59445 59735 60402 61984 ,948770 230946 895563 97794 507178 833857 886845 749848 660941 433679 ,52907 54335 54786 57642 58530 59200 59445 59735 60402 61984 
116604 497354 825538 523040 30071 305027 716523 830709 615774 567735 ,24119 24171 25848 29998 30112 30775 30854 31350 31545 31880 ,116604 497354 825538 523040 30071 305027 716523 830709 615774 567735 ,24119 24171 25848 29998 30112 30775 30854 31350 31545 31880 
883260 776737 640340 254510 74646 103658 443651 584092 955101 641819 ,40785 43400 48547 49347 50875 51093 54028 55503 55674 56762 ,883260 776737 640340 254510 74646 103658 443651 584092 955101 641819 ,40785 43400 48547 49347 50875 51093 54028 55503 55674 56762 
351049 689652 321939 46015 958752 292772 770602 746122 278782 475159 ,38851 40652 47830 54382 55782 55816 56137 56489 56570 57573 ,351049 689652 321939 46015 958752 292772 770602 746122 278782 475159 ,38851 40652 47830 54382 55782 55816 56137 56489 56570 57573 
95603 503487 546373 864975 83194 733211 66492 524628 336248 499271 ,40041 42226 49923 50883 51564 51646 52218 52333 52648 52652 ,66492 524628 381366 81834 487690 916979 492068 527448 589400 124045 ,52218 52333 58465 59986 61890 62560 63013 63271 65044 65058 
386938 169516 860823 377342 688789 946970 106336 524055 431436 365487 ,82437 82635 82898 84016 87326 91147 91482 93746 95015 95665 ,386938 169516 860823 377342 688789 946970 106336 524055 431436 365487 ,82437 82635 82898 84016 87326 91147 91482 93746 95015 95665 
490209 379459 207373 272577 82718 245334 770264 261917 92448 528533 ,48140 61709 62751 63138 63461 64150 67511 67748 68588 68772 ,490209 379459 207373 272577 82718 245334 770264 261917 92448 528533 ,48140 61709 62751 63138 63461 64150 67511 67748 68588 68772 
411280 218138 903852 985761 561074 682045 5400 217764 63170 571443 ,36496 39812 40528 40607 45076 47630 49572 50443 51683 56543 ,411280 218138 903852 985761 561074 682045 5400 217764 63170 571443 ,36496 39812 40528 40607 45076 47630 49572 50443 51683 56543 
799506 442199 304103 600975 993340 552943 240525 356810 353457 754770 ,37315 38327 42583 42778 43846 44521 46820 47680 49801 50636 ,799506 442199 304103 600975 993340 552943 240525 356810 353457 754770 ,37315 38327 42583 42778 43846 44521 46820 47680 49801 50636 
693646 484031 328413 733721 300338 267829 978464 354478 183648 404827 ,102155 125035 129233 130289 131866 133124 133175 139387 139541 140921 ,693646 484031 328413 733721 300338 267829 978464 354478 183648 404827 ,102155 125035 129233 130289 131866 133124 133175 139387 139541 140921 
283927 493533 345556 18369 409135 463588 126812 475229 485194 366219 ,67272 69462 72179 73402 74699 75688 78832 78989 79610 81515 ,283927 493533 345556 18369 409135 463588 126812 475229 485194 366219 ,67272 69462 72179 73402 74699 75688 78832 78989 79610 81515 
640683 414927 572526 494858 310184 541949 820564 800104 863506 310601 ,68380 71564 71830 73113 74082 75978 80365 81118 81326 81950 ,640683 414927 572526 494858 310184 541949 820564 800104 863506 310601 ,68380 71564 71830 73113 74082 75978 80365 81118 81326 81950 
293828 423162 750988 473408 473563 293922 982705 807312 496411 823744 ,43669 45229 45411 46079 47430 47618 47787 49297 49352 49539 ,473408 982705 736430 977558 144353 733181 200221 264499 352932 362320 ,46079 47787 50204 50458 50628 50759 50851 50851 51065 52249 
151972 412812 689886 26679 242413 221842 429871 305388 175475 558736 ,24822 27239 27939 30621 30825 30944 31040 31438 32305 33305 ,151972 412812 689886 26679 242413 221842 429871 305388 175475 558736 ,24822 27239 27939 30621 30825 30944 31040 31438 32305 33305 
580956 934041 275158 470734 553723 575274 986055 670400 713102 632729 ,74231 80957 83601 85803 88064 89020 90255 90425 90993 91976 ,580956 934041 275158 470734 553723 575274 986055 670400 713102 632729 ,74231 80957 83601 85803 88064 89020 90255 90425 90993 91976 
150753 796790 63400 237178 727276 90190 973786 64591 196376 728831 ,63706 67309 68047 69024 69038 69447 71571 71995 72039 73173 ,150753 796790 63400 237178 727276 90190 973786 196376 728831 459563 ,63706 67309 68047 69024 69038 69447 71571 72039 73173 74962 
426464 694097 350618 723193 420779 167784 179870 96619 532570 279910 ,48400 48503 53470 53568 53993 55303 55527 56190 57503 58073 ,426464 694097 350618 723193 420779 167784 179870 96619 532570 279910 ,48400 48503 53470 53568 53993 55303 55527 56190 57503 58073 
396416 369737 231791 75305 4138 594119 4129 432526 485208 830837 ,105062 109016 115605 116551 119946 123292 124327 125229 125724 127174 ,396416 369737 231791 75305 4138 594119 4129 432526 485208 830837 ,105062 109016 115605 116551 119946 123292 124327 125229 125724 127174 
733898 768881 967303 222713 563695 750734 338410 656366 577873 842670 ,76482 79767 80277 83775 84818 87894 88535 89763 92611 92784 ,733898 768881 967303 222713 563695 750734 338410 656366 577873 842670 ,76482 79767 80277 83775 84818 87894 88535 89763 92611 92784 
29640 535056 17039 796438 183059 642362 210241 294471 127361 338599 ,64851 66730 73251 78884 80934 81790 82070 82763 85496 87056 ,29640 535056 17039 796438 183059 642362 210241 294471 127361 338599 ,64851 66730 73251 78884 80934 81790 82070 82763 85496 87056 
968397 202278 531915 434516 897013 90069 982026 723158 651064 481264 ,58759 59456 59549 59613 61717 62951 63211 64226 64546 64702 ,968397 202278 531915 434516 897013 90069 982026 723158 651064 481264 ,58759 59456 59549 59613 61717 62951 63211 64226 64546 64702 
588394 820872 801920 501980 867933 206490 691567 383436 504459 205287 ,57468 58400 62204 63735 63800 64007 64824 65618 65908 66214 ,588394 820872 801920 501980 867933 206490 691567 383436 504459 205287 ,57468 58400 62204 63735 63800 64007 64824 65618 65908 66214 
197829 730808 872766 795295 505029 376244 265435 385520 384110 798497 ,44866 52525 55244 57381 61640 63766 64000 64488 64746 66292 ,197829 730808 872766 505029 376244 265435 385520 384110 798497 78871 ,44866 52525 55244 61640 63766 64000 64488 64746 66292 66530 
472415 482167 131078 337219 886085 924612 129922 264878 279796 811714 ,29573 31430 34144 36366 37062 37996 38998 39067 39270 39276 ,472415 482167 131078 337219 886085 924612 129922 264878 279796 811714 ,29573 31430 34144 36366 37062 37996 38998 39067 39270 39276 
606686 677702 926143 757805 673861 830795 791475 702274 892814 881791 ,29448 35814 36605 37650 38151 38927 40557 41176 41479 41532 ,606686 677702 926143 757805 673861 830795 791475 702274 892814 881791 ,29448 35814 36605 37650 38151 38927 40557 41176 41479 41532 
963071 487798 105706 892043 196647 913939 421803 393659 861996 251462 ,59023 59211 64175 64535 65232 67211 67412 67436 69424 71195 ,963071 487798 105706 892043 196647 913939 421803 393659 861996 251462 ,59023 59211 64175 64535 65232 67211 67412 67436 69424 71195 
724028 243691 354685 472898 570243 747868 4889 148000 278291 469222 ,33292 40523 41350 42266 42652 43086 43126 43898 43957 43995 ,724028 243691 354685 472898 570243 747868 4889 148000 278291 469222 ,33292 40523 41350 42266 42652 43086 43126 43898 43957 43995 
897731 576236 535070 494354 850398 552266 367417 741628 521504 995870 ,124517 152328 154531 180418 186431 197366 214089 215952 244995 263076 ,897731 576236 535070 494354 850398 552266 367417 741628 521504 995870 ,124517 152328 154531 180418 186431 197366 214089 215952 244995 263076 
500803 795402 499751 497250 795292 434199 14016 116562 497125 452401 ,51478 52104 58001 58041 59517 60636 62970 63017 63439 63794 ,500803 795402 499751 497250 434199 14016 116562 497125 452401 721429 ,51478 52104 58001 58041 60636 62970 63017 63439 63794 65157 
511087 510888 510932 401101 510895 462600 422583 30346 285226 151266 ,22282 24047 41631 41768 45326 45375 47830 48316 48643 48985 ,903064 101430 124890 232336 336907 165211 160811 101409 421592 1729 ,52337 53805 54035 55527 55849 55868 56164 57328 59112 59952 
752929 518787 795598 832318 292128 292074 845478 307050 784804 282424 ,38313 41100 43107 43439 43685 44541 45815 45903 48284 48337 ,292074 307050 784804 854950 473209 663238 511065 373162 527093 20904 ,44541 45903 48284 48651 48702 48733 48789 49029 49256 49421 
258329 486744 112421 549464 860215 337159 481422 564778 860310 813751 ,68228 69415 73423 74121 75446 75660 75698 75998 76451 76812 ,258329 486744 112421 549464 860215 337159 564778 860310 813751 859865 ,68228 69415 73423 74121 75446 75660 75998 76451 76812 76923 
237821 577961 589411 288774 726370 129112 510903 223152 133843 115119 ,66844 68482 70080 92742 95210 96889 97069 97167 97433 98357 ,237821 577961 589411 288774 726370 129112 510903 223152 133843 483829 ,66844 68482 70080 92742 95210 96889 97069 97167 97433 99834 
866559 243296 120295 477304 962573 244030 950998 971476 530825 257761 ,35200 44141 46608 46824 47493 47753 48000 48075 49276 49298 ,866559 243296 120295 477304 962573 244030 950998 971476 530825 257761 ,35200 44141 46608 46824 47493 47753 48000 48075 49276 49298 
160962 796770 430816 837962 281995 201472 151960 837997 745753 93532 ,47878 51824 52070 53156 54041 54451 54730 54893 55603 55829 ,160962 796770 430816 837962 281995 201472 151960 837997 745753 93532 ,47878 51824 52070 53156 54041 54451 54730 54893 55603 55829 
138899 717927 28076 340483 389601 475856 984893 407658 966178 815183 ,62349 69367 70399 71182 77947 78316 80335 82967 83659 84408 ,138899 717927 28076 340483 389601 475856 984893 407658 966178 815183 ,62349 69367 70399 71182 77947 78316 80335 82967 83659 84408 
98960 526974 526702 305214 826243 631965 526355 364120 143127 90120 ,37605 38058 38481 40930 41577 41802 41994 42105 42534 42624 ,526974 305214 826243 526355 364120 143127 90120 205702 227629 827159 ,38058 40930 41577 41994 42105 42534 42624 43007 43172 43970 
272185 932761 849913 273463 540222 503383 843822 935256 276407 934745 ,47492 52790 52978 53989 56486 57015 57449 57815 57935 58282 ,272185 932761 849913 273463 540222 503383 935256 276407 934745 522147 ,47492 52790 52978 53989 56486 57015 57815 57935 58282 58359 
512331 262305 738347 740366 424548 738340 785415 637422 753345 428532 ,16246 20712 21530 22624 26318 26438 26657 27589 27936 28122 ,512331 262305 738347 740366 424548 738340 785415 637422 753345 428532 ,16246 20712 21530 22624 26318 26438 26657 27589 27936 28122 
732573 458418 921975 458756 687701 899686 215022 284726 809877 283572 ,31234 31345 32745 33626 38331 38777 40190 41427 42170 42305 ,732573 458418 921975 458756 687701 899686 215022 284726 809877 283572 ,31234 31345 32745 33626 38331 38777 40190 41427 42170 42305 
226635 17823 928176 460385 684365 293435 459225 295385 501736 836445 ,43092 44506 44963 46165 46531 47196 47594 47631 47687 48647 ,226635 17823 928176 460385 684365 293435 459225 295385 501736 836445 ,43092 44506 44963 46165 46531 47196 47594 47631 47687 48647 
860629 409941 178609 377052 241244 80424 142228 308206 749291 238589 ,69325 69906 73032 74354 76151 77164 77298 78290 78483 79379 ,860629 409941 178609 377052 241244 80424 142228 308206 749291 238589 ,69325 69906 73032 74354 76151 77164 77298 78290 78483 79379 
364684 402159 595057 67526 584674 18957 977709 550789 978440 877034 ,80079 80641 81192 83592 86379 90318 91894 92198 92249 92500 ,364684 595057 67526 584674 18957 977709 550789 978440 399963 510198 ,80079 81192 83592 86379 90318 91894 92198 92249 93482 93629 
435353 723069 334132 684619 255455 24868 125460 30889 622806 337452 ,71956 76354 83604 89053 94351 94403 94520 98843 99234 99818 ,435353 723069 334132 684619 255455 24868 125460 30889 622806 337452 ,71956 76354 83604 89053 94351 94403 94520 98843 99234 99818 
209211 158115 983018 251267 65287 825782 228545 831672 854526 531690 ,97082 103157 110016 112556 114020 117887 120267 122006 122035 122958 ,209211 158115 983018 251267 65287 825782 228545 831672 854526 531690 ,97082 103157 110016 112556 114020 117887 120267 122006 122035 122958 
105103 97144 129851 246642 743095 659996 511337 154288 685841 663734 ,31731 33878 39356 42657 45187 45486 45995 46601 48676 49169 ,105103 154288 685841 663734 82874 197023 246611 765610 795638 105156 ,31731 46601 48676 49169 49509 49693 49945 50277 51967 52902 
124128 16532 832984 315171 742053 412133 463875 741760 16530 791392 ,25563 30793 33805 34805 36026 36155 37117 37155 38695 38925 ,124128 16532 832984 315171 742053 463875 741760 791392 350878 583691 ,25563 30793 33805 34805 36026 37117 37155 38925 39264 39388 
515549 660459 126212 58827 529585 691443 659542 84549 658494 711937 ,21158 27533 28694 31187 32130 33104 33569 34437 34530 34650 ,489148 471784 305131 784790 154506 217520 501915 424834 261862 552266 ,39127 40190 41312 42433 43164 45076 45178 45572 47115 47327 
621621 458644 313602 365407 85199 178447 82241 429991 551752 367423 ,55310 66949 67112 73307 73411 76842 77546 78993 82033 86918 ,621621 458644 313602 365407 85199 178447 82241 429991 551752 367423 ,55310 66949 67112 73307 73411 76842 77546 78993 82033 86918 
931623 861766 259474 112134 401688 381252 919824 867502 130138 168617 ,65537 67823 70056 71224 71261 71360 73152 73285 73547 73904 ,931623 861766 259474 112134 401688 381252 919824 867502 130138 168617 ,65537 67823 70056 71224 71261 71360 73152 73285 73547 73904 
188705 646318 724081 115441 79553 427601 139286 780355 169903 307314 ,56720 58130 62979 63235 65043 67887 68269 72461 73027 73255 ,188705 646318 724081 115441 79553 427601 139286 780355 169903 307314 ,56720 58130 62979 63235 65043 67887 68269 72461 73027 73255 
716273 583753 56046 921093 416364 617961 611391 252390 747896 869935 ,25492 27033 30863 33967 34869 35175 36419 36717 37406 38082 ,716273 583753 56046 921093 416364 617961 611391 252390 747896 869935 ,25492 27033 30863 33967 34869 35175 36419 36717 37406 38082 
513333 137295 323087 586272 778180 902860 774336 587451 631747 813745 ,32188 36117 39081 40829 41500 41925 42132 42288 42632 42882 ,586272 774336 813745 112952 173275 102004 701076 364998 878335 743974 ,40829 42132 42882 45437 45610 46156 47648 49027 50212 51594 
696822 961382 289326 506071 682284 21799 961789 707545 68726 738897 ,59481 59593 59726 61807 62855 63864 64282 64986 65856 66710 ,696822 961382 289326 506071 682284 21799 961789 707545 68726 738897 ,59481 59593 59726 61807 62855 63864 64282 64986 65856 66710 
512312 513152 512393 406410 399443 290121 602968 301276 294882 725452 ,17407 21164 21639 44204 52113 52940 54583 54905 55648 57447 ,512312 513152 512393 406410 399443 290121 602968 301276 294882 725452 ,17407 21164 21639 44204 52113 52940 54583 54905 55648 57447 
461751 527350 416290 514635 122775 59936 725932 495362 488450 678594 ,41683 41738 43661 43669 43851 43881 43947 43981 44632 45098 ,461751 527350 416290 514635 122775 59936 725932 495362 488450 487712 ,41683 41738 43661 43669 43851 43881 43947 43981 44632 45506 
823535 654857 770278 654171 719820 571390 764574 540977 179214 113034 ,17507 17841 18983 21495 24224 24852 25042 25207 25679 25708 ,823535 654857 770278 654171 719820 571390 764574 540977 179214 113034 ,17507 17841 18983 21495 24224 24852 25042 25207 25679 25708 
393065 414972 705433 829884 133880 917014 878366 288037 681403 41377 ,82270 85547 90705 98780 100825 102367 103690 109515 110426 110979 ,393065 414972 705433 829884 133880 917014 878366 288037 681403 41377 ,82270 85547 90705 98780 100825 102367 103690 109515 110426 110979 
732841 153526 887099 917135 474487 180737 912399 226575 752678 909024 ,60456 60916 62901 66672 67003 69906 70227 72330 72936 74479 ,732841 153526 887099 917135 474487 180737 912399 226575 752678 909024 ,60456 60916 62901 66672 67003 69906 70227 72330 72936 74479 
85863 664779 531459 29963 566262 156343 530686 722754 30201 194858 ,59847 74666 79661 84371 84838 85105 89713 90403 96967 101986 ,85863 664779 531459 29963 566262 156343 530686 722754 30201 194858 ,59847 74666 79661 84371 84838 85105 89713 90403 96967 101986 
343467 497693 512938 188507 554278 838274 548089 550115 383077 22627 ,58735 69784 80722 81351 85361 86345 86493 90615 90916 91811 ,343467 497693 512938 188507 554278 838274 548089 550115 383077 22627 ,58735 69784 80722 81351 85361 86345 86493 90615 90916 91811 
4496 705483 514317 998126 929698 505518 293350 937228 15290 815066 ,49139 51331 53248 54015 55346 55709 55803 56392 58627 58914 ,4496 705483 514317 998126 929698 505518 293350 937228 15290 815066 ,49139 51331 53248 54015 55346 55709 55803 56392 58627 58914 
590145 482056 843901 808894 144272 113163 591091 240925 985037 385574 ,18569 26041 26947 29597 29813 30790 32340 33211 33610 33772 ,590145 482056 843901 808894 144272 591091 240925 985037 385574 592071 ,18569 26041 26947 29597 29813 32340 33211 33610 33772 34490 
52369 410948 411032 51066 53444 499976 824790 196104 409527 441561 ,31003 37892 39771 45450 47894 49830 50911 51026 52309 52446 ,52369 410948 411032 51066 53444 499976 824790 196104 409527 441561 ,31003 37892 39771 45450 47894 49830 50911 51026 52309 52446 
531487 781489 661042 165540 999792 620317 576867 876807 592691 538800 ,35639 44869 53208 55136 56670 59386 59393 59576 59828 60395 ,531487 165540 592691 129267 35032 505956 383674 50058 15606 756674 ,35639 55136 59828 61070 61464 64840 65269 65656 65840 67539 
628497 522524 237998 309635 405623 755060 768341 929788 520510 80801 ,18846 20186 22110 22228 22364 22681 23136 23449 23583 23882 ,628497 522524 237998 309635 405623 755060 929788 520510 80801 366726 ,18846 20186 22110 22228 22364 22681 23449 23583 23882 24217 
513826 676678 398919 792015 20020 680003 622196 277021 270091 281447 ,36536 67744 68846 69243 69377 69409 70388 70524 70952 71196 ,513826 676678 398919 792015 20020 680003 622196 277021 270091 19754 ,36536 67744 68846 69243 69377 69409 70388 70524 70952 72662 
620366 881141 707289 278390 862370 882932 882926 59863 72751 204709 ,43480 46828 47332 48040 48409 48674 49161 50074 50156 50589 ,620366 881141 707289 278390 862370 882932 882926 59863 72751 204709 ,43480 46828 47332 48040 48409 48674 49161 50074 50156 50589 
955897 151275 791158 524124 110648 92320 896715 175106 414654 322485 ,48489 52230 52685 53121 55933 56138 56481 56660 56943 57005 ,955897 151275 791158 524124 110648 92320 896715 175106 414654 322485 ,48489 52230 52685 53121 55933 56138 56481 56660 56943 57005 
615228 230651 791869 151693 572365 67217 854843 105078 151951 67088 ,45367 46244 47217 47770 50089 50194 50653 50752 51293 51409 ,615228 791869 151693 572365 67217 854843 105078 151951 67088 92082 ,45367 47217 47770 50089 50194 50653 50752 51293 51409 52107 
351260 411619 364055 567884 663475 105026 662716 977119 188392 187680 ,54722 60304 62349 63950 64186 65267 66081 66972 67291 67460 ,351260 411619 364055 567884 663475 105026 662716 977119 188392 187680 ,54722 60304 62349 63950 64186 65267 66081 66972 67291 67460 
528890 210475 238577 735409 888629 883464 533333 572869 904000 682984 ,53454 57700 67494 68221 69501 70534 72946 73709 73822 74877 ,528890 210475 238577 735409 888629 883464 533333 572869 904000 682984 ,53454 57700 67494 68221 69501 70534 72946 73709 73822 74877 
203992 946779 619922 799543 870123 926973 395855 508882 234204 715370 ,63637 63942 64445 65225 66259 66776 66824 67317 67409 68001 ,203992 946779 619922 799543 870123 926973 395855 508882 234204 715370 ,63637 63942 64445 65225 66259 66776 66824 67317 67409 68001 
342922 136296 285636 694785 151491 693907 77136 903597 288146 701760 ,51673 52553 56499 56940 57767 57845 58924 60280 61050 61153 ,342922 136296 285636 694785 151491 693907 77136 903597 288146 701760 ,51673 52553 56499 56940 57767 57845 58924 60280 61050 61153 
168906 731184 747984 242157 781093 441175 93591 517366 342292 169720 ,63048 64055 64548 65024 71210 72668 74069 76034 76904 77624 ,168906 731184 747984 242157 781093 441175 93591 517366 342292 169720 ,63048 64055 64548 65024 71210 72668 74069 76034 76904 77624 
82134 104718 157950 400622 776802 521866 469759 429541 350406 305187 ,27611 29443 31200 32244 33605 33658 33683 34445 35281 35568 ,82134 104718 157950 400622 776802 521866 469759 429541 350406 305187 ,27611 29443 31200 32244 33605 33658 33683 34445 35281 35568 
63789 31059 74788 751636 866028 725193 522735 259963 722641 85901 ,51811 53191 54542 56081 56794 57041 58587 59458 59938 59973 ,63789 31059 74788 751636 866028 725193 522735 259963 722641 85901 ,51811 53191 54542 56081 56794 57041 58587 59458 59938 59973 
597571 263780 190415 168557 108169 994432 528136 800434 149570 535249 ,54089 58513 62809 63902 64444 64650 64979 65159 65308 65831 ,597571 263780 190415 168557 108169 528136 800434 149570 535249 298609 ,54089 58513 62809 63902 64444 64979 65159 65308 65831 66224 
513537 318792 752937 424766 210178 940813 233603 997228 888664 929001 ,8510 42403 42925 44436 45320 45524 46590 48594 48737 48785 ,513537 318792 752937 424766 210178 940813 233603 997228 888664 929001 ,8510 42403 42925 44436 45320 45524 46590 48594 48737 48785 
439665 526645 920599 247981 569887 27108 249829 80826 81379 426456 ,31067 35947 39101 40417 40842 42510 43312 43539 44227 44376 ,439665 526645 920599 247981 569887 27108 249829 80826 81379 426456 ,31067 35947 39101 40417 40842 42510 43312 43539 44227 44376 
719417 197884 21921 105741 243730 262565 588999 276396 193235 190534 ,49882 56127 59962 60877 61824 61988 62877 64026 65613 67549 ,719417 197884 21921 105741 243730 262565 588999 276396 193235 190534 ,49882 56127 59962 60877 61824 61988 62877 64026 65613 67549 
405803 544775 901655 962997 852959 870441 950954 650576 67939 610126 ,37583 45487 53052 55212 58658 58974 63057 64718 66601 68868 ,405803 544775 901655 962997 852959 870441 950954 650576 67939 610126 ,37583 45487 53052 55212 58658 58974 63057 64718 66601 68868 
691284 687561 799338 157347 219837 123830 79230 868404 844118 730581 ,46409 50123 50322 52664 57932 58188 58878 59991 60486 60686 ,691284 687561 799338 157347 219837 123830 79230 868404 844118 730581 ,46409 50123 50322 52664 57932 58188 58878 59991 60486 60686 
395004 907393 898751 64321 953475 75568 229120 148967 100792 513160 ,72444 74003 79863 80306 80902 81042 81384 81737 83587 83914 ,395004 907393 898751 64321 953475 75568 229120 148967 513160 738765 ,72444 74003 79863 80306 80902 81042 81384 81737 83914 83931 
852715 447732 283625 867047 455341 330853 304664 76832 57426 98768 ,35814 45720 46805 47849 50269 51198 51721 53195 55391 57136 ,852715 447732 283625 867047 455341 330853 304664 76832 57426 98768 ,35814 45720 46805 47849 50269 51198 51721 53195 55391 57136 
354239 480452 466663 66799 152967 63929 92921 83929 364759 816250 ,70805 71727 80662 81988 83187 83219 84327 84543 85380 86945 ,354239 480452 466663 66799 152967 63929 92921 83929 364759 816250 ,70805 71727 80662 81988 83187 83219 84327 84543 85380 86945 
419586 783399 723494 808269 307715 699395 808239 725886 306087 323588 ,42040 43023 44370 45547 47338 47433 49156 49456 49808 50465 ,419586 783399 723494 808269 699395 808239 725886 306087 323588 18313 ,42040 43023 44370 45547 47433 49156 49456 49808 50465 50672 
51124 500560 415772 39446 65827 424955 210427 411463 521203 617267 ,25453 26627 39020 43367 43761 45607 62471 63157 65096 66254 ,51124 500560 415772 39446 65827 424955 210427 411463 521203 617267 ,25453 26627 39020 43367 43761 45607 62471 63157 65096 66254 
283607 411288 799385 833428 283853 802817 68940 399307 9647 930175 ,35195 36426 38620 39503 39591 40848 42546 42921 43309 43846 ,411288 833428 68940 399307 833278 9261 799337 356849 576991 773964 ,36426 39503 42546 42921 45602 47444 48870 51199 51685 51690 
597938 524643 441357 524867 278666 264063 685096 88046 922289 467603 ,35870 37976 38069 38821 39335 41054 41599 41633 41819 42319 ,597938 524643 441357 524867 278666 264063 685096 88046 922289 467603 ,35870 37976 38069 38821 39335 41054 41599 41633 41819 42319 
71320 633875 481267 703498 400218 601989 517994 997739 79240 895481 ,49670 63887 65072 65099 65337 65635 66407 66765 68319 68464 ,71320 633875 481267 703498 400218 601989 517994 997739 79240 895481 ,49670 63887 65072 65099 65337 65635 66407 66765 68319 68464 
906016 546348 516322 429625 501938 4692 753129 7421 85379 492058 ,82482 85022 86545 86671 87489 88207 97703 103468 105710 113934 ,906016 546348 516322 429625 501938 4692 753129 7421 85379 492058 ,82482 85022 86545 86671 87489 88207 97703 103468 105710 113934 
387548 387298 254986 672526 307262 561930 713874 308714 534418 429305 ,18247 20868 21849 21941 22073 22349 23628 24042 24641 24750 ,387548 387298 254986 672526 307262 561930 713874 308714 534418 429305 ,18247 20868 21849 21941 22073 22349 23628 24042 24641 24750 
514253 23066 695594 397045 280834 903600 413719 364011 305598 180668 ,19484 40505 49208 49898 50887 51695 51832 52275 52669 52697 ,514253 23066 695594 397045 280834 903600 413719 364011 305598 180668 ,19484 40505 49208 49898 50887 51695 51832 52275 52669 52697 
514223 514195 232780 233480 450899 726214 514338 302783 725787 365047 ,10424 18655 22586 24989 25036 25372 25440 25717 26036 26910 ,514223 232780 233480 450899 726214 514338 302783 725787 365047 292050 ,10424 22586 24989 25036 25372 25440 25717 26036 26910 27135 
255966 122608 336872 351308 429405 736904 279185 337009 664168 321505 ,16120 20814 21783 21879 23097 23362 23542 23766 23915 25880 ,255966 122608 336872 351308 429405 736904 279185 337009 664168 321505 ,16120 20814 21783 21879 23097 23362 23542 23766 23915 25880 
407253 607107 567188 726874 910869 163727 490668 50595 54354 339219 ,41623 43226 44717 46225 46572 46623 47455 48459 48510 51365 ,407253 607107 567188 726874 910869 163727 490668 50595 54354 339219 ,41623 43226 44717 46225 46572 46623 47455 48459 48510 51365 
351667 98400 281661 155286 602514 514308 503892 61356 157605 497387 ,20605 21627 22281 22945 23402 24000 24264 24340 24510 24655 ,351667 98400 281661 155286 602514 514308 503892 61356 157605 497387 ,20605 21627 22281 22945 23402 24000 24264 24340 24510 24655 
515682 516567 203355 291873 430148 458741 391742 523072 807019 548333 ,38872 42095 42880 43039 43743 43930 44939 45961 45966 47570 ,515682 516567 203355 291873 430148 458741 391742 523072 807019 548333 ,38872 42095 42880 43039 43743 43930 44939 45961 45966 47570 
559731 806991 278333 807027 326935 392862 432124 781921 480712 87433 ,43826 46877 52043 52063 52145 52185 52744 53070 54619 54907 ,559731 806991 278333 807027 326935 392862 432124 781921 480712 87433 ,43826 46877 52043 52063 52145 52185 52744 53070 54619 54907 
726234 400174 556969 85418 933637 949952 404052 498821 383063 808097 ,63039 63917 71530 72954 74866 78637 81651 82253 84722 85459 ,726234 400174 556969 85418 933637 949952 404052 498821 383063 808097 ,63039 63917 71530 72954 74866 78637 81651 82253 84722 85459 
15706 635077 176834 199816 34616 432534 272103 847060 412628 267761 ,84463 91992 94540 94925 96117 97538 97702 97828 97964 99506 ,15706 635077 176834 199816 34616 432534 272103 847060 412628 267761 ,84463 91992 94540 94925 96117 97538 97702 97828 97964 99506 
84569 515029 252802 629832 104924 863863 105608 790387 122527 323932 ,25009 27076 27865 27999 28219 29862 30257 31005 31140 32178 ,84569 515029 252802 629832 104924 863863 105608 790387 122527 323932 ,25009 27076 27865 27999 28219 29862 30257 31005 31140 32178 
514179 62961 345829 391850 480426 215389 289085 331902 517079 615870 ,29535 59626 64381 65394 66978 67472 67608 68801 69346 71180 ,514179 62961 345829 391850 480426 215389 289085 517079 615870 188816 ,29535 59626 64381 65394 66978 67472 67608 69346 71180 71776 
516392 367466 367076 125329 602353 534453 940934 538617 293221 368843 ,13221 23224 25520 28517 33021 33828 34244 34467 34481 35028 ,516392 367466 367076 125329 534453 940934 293221 368843 293466 112108 ,13221 23224 25520 28517 33828 34244 34481 35028 35441 35564 
848131 913231 886365 923217 912893 987295 912910 527497 561196 15929 ,53353 55592 58799 58886 59408 59930 60760 61626 65858 65890 ,848131 913231 886365 923217 912893 987295 912910 527497 561196 15929 ,53353 55592 58799 58886 59408 59930 60760 61626 65858 65890 
174654 740847 380990 138685 619019 31507 513631 435077 698654 504479 ,47204 57003 58074 58622 59815 60139 60519 61231 62016 62288 ,174654 740847 380990 138685 619019 31507 513631 435077 698654 681339 ,47204 57003 58074 58622 59815 60139 60519 61231 62016 62628 
466228 228642 129734 849304 867792 166458 285616 379684 161778 164201 ,61350 65872 66217 70046 70858 71774 71779 71952 72419 72778 ,466228 228642 129734 849304 867792 166458 285616 379684 161778 164201 ,61350 65872 66217 70046 70858 71774 71779 71952 72419 72778 
133216 495955 713388 127464 186326 336758 146324 525009 770381 74511 ,47208 47287 49936 50012 50798 50847 51825 51835 51932 52219 ,133216 495955 713388 127464 186326 146324 525009 770381 74511 181006 ,47208 47287 49936 50012 50798 51825 51835 51932 52219 52466 
67502 266779 898032 348859 385468 90839 272564 726833 677556 265782 ,66046 69762 73641 80018 81612 81712 82699 82932 83373 83664 ,67502 266779 898032 348859 385468 90839 272564 726833 677556 265782 ,66046 69762 73641 80018 81612 81712 82699 82932 83373 83664 
86020 308011 634132 631894 684260 622108 746740 868460 788330 419626 ,58571 58762 60115 60155 61168 62267 62821 63212 63238 63830 ,86020 308011 634132 631894 684260 622108 746740 868460 788330 419626 ,58571 58762 60115 60155 61168 62267 62821 63212 63238 63830 
692115 419592 417112 73503 934557 180645 629456 681339 476655 526292 ,69099 74400 75327 77300 78683 81690 83603 83731 85873 88646 ,692115 419592 417112 73503 934557 180645 629456 681339 476655 526292 ,69099 74400 75327 77300 78683 81690 83603 83731 85873 88646 
514559 885500 987109 987211 964919 914117 748184 194370 273186 931715 ,28362 37311 42389 42558 43246 43762 45205 45232 45232 45243 ,514559 885500 987109 987211 964919 914117 748184 194370 273186 931715 ,28362 37311 42389 42558 43246 43762 45205 45232 45232 45243 
16117 830953 450451 884288 93441 863673 635645 207332 563015 14812 ,74468 80354 80547 81146 82290 82375 82651 83044 83370 83597 ,16117 830953 450451 884288 93441 863673 635645 207332 563015 14812 ,74468 80354 80547 81146 82290 82375 82651 83044 83370 83597 
861476 193164 839601 831860 867769 919787 839501 210802 436611 170854 ,43078 45414 45528 45826 46010 46392 46675 47590 47895 48461 ,861476 193164 839601 831860 867769 919787 839501 210802 436611 170854 ,43078 45414 45528 45826 46010 46392 46675 47590 47895 48461 
454655 785349 4692 822717 601752 470918 937556 7002 85319 777180 ,62070 66786 67392 72273 72760 73377 74997 75181 76425 77227 ,454655 785349 4692 822717 601752 470918 937556 7002 85319 777180 ,62070 66786 67392 72273 72760 73377 74997 75181 76425 77227 
569421 48339 527753 283834 569277 514227 547305 571177 430965 431064 ,42158 42979 46881 47372 47667 48729 50711 51257 52505 53135 ,569421 48339 527753 283834 569277 514227 547305 571177 430965 431064 ,42158 42979 46881 47372 47667 48729 50711 51257 52505 53135 
74197 806982 74779 740361 75585 464651 732543 805955 837101 810238 ,45145 46025 48898 50269 50915 52402 53413 54405 54603 54696 ,74197 806982 74779 740361 75585 464651 805955 221991 419553 424899 ,45145 46025 48898 50269 50915 52402 54405 55002 55119 55336 
296967 985417 102595 99797 945282 514704 821104 265885 710120 508565 ,64428 64945 66082 67342 67678 67998 69314 71664 71738 74308 ,296967 985417 102595 99797 945282 514704 821104 265885 710120 508565 ,64428 64945 66082 67342 67678 67998 69314 71664 71738 74308 
100867 844213 860637 682260 166546 682873 191297 929555 886434 904814 ,58451 59981 68083 69658 70521 70555 72425 72862 73096 73277 ,100867 844213 860637 682260 166546 682873 191297 929555 886434 904814 ,58451 59981 68083 69658 70521 70555 72425 72862 73096 73277 
514765 515627 481286 363945 730929 281755 229112 904262 467843 360952 ,23879 29957 61646 65939 67332 69419 69677 69738 70658 71180 ,514765 515627 481286 363945 730929 281755 229112 904262 467843 360952 ,23879 29957 61646 65939 67332 69419 69677 69738 70658 71180 
439149 601317 485278 482453 92060 572355 365983 514573 976903 324998 ,37181 52677 55206 56695 57385 58264 59036 59330 60327 60893 ,439149 601317 485278 482453 92060 572355 365983 514573 976903 324998 ,37181 52677 55206 56695 57385 58264 59036 59330 60327 60893 
200349 264627 76454 520781 437073 382052 193319 272135 597600 527095 ,59026 59026 63880 64942 65924 67330 68479 68479 68597 68705 ,382052 193319 272135 527095 524160 316392 343888 204328 482892 181278 ,67330 68479 68479 68705 72280 73206 74194 76711 78301 78329 
514794 488795 938944 493753 616102 109657 693080 818528 568398 749104 ,24418 47949 50901 52825 53904 55568 60017 60446 63706 64287 ,514794 488795 938944 493753 616102 109657 693080 818528 568398 749104 ,24418 47949 50901 52825 53904 55568 60017 60446 63706 64287 
14970 121299 895241 390136 771542 861353 433693 228031 974714 899306 ,53870 61188 61301 67121 69825 69989 73321 73520 73672 73711 ,14970 121299 895241 390136 771542 861353 433693 228031 974714 899306 ,53870 61188 61301 67121 69825 69989 73321 73520 73672 73711 
925446 888146 812045 804838 762286 812782 410992 758333 251168 561784 ,50210 52403 53878 54193 55435 56068 56427 56886 59244 59291 ,925446 888146 812045 762286 812782 410992 758333 251168 561784 283176 ,50210 52403 53878 55435 56068 56427 56886 59244 59291 59456 
525408 322375 585385 502274 336655 82241 516401 59965 695033 336786 ,36078 37963 39163 40174 40799 42134 42841 43185 43688 44235 ,525408 322375 585385 502274 336655 82241 516401 59965 695033 336786 ,36078 37963 39163 40174 40799 42134 42841 43185 43688 44235 
407552 333723 576930 290683 406853 9660 235726 511340 793385 651848 ,52148 71698 71763 75762 76795 80147 80544 80712 87343 88266 ,407552 333723 576930 290683 406853 9660 235726 511340 793385 651848 ,52148 71698 71763 75762 76795 80147 80544 80712 87343 88266 
667728 1808 112088 700101 543316 493571 530416 866296 547331 154628 ,54564 66439 67414 70153 71408 72244 72827 73178 73205 73223 ,667728 1808 112088 700101 543316 493571 530416 866296 547331 154628 ,54564 66439 67414 70153 71408 72244 72827 73178 73205 73223 
23744 240230 323896 721718 83184 560353 405769 993340 313134 523307 ,67084 67302 68737 69178 69191 69246 69702 69998 72229 72434 ,23744 240230 323896 721718 83184 560353 405769 993340 313134 523307 ,67084 67302 68737 69178 69191 69246 69702 69998 72229 72434 
193656 754129 209567 63307 247060 694727 865790 289461 897476 975 ,37939 40539 41923 45262 45376 45868 48706 49737 50163 50236 ,193656 754129 209567 63307 247060 865790 289461 897476 975 717536 ,37939 40539 41923 45262 45376 48706 49737 50163 50236 50705 
123794 972833 107654 490079 514912 333253 433448 561588 55617 717403 ,30108 30716 31974 34894 35490 36228 37890 39555 39885 40166 ,123794 972833 107654 490079 514912 333253 433448 561588 55617 717403 ,30108 30716 31974 34894 35490 36228 37890 39555 39885 40166 
743527 819835 483911 573294 670167 12027 154764 316643 394381 10759 ,113024 118005 118748 122873 127881 129275 134663 134988 139747 140128 ,743527 819835 483911 573294 670167 12027 154764 316643 394381 10759 ,113024 118005 118748 122873 127881 129275 134663 134988 139747 140128 
594653 841399 705930 321255 781179 877104 727181 883720 450451 437337 ,70345 73275 76730 78459 81289 81870 84412 84422 89347 89486 ,594653 841399 705930 321255 781179 877104 727181 883720 450451 437337 ,70345 73275 76730 78459 81289 81870 84412 84422 89347 89486 
227797 255924 128014 526216 314966 218579 84938 535814 186682 635974 ,36358 42641 42954 43083 43823 46320 46459 47953 48156 48873 ,227797 255924 128014 526216 314966 218579 84938 535814 186682 635974 ,36358 42641 42954 43083 43823 46320 46459 47953 48156 48873 
834586 870615 874476 678502 903931 503393 940709 29423 516321 52019 ,42704 44370 45630 46833 48251 52112 52371 52566 53359 53376 ,834586 870615 678502 903931 503393 940709 29423 516321 733678 287351 ,42704 44370 46833 48251 52112 52371 52566 53359 54488 54674 
680962 987711 90253 759646 703510 491584 60699 618661 220195 174772 ,75432 97722 100730 101393 105935 107132 112059 113914 114202 114784 ,680962 987711 90253 759646 703510 491584 60699 618661 220195 174772 ,75432 97722 100730 101393 105935 107132 112059 113914 114202 114784 
577791 43072 401820 694281 706573 140404 94337 220033 815199 41287 ,77115 89405 89626 91589 93992 94850 96477 96587 96940 97832 ,577791 43072 401820 694281 706573 140404 94337 220033 815199 41287 ,77115 89405 89626 91589 93992 94850 96477 96587 96940 97832 
834807 678077 996617 730733 746401 372898 895991 392253 681695 496969 ,41411 50555 51596 54930 55523 56349 57271 60366 60748 60987 ,834807 678077 996617 730733 746401 372898 895991 392253 681695 496969 ,41411 50555 51596 54930 55523 56349 57271 60366 60748 60987 
961676 970664 780830 989405 722918 100253 845024 628248 233145 807142 ,45277 45878 49088 53506 54049 54053 55134 55697 56796 56904 ,961676 970664 780830 989405 722918 100253 845024 628248 233145 807142 ,45277 45878 49088 53506 54049 54053 55134 55697 56796 56904 
660982 123206 820576 811631 869291 979700 52230 773678 27397 190601 ,36500 40884 43098 43871 44703 45074 46023 46049 46500 46550 ,660982 123206 820576 811631 869291 979700 52230 773678 27397 190601 ,36500 40884 43098 43871 44703 45074 46023 46049 46500 46550 
813236 660491 387077 192948 574168 550823 197247 276063 47066 250313 ,51436 55548 57119 57634 58197 58365 61249 61249 61444 61571 ,813236 660491 387077 192948 574168 550823 197247 276063 47066 250313 ,51436 55548 57119 57634 58197 58365 61249 61249 61444 61571 
262922 596775 416649 528291 576136 206888 155942 151104 914604 724749 ,38821 46893 47485 47829 48101 48166 49835 50195 51300 54078 ,262922 596775 416649 528291 576136 206888 155942 151104 914604 724749 ,38821 46893 47485 47829 48101 48166 49835 50195 51300 54078 
36090 340479 711591 102354 232776 478095 189684 127522 632643 583362 ,89638 105121 107830 110109 117205 122791 125355 128802 131031 134454 ,36090 340479 711591 102354 232776 478095 189684 127522 632643 583362 ,89638 105121 107830 110109 117205 122791 125355 128802 131031 134454 
923882 336647 321822 923577 947321 566304 780131 873564 522772 66330 ,38079 40477 41497 43162 43268 44013 44292 44359 44462 44955 ,923882 336647 321822 923577 947321 566304 780131 873564 522772 66330 ,38079 40477 41497 43162 43268 44013 44292 44359 44462 44955 
899428 103344 19133 973651 287136 100900 986059 979203 843562 103831 ,39944 44712 46958 47282 48756 50817 52366 52917 52962 53147 ,899428 103344 19133 973651 287136 100900 986059 979203 843562 103831 ,39944 44712 46958 47282 48756 50817 52366 52917 52962 53147 
684635 37103 845271 749600 493870 172088 697979 189549 436287 966299 ,62696 70217 70426 72855 72903 74603 74971 75981 76466 76720 ,684635 37103 845271 749600 493870 172088 697979 189549 436287 966299 ,62696 70217 70426 72855 72903 74603 74971 75981 76466 76720 
82274 61134 107831 83290 69131 339064 487044 84040 81722 247272 ,17324 18777 19733 20028 21553 21650 22001 22041 22393 22510 ,82274 61134 107831 83290 69131 339064 487044 84040 81722 247272 ,17324 18777 19733 20028 21553 21650 22001 22041 22393 22510 
430355 977598 357242 474328 501321 520373 484526 778135 227448 689534 ,54406 54498 55258 55534 55620 56517 56559 57060 57658 57661 ,430355 977598 357242 474328 501321 520373 484526 778135 227448 875712 ,54406 54498 55258 55534 55620 56517 56559 57060 57658 58504 
497357 542491 327620 497069 973191 2266 471573 306609 337330 29793 ,43661 48367 52169 53074 56492 56972 57095 58031 58137 58608 ,497357 542491 327620 497069 973191 2266 471573 306609 337330 29793 ,43661 48367 52169 53074 56492 56972 57095 58031 58137 58608 
198397 481974 950688 514743 781432 851232 193443 264560 512869 925735 ,50799 51625 52279 56166 57897 57930 58149 60086 60165 60179 ,198397 481974 950688 514743 781432 851232 193443 264560 512869 925735 ,50799 51625 52279 56166 57897 57930 58149 60086 60165 60179 
481040 848061 832010 14562 12683 114963 516362 14538 12644 519376 ,38987 40330 40514 40658 41618 42804 43381 44319 44398 44462 ,481040 848061 832010 14562 12683 516362 14538 12644 519376 982407 ,38987 40330 40514 40658 41618 43381 44319 44398 44462 45172 
915630 874215 89539 710129 760036 645902 208940 757187 668292 248317 ,39669 49399 54320 58474 61002 61634 62297 62304 62794 63218 ,915630 874215 89539 710129 760036 645902 208940 757187 668292 248317 ,39669 49399 54320 58474 61002 61634 62297 62304 62794 63218 
451807 58132 710230 68724 330347 531110 503905 519558 173393 488003 ,47768 53178 54804 57815 57932 59940 60146 60693 61134 62792 ,451807 58132 710230 68724 330347 531110 503905 519558 173393 488003 ,47768 53178 54804 57815 57932 59940 60146 60693 61134 62792 
293614 105029 123466 32691 424066 784882 212179 422952 367893 238695 ,23606 25476 26755 27796 28786 30091 32109 32385 32687 32928 ,454697 280763 791206 105135 653140 616126 123010 322651 216860 708942 ,37013 37189 37896 37942 39752 40601 41412 42310 42623 42996 
590557 524885 519715 572265 72945 790266 175483 436955 146260 136532 ,91483 95783 104428 106155 110247 110799 111193 111894 112343 117169 ,590557 524885 519715 572265 72945 790266 175483 436955 146260 136532 ,91483 95783 104428 106155 110247 110799 111193 111894 112343 117169 
999311 191134 558235 642247 695568 637322 572339 7380 407505 770174 ,35488 50302 50548 53687 56007 58675 60662 61915 62011 62810 ,999311 191134 558235 642247 695568 637322 572339 7380 407505 770174 ,35488 50302 50548 53687 56007 58675 60662 61915 62011 62810 
427515 510271 920942 139967 217998 227660 822997 917855 718283 23748 ,42072 42921 49565 49808 50056 50060 50298 52157 53327 53615 ,427515 510271 920942 139967 217998 227660 822997 917855 718283 23748 ,42072 42921 49565 49808 50056 50060 50298 52157 53327 53615 
782796 922022 296482 377876 700277 903697 898754 807804 733566 476188 ,39554 44068 44520 46561 48188 49013 49706 50646 51315 52927 ,782796 922022 296482 377876 700277 903697 898754 807804 733566 476188 ,39554 44068 44520 46561 48188 49013 49706 50646 51315 52927 
918638 369068 538583 956863 625820 738324 258870 219082 636131 125433 ,29698 78760 92250 99306 103461 115444 122847 125165 126350 129192 ,918638 369068 538583 956863 625820 738324 258870 219082 636131 125433 ,29698 78760 92250 99306 103461 115444 122847 125165 126350 129192 
262456 82035 675363 281790 241746 546604 598088 527754 271341 532446 ,27161 37039 37691 39235 40182 40659 41082 42605 44210 45765 ,262456 82035 675363 281790 241746 546604 598088 527754 271341 532446 ,27161 37039 37691 39235 40182 40659 41082 42605 44210 45765 
327323 172825 622200 385529 178109 623394 21963 988328 525968 34228 ,106841 108621 111914 112258 114088 115550 115668 116643 116650 119408 ,327323 172825 622200 385529 178109 623394 21963 988328 525968 34228 ,106841 108621 111914 112258 114088 115550 115668 116643 116650 119408 
823155 596231 914384 72431 825333 30641 747466 340521 786930 511229 ,48441 52947 56145 60038 60143 61315 62098 63865 64286 65587 ,823155 596231 914384 72431 825333 30641 747466 340521 786930 511229 ,48441 52947 56145 60038 60143 61315 62098 63865 64286 65587 
408766 702626 726359 971465 947987 171337 405394 722752 107873 285839 ,56798 61398 62529 65320 65730 67586 68428 69810 70819 70997 ,408766 702626 971465 947987 171337 405394 722752 107873 193419 272235 ,56798 61398 65320 65730 67586 68428 69810 70819 71391 71391 
91043 710853 711412 229275 649939 978376 60191 279285 228688 861202 ,47043 51793 52862 56157 58258 58459 60418 62214 62714 62827 ,91043 710853 711412 229275 649939 978376 60191 279285 228688 861202 ,47043 51793 52862 56157 58258 58459 60418 62214 62714 62827 
82504 338640 421656 818254 16642 433524 593926 156304 487909 54551 ,38200 40381 40429 40603 41970 42911 43221 43929 44163 44313 ,82504 338640 421656 818254 16642 433524 593926 156304 487909 54551 ,38200 40381 40429 40603 41970 42911 43221 43929 44163 44313 
704153 348076 347386 557965 192739 350126 11799 986920 7724 163463 ,32049 33226 38967 44050 44443 44595 44753 47608 48099 48704 ,704153 348076 347386 557965 192739 350126 11799 986920 7724 163463 ,32049 33226 38967 44050 44443 44595 44753 47608 48099 48704 
729315 64643 75102 467998 513881 172234 270333 269879 332488 499216 ,99968 110454 112282 114965 115433 120532 121899 122467 123474 125281 ,729315 64643 75102 467998 513881 172234 270333 269879 332488 499216 ,99968 110454 112282 114965 115433 120532 121899 122467 123474 125281 
511757 716810 832940 725893 840900 504449 798803 89454 715394 88330 ,44586 51770 52544 53021 54283 55035 56763 56885 57835 58126 ,511757 716810 832940 725893 840900 504449 798803 89454 715394 88330 ,44586 51770 52544 53021 54283 55035 56763 56885 57835 58126 
188330 968212 999212 563405 696284 96742 524565 272247 310002 562069 ,77402 79445 79786 80247 81809 84827 86668 87380 87639 89734 ,188330 968212 999212 563405 696284 96742 524565 272247 310002 562069 ,77402 79445 79786 80247 81809 84827 86668 87380 87639 89734 
635235 874440 679295 185390 739385 363101 303369 865003 234732 329108 ,86112 86849 87615 87782 88392 89178 89230 89255 90039 90195 ,635235 874440 679295 185390 303369 865003 234732 329108 194987 727009 ,86112 86849 87615 87782 89230 89255 90039 90195 90876 91079 
725448 566136 208242 198797 11827 994367 416830 914876 269479 841610 ,43746 44911 45939 47121 49698 51359 51713 52258 52394 52535 ,725448 566136 208242 198797 11827 994367 416830 914876 269479 841610 ,43746 44911 45939 47121 49698 51359 51713 52258 52394 52535 
633165 802949 518247 129802 454587 758643 743202 696574 583926 276769 ,55529 60103 60771 65429 65807 70528 70976 71686 71707 72701 ,633165 802949 518247 129802 454587 758643 743202 696574 583926 276769 ,55529 60103 60771 65429 65807 70528 70976 71686 71707 72701 
858732 211087 925607 234697 616494 857508 442049 197419 494623 344615 ,87563 87882 89093 93260 93624 93761 94149 98553 98634 98712 ,858732 925607 234697 616494 442049 197419 344615 37166 835474 390133 ,87563 89093 93260 93624 94149 98553 98712 99429 99886 101792 
499775 110128 158819 615654 354011 171613 439770 437855 367167 215458 ,66594 67548 70207 71551 71654 72914 73646 74680 74732 75924 ,499775 110128 158819 615654 354011 171613 439770 437855 215458 807660 ,66594 67548 70207 71551 71654 72914 73646 74680 75924 76001 
386860 383434 629387 974240 842743 844143 174047 974878 103940 989941 ,74766 77963 82202 82341 82622 83481 83640 84685 86087 86319 ,386860 383434 629387 974240 844143 174047 974878 103940 989941 543644 ,74766 77963 82202 82341 83481 83640 84685 86087 86319 86824 
136210 509406 510503 209877 504861 159684 258827 752217 493625 136650 ,71565 72514 73894 76224 76750 79142 79414 79631 79824 80964 ,136210 509406 510503 209877 504861 159684 258827 752217 493625 680722 ,71565 72514 73894 76224 76750 79142 79414 79631 79824 81302 
62879 549050 797665 577763 633875 585492 214355 116173 252064 595713 ,124185 143767 148649 152242 156743 157226 160004 162238 163224 163492 ,62879 549050 797665 577763 633875 585492 214355 116173 252064 595713 ,124185 143767 148649 152242 156743 157226 160004 162238 163224 163492 
394142 981724 178960 120200 265078 694818 860710 617312 402864 664484 ,72314 72575 76669 76733 77944 79269 80903 80947 81683 81941 ,394142 981724 178960 120200 265078 694818 860710 617312 402864 664484 ,72314 72575 76669 76733 77944 79269 80903 80947 81683 81941 
266160 714340 772242 361099 920384 36445 438559 449545 33273 283037 ,62482 64960 70576 70912 71291 72950 73559 73626 74370 74557 ,266160 772242 361099 36445 438559 449545 33273 283037 59204 550379 ,62482 70576 70912 72950 73559 73626 74370 74557 75367 75557 
474857 947061 721439 115537 964941 753345 988330 380811 606192 708289 ,69631 73678 73760 76440 76582 77354 78307 78530 78536 80578 ,474857 947061 721439 115537 964941 753345 988330 380811 606192 708289 ,69631 73678 73760 76440 76582 77354 78307 78530 78536 80578 
848186 871039 130669 528859 210014 689552 895674 607141 188577 572374 ,107641 128413 131084 131895 146843 147024 147927 149326 151318 151451 ,848186 871039 130669 528859 210014 689552 895674 607141 188577 572374 ,107641 128413 131084 131895 146843 147024 147927 149326 151318 151451 
867662 517036 768961 47221 257533 625569 312945 310727 707699 596101 ,51522 55247 57674 58579 59393 59811 59859 59895 60174 60225 ,867662 517036 768961 47221 257533 625569 312945 310727 707699 596101 ,51522 55247 57674 58579 59393 59811 59859 59895 60174 60225 
436716 802564 950025 971948 421718 501470 20768 271274 473034 742327 ,60932 62186 63735 64150 64435 64525 65029 65218 65657 65663 ,436716 802564 950025 971948 421718 501470 20768 271274 473034 742327 ,60932 62186 63735 64150 64435 64525 65029 65218 65657 65663 
61410 48855 274120 716578 272235 431196 682860 420992 124762 787505 ,57275 75005 79642 85209 90012 90104 92664 93214 95558 96043 ,61410 48855 274120 716578 272235 431196 682860 420992 124762 787505 ,57275 75005 79642 85209 90012 90104 92664 93214 95558 96043 
344913 113178 795644 215436 509132 908722 971923 369099 875773 622226 ,50042 51140 55258 57942 59575 59833 61467 62745 63218 64305 ,113178 795644 215436 509132 908722 971923 369099 875773 622226 68994 ,51140 55258 57942 59575 59833 61467 62745 63218 64305 65267 
106080 480306 732947 814708 897340 737915 885314 948748 878417 375241 ,42071 69486 80431 96178 108501 119542 125031 157605 158038 158773 ,106080 480306 732947 814708 897340 737915 885314 948748 878417 375241 ,42071 69486 80431 96178 108501 119542 125031 157605 158038 158773 
82924 459973 854747 684889 572227 186777 453813 86101 899881 278885 ,47079 52515 61087 61483 61538 63111 63334 64847 67235 68207 ,82924 459973 684889 572227 186777 453813 86101 899881 278885 390956 ,47079 52515 61483 61538 63111 63334 64847 67235 68207 69211 
85195 82298 560104 278660 128312 511337 567842 516100 515979 945941 ,38585 40246 40592 41442 41947 42643 43002 43357 44226 44491 ,85195 945941 17105 326766 469640 88090 623869 520804 772210 547088 ,38585 44491 44595 44884 45458 45897 46725 47627 47905 48068 
501192 290129 77007 796584 475974 348553 706981 712555 190456 301227 ,69232 70176 73605 76145 77548 77789 78098 81888 83670 83940 ,501192 290129 77007 796584 475974 348553 706981 712555 190456 301227 ,69232 70176 73605 76145 77548 77789 78098 81888 83670 83940 
702368 859117 709957 171157 128391 241854 913338 177552 706573 114170 ,105089 107653 112115 112370 118862 120718 122167 122554 122569 124267 ,702368 859117 709957 171157 128391 241854 913338 177552 706573 114170 ,105089 107653 112115 112370 118862 120718 122167 122554 122569 124267 
554055 996839 925334 205026 414144 996761 427586 280453 108803 468092 ,26245 31846 32624 33916 36437 36698 37272 40541 41724 42769 ,554055 996839 925334 205026 414144 996761 427586 280453 108803 468092 ,26245 31846 32624 33916 36437 36698 37272 40541 41724 42769 
466800 598421 559996 618873 960658 295151 469486 508863 279193 754918 ,49601 50206 51803 53809 54357 54703 54961 55552 56558 56651 ,466800 598421 559996 618873 960658 295151 469486 508863 279193 754918 ,49601 50206 51803 53809 54357 54703 54961 55552 56558 56651 
764693 781339 250660 279047 765069 539809 283178 674353 140593 638595 ,28620 33498 33944 34470 36576 38271 39340 39812 39893 40086 ,764693 250660 279047 765069 539809 283178 674353 140593 638595 566613 ,28620 33944 34470 36576 38271 39340 39812 39893 40086 40449 
461268 225646 527828 522401 224082 505029 236250 210540 485331 692732 ,57624 59770 64596 66155 67789 70809 71152 71557 73541 74094 ,461268 225646 527828 522401 224082 505029 236250 210540 485331 692732 ,57624 59770 64596 66155 67789 70809 71152 71557 73541 74094 
530351 451816 503012 540683 68403 540814 502300 56887 294864 292214 ,39284 39701 40968 41441 41580 42035 42811 43123 43505 43809 ,530351 451816 540683 502300 294864 292214 574168 554317 70362 281585 ,39284 39701 41441 42811 43505 43809 47234 48852 49123 50167 
906722 418198 157473 497839 604437 745689 690464 20342 510343 265130 ,49197 50229 51364 51677 52307 52448 52881 53452 53686 54439 ,906722 418198 157473 497839 604437 745689 20342 510343 265130 370381 ,49197 50229 51364 51677 52307 52448 53452 53686 54439 54823 
522179 522580 744222 528870 740294 529246 587992 480825 13347 740261 ,22536 27968 45569 52110 52330 53886 55246 56937 58129 58754 ,522580 744222 528870 740294 529246 587992 13347 740261 588124 23151 ,27968 45569 52110 52330 53886 55246 58129 58754 59945 60102 
522326 148704 108528 862708 628645 90398 590029 523522 350165 891032 ,34650 67425 68482 69837 73031 73673 73690 75084 76805 79004 ,522326 148704 108528 862708 628645 90398 590029 523522 350165 891032 ,34650 67425 68482 69837 73031 73673 73690 75084 76805 79004 
862260 58750 863731 224690 430221 206260 861353 919766 13020 880657 ,38815 38871 39214 40611 40705 40719 40722 41161 41310 41684 ,862260 58750 863731 224690 430221 206260 861353 919766 13020 880657 ,38815 38871 39214 40611 40705 40719 40722 41161 41310 41684 
555505 353465 926528 192789 337486 43903 351642 507146 628188 119078 ,54582 56724 61578 63369 64769 67998 70270 70494 72641 74640 ,555505 353465 926528 192789 337486 43903 351642 507146 628188 119078 ,54582 56724 61578 63369 64769 67998 70270 70494 72641 74640 
824226 488761 561151 570021 915141 109036 698437 405610 802102 113008 ,99824 101329 102296 104956 111757 112656 122180 124749 124756 124911 ,824226 488761 561151 570021 915141 109036 698437 405610 802102 113008 ,99824 101329 102296 104956 111757 112656 122180 124749 124756 124911 
350418 232530 247599 366651 246585 292134 453540 158113 814995 472302 ,23031 24896 24939 26243 26477 26580 27504 28621 28745 29570 ,350418 232530 247599 366651 246585 292134 453540 158113 814995 472302 ,23031 24896 24939 26243 26477 26580 27504 28621 28745 29570 
772210 110891 406539 504475 995302 338926 645681 883542 46908 504405 ,32588 34229 34249 37518 37757 38524 38608 40330 40623 41378 ,772210 110891 406539 504475 995302 338926 645681 883542 46908 504405 ,32588 34229 34249 37518 37757 38524 38608 40330 40623 41378 
671485 893736 295080 572956 597526 61957 88547 472131 158679 413936 ,64335 66835 74578 84420 91824 91986 92070 92203 94534 97216 ,671485 893736 295080 572956 597526 61957 88547 472131 158679 413936 ,64335 66835 74578 84420 91824 91986 92070 92203 94534 97216 
154989 479232 344725 798308 867481 98101 980818 280339 876051 319938 ,66057 76386 77609 82905 83260 83310 83657 83721 85798 87613 ,154989 479232 344725 798308 867481 98101 980818 280339 876051 319938 ,66057 76386 77609 82905 83260 83310 83657 83721 85798 87613 
279530 815083 474852 929249 511582 693214 655278 339009 926243 247033 ,22882 24399 29184 33776 34767 34825 34896 35555 35678 36306 ,279530 815083 474852 929249 511582 693214 655278 339009 926243 247033 ,22882 24399 29184 33776 34767 34825 34896 35555 35678 36306 
154152 740760 176653 151174 82424 510313 515255 98707 808352 350468 ,33116 39279 42475 43379 45506 45628 46827 47704 48022 48840 ,154152 740760 176653 151174 82424 510313 515255 98707 808352 350468 ,33116 39279 42475 43379 45506 45628 46827 47704 48022 48840 
522877 316653 960161 209243 693928 242064 627235 238015 364470 254067 ,39211 58503 62923 63037 63961 64373 65080 65326 65838 66599 ,522877 316653 960161 209243 242064 627235 364470 254067 252871 231977 ,39211 58503 62923 63037 64373 65080 65838 66599 66927 67767 
528650 68416 85967 293309 190534 389345 132449 30066 523207 495229 ,33437 33452 33784 34159 34844 35148 36888 37123 37990 38703 ,528650 85967 293309 190534 389345 132449 30066 523207 495229 957580 ,33437 33784 34159 34844 35148 36888 37123 37990 38703 39055 
364143 272779 424451 658347 548825 75460 920599 684237 967308 791533 ,43210 43742 46415 47060 50449 52584 55061 57307 57852 58503 ,364143 272779 424451 658347 548825 75460 920599 684237 967308 791533 ,43210 43742 46415 47060 50449 52584 55061 57307 57852 58503 
226013 554921 122385 919375 619899 225827 919582 554917 868025 378117 ,26487 30686 31285 31401 32752 33937 34383 35223 35309 36241 ,226013 554921 122385 919375 619899 225827 919582 554917 868025 378117 ,26487 30686 31285 31401 32752 33937 34383 35223 35309 36241 
336968 336917 350972 237032 319515 336818 254132 322405 458072 246555 ,16507 17035 17517 18148 18513 20289 20829 21244 21434 21586 ,336968 336917 350972 237032 319515 336818 254132 322405 458072 246555 ,16507 17035 17517 18148 18513 20289 20829 21244 21434 21586 
517289 807027 499848 9324 748630 597526 821174 431577 703198 920865 ,87612 88861 94008 104453 109577 110607 111758 114808 115280 116092 ,517289 807027 499848 9324 748630 597526 821174 431577 703198 920865 ,87612 88861 94008 104453 109577 110607 111758 114808 115280 116092 
246179 840605 339771 838939 856235 129601 471142 941470 955461 942775 ,46930 48448 48617 48867 48998 49830 50293 50737 50836 51400 ,471142 509952 357068 88988 670652 263430 160406 918535 121033 355424 ,50293 55716 56826 57699 58573 59005 59107 59547 59653 59939 
372056 731634 291593 372936 874905 409800 464493 228602 763772 694600 ,43872 44342 44947 45005 45471 46799 47046 47572 47595 49247 ,372056 731634 291593 372936 874905 409800 464493 228602 694600 276789 ,43872 44342 44947 45005 45471 46799 47046 47572 49247 49906 
908654 984900 255789 792675 711425 360766 483027 890194 954920 412467 ,53079 55286 55596 57369 58455 59526 59867 59929 61621 62228 ,908654 984900 255789 792675 711425 360766 483027 890194 954920 412467 ,53079 55286 55596 57369 58455 59526 59867 59929 61621 62228 
574351 153806 630709 483873 268061 634116 70899 226528 496035 16477 ,69705 72390 73011 81975 83173 83625 86585 88624 89110 89982 ,153806 630709 483873 268061 634116 226528 496035 16477 691154 573210 ,72390 73011 81975 83173 83625 88624 89110 89982 90447 90633 
397293 307140 281154 507340 280699 105328 700134 321561 623869 291806 ,53708 62207 62447 62665 62697 65821 67916 69033 69091 69684 ,397293 307140 281154 507340 280699 105328 700134 321561 623869 291806 ,53708 62207 62447 62665 62697 65821 67916 69033 69091 69684 
27107 864011 98101 467767 335940 235455 61273 14049 542413 89539 ,69870 72509 75499 78343 82496 83577 84840 86311 86688 89095 ,27107 864011 98101 467767 335940 235455 61273 14049 542413 89539 ,69870 72509 75499 78343 82496 83577 84840 86311 86688 89095 
311103 281993 799447 6171 224781 391134 204113 453129 923240 800497 ,43496 46411 48027 49757 54191 54731 55454 55643 57067 57474 ,311103 281993 799447 6171 224781 391134 204113 453129 923240 800497 ,43496 46411 48027 49757 54191 54731 55454 55643 57067 57474 
45580 529666 242466 45635 358751 349677 343433 311104 994416 134799 ,33853 34494 38598 40532 42358 42861 42883 43498 45307 45766 ,529666 45635 343433 31427 6089 411400 298167 278982 860428 46702 ,34494 40532 42883 47135 47207 47677 47728 50037 52850 53688 
431209 106415 13143 706012 865628 988328 515209 422842 465102 338034 ,55966 60302 60412 61055 61616 63006 63268 63561 64169 64332 ,431209 106415 13143 706012 865628 988328 515209 422842 465102 338034 ,55966 60302 60412 61055 61616 63006 63268 63561 64169 64332 
241831 241292 80537 115582 603752 790649 308867 417575 114504 46074 ,25882 27433 32033 32594 33363 34133 34229 35976 36201 36320 ,241831 241292 80537 603752 790649 114504 46074 787998 10492 664799 ,25882 27433 32033 33363 34133 36201 36320 37529 37900 38278 
469882 700086 17455 95996 162145 710175 295646 522718 606997 742152 ,68392 76990 77975 80140 80784 80876 83156 83617 83967 84014 ,469882 700086 17455 95996 162145 710175 295646 522718 606997 742152 ,68392 76990 77975 80140 80784 80876 83156 83617 83967 84014 
734329 352789 80254 624430 190529 526043 736048 744635 174394 971537 ,43288 44176 47075 47124 49180 49291 49320 49408 49577 49683 ,734329 352789 80254 624430 190529 526043 736048 744635 174394 971537 ,43288 44176 47075 47124 49180 49291 49320 49408 49577 49683 
739324 965486 719466 519646 126183 941533 127966 938035 197263 704696 ,64725 67234 70343 72433 72536 72870 73129 73210 73677 73812 ,739324 965486 719466 519646 126183 941533 127966 197263 704696 928998 ,64725 67234 70343 72433 72536 72870 73129 73677 73812 74224 
897191 62287 255420 98556 15431 983116 632337 249813 219836 660360 ,63223 70402 71026 71208 72278 72401 73120 78084 78634 79106 ,897191 62287 255420 98556 15431 983116 632337 249813 219836 660360 ,63223 70402 71026 71208 72278 72401 73120 78084 78634 79106 
988828 809942 277426 175562 710340 809730 90393 526513 461804 685150 ,32005 42363 43446 44359 44927 45641 47602 49682 50407 51256 ,988828 809942 277426 175562 710340 461804 685150 157585 876887 698852 ,32005 42363 43446 44359 44927 50407 51256 52166 53722 55342 
199745 423637 81695 25443 552353 265702 489837 478271 609848 754341 ,55890 60809 64598 66287 68193 68824 69000 69118 70103 70663 ,199745 423637 81695 25443 552353 265702 489837 478271 609848 754341 ,55890 60809 64598 66287 68193 68824 69000 69118 70103 70663 
594282 513052 161055 858972 646513 591393 97727 334520 851601 484821 ,52193 55895 56518 58958 62152 62602 62965 62998 63240 65292 ,594282 513052 161055 646513 97727 334520 851601 484821 280512 316383 ,52193 55895 56518 62152 62965 62998 63240 65292 65626 66058 
217105 848001 87084 755249 839739 335371 378138 561196 65293 385266 ,50252 51975 53886 58856 58936 59540 60644 61051 61951 62474 ,217105 848001 87084 755249 839739 335371 378138 561196 65293 385266 ,50252 51975 53886 58856 58936 59540 60644 61051 61951 62474 
971236 860162 545653 216760 452940 235968 641819 76295 709233 247049 ,45070 45771 46575 48323 50517 52520 53880 54910 55303 55978 ,971236 860162 545653 216760 452940 235968 641819 76295 709233 247049 ,45070 45771 46575 48323 50517 52520 53880 54910 55303 55978 
482337 320709 22122 843788 80853 292087 998057 695251 729540 225429 ,59614 61173 61656 64149 67513 67765 68189 68869 69578 69581 ,482337 320709 22122 843788 80853 292087 695251 225429 845420 10 ,59614 61173 61656 64149 67513 67765 68869 69581 69934 70802 
501798 913448 975580 912682 36610 912595 268689 789574 91503 972062 ,53120 54056 56010 59176 60744 64675 67844 68257 68591 69702 ,501798 913448 975580 912682 36610 912595 268689 789574 91503 972062 ,53120 54056 56010 59176 60744 64675 67844 68257 68591 69702 
278642 26512 84815 429301 528493 508441 697898 816468 389347 531471 ,29156 30723 30984 32728 33058 33152 33345 34125 34382 35914 ,278642 26512 84815 429301 528493 508441 697898 816468 389347 531471 ,29156 30723 30984 32728 33058 33152 33345 34125 34382 35914 
566398 278814 172654 552266 86278 155256 494354 91079 229586 238012 ,33253 48153 50478 58125 62300 63940 64317 68474 70264 71512 ,566398 278814 172654 552266 86278 155256 494354 91079 229586 238012 ,33253 48153 50478 58125 62300 63940 64317 68474 70264 71512 
694822 848402 980374 577084 491459 255964 632045 667542 769544 864055 ,36838 37502 48925 48934 54135 56918 59468 59973 60413 60657 ,694822 848402 980374 577084 491459 255964 632045 667542 769544 864055 ,36838 37502 48925 48934 54135 56918 59468 59973 60413 60657 
932064 253715 827653 346366 39909 808294 539828 50343 609650 952501 ,38869 47705 56034 56499 58144 60441 62364 63284 63929 65267 ,932064 253715 827653 346366 39909 808294 539828 50343 609650 952501 ,38869 47705 56034 56499 58144 60441 62364 63284 63929 65267 
738444 254219 249652 321767 352508 522254 526821 122103 305106 280732 ,13220 17222 17710 18520 18548 18659 19636 19760 19830 19927 ,738444 254219 249652 321767 352508 522254 526821 122103 305106 280732 ,13220 17222 17710 18520 18548 18659 19636 19760 19830 19927 
604877 30011 567753 29962 510278 124453 95097 104890 30330 815313 ,17632 18531 18930 19968 20530 21925 22123 22585 22620 22685 ,604877 30011 567753 29962 510278 124453 95097 104890 30330 815313 ,17632 18531 18930 19968 20530 21925 22123 22585 22620 22685 
153392 157386 457037 498800 404139 560164 115606 156159 792705 70713 ,37262 37375 40436 42204 42607 45412 46979 49883 50244 51476 ,153392 157386 457037 498800 404139 560164 115606 156159 792705 70713 ,37262 37375 40436 42204 42607 45412 46979 49883 50244 51476 
528441 683410 294837 488269 489073 430951 191332 4388 16848 231957 ,44564 44572 47054 49745 50157 53075 53318 54119 54191 55594 ,528441 683410 294837 488269 489073 430951 191332 4388 16848 231957 ,44564 44572 47054 49745 50157 53075 53318 54119 54191 55594 
319470 23524 23544 151844 262976 321511 285771 84548 332908 152790 ,17828 19987 21279 23432 23444 23590 23788 24717 24922 25822 ,319470 23524 23544 151844 262976 321511 285771 84548 332908 152790 ,17828 19987 21279 23432 23444 23590 23788 24717 24922 25822 
31608 694921 432689 698697 88713 304992 499864 805473 488987 724797 ,67399 69848 75699 76235 77419 77926 79271 83031 85266 86959 ,31608 694921 432689 698697 88713 304992 499864 488987 724797 760567 ,67399 69848 75699 76235 77419 77926 79271 85266 86959 87783 
795358 239609 888166 502348 108467 598200 119244 549344 30830 973105 ,67523 68364 69646 71056 72971 73530 74230 74998 76007 76057 ,795358 239609 888166 502348 108467 598200 119244 549344 30830 973105 ,67523 68364 69646 71056 72971 73530 74230 74998 76007 76057 
126043 573416 174185 436264 534337 782902 811981 458644 781909 806878 ,55655 58867 59484 60033 62069 62543 63002 63264 63305 63907 ,126043 573416 174185 436264 534337 782902 811981 458644 781909 785903 ,55655 58867 59484 60033 62069 62543 63002 63264 63305 64218 
815838 815842 30406 967799 566318 235350 558740 511890 653269 334697 ,28518 28957 29894 30402 30547 31468 33356 33500 33778 33783 ,815838 815842 30406 967799 566318 235350 558740 511890 653269 334697 ,28518 28957 29894 30402 30547 31468 33356 33500 33778 33783 
295847 526778 693984 464862 175220 242413 96629 594004 860387 6274 ,41041 44965 45783 49359 51469 51951 52737 53182 54312 56288 ,295847 526778 693984 464862 175220 242413 96629 594004 860387 6274 ,41041 44965 45783 49359 51469 51951 52737 53182 54312 56288 
205288 755152 237368 503047 60813 227397 855258 502381 842090 904536 ,29439 31953 33693 34923 35942 35980 37145 37581 37832 38181 ,205288 755152 237368 503047 60813 227397 855258 502381 842090 904536 ,29439 31953 33693 34923 35942 35980 37145 37581 37832 38181 
988856 550205 93849 946886 994565 449708 174681 723095 488937 277240 ,55290 59154 62680 64988 65411 67881 68139 69157 70937 71485 ,988856 550205 93849 946886 994565 449708 174681 723095 488937 277240 ,55290 59154 62680 64988 65411 67881 68139 69157 70937 71485 
720865 173264 894201 44153 426777 23722 923265 495429 366651 128056 ,26706 28448 29719 31844 34404 34638 34925 35102 36106 37838 ,720865 173264 894201 44153 426777 23722 923265 495429 366651 128056 ,26706 28448 29719 31844 34404 34638 34925 35102 36106 37838 
795892 395832 393693 503136 16619 59344 888400 450074 598526 858026 ,46686 54992 56506 57033 57732 57749 58645 60447 60636 60912 ,795892 395832 393693 503136 16619 59344 888400 450074 598526 858026 ,46686 54992 56506 57033 57732 57749 58645 60447 60636 60912 
194710 703497 395830 266904 597747 798988 435653 681800 112018 542106 ,51278 54278 57102 57662 59937 61508 62147 62221 64153 64247 ,194710 703497 395830 266904 597747 798988 435653 681800 112018 542106 ,51278 54278 57102 57662 59937 61508 62147 62221 64153 64247 
440448 495719 88881 909547 752206 993096 696586 513834 15455 241514 ,53433 59910 60932 66590 67364 68530 68759 69010 69085 69244 ,440448 495719 88881 909547 752206 993096 696586 513834 15455 241514 ,53433 59910 60932 66590 67364 68530 68759 69010 69085 69244 
482279 986058 163962 384875 223692 563997 874154 396893 11063 480781 ,36135 40368 42703 43724 43894 44037 44128 44321 44997 45585 ,482279 986058 163962 384875 223692 563997 874154 396893 11063 480781 ,36135 40368 42703 43724 43894 44037 44128 44321 44997 45585 
433520 299013 918694 950077 963582 367544 598052 117711 184341 706703 ,67138 71950 72623 75098 75332 76129 77822 78469 79803 80378 ,433520 299013 918694 950077 963582 367544 598052 117711 184341 706703 ,67138 71950 72623 75098 75332 76129 77822 78469 79803 80378 
545433 713425 68367 499099 498796 26515 29951 108546 815354 68753 ,23847 24229 25570 26739 26977 27425 27440 27569 27691 27695 ,545433 713425 68367 499099 498796 26515 29951 108546 815354 68753 ,23847 24229 25570 26739 26977 27425 27440 27569 27691 27695 
215102 966006 719101 745798 692145 774442 41764 512456 518846 912417 ,49323 58349 59145 59857 60760 62599 64563 65484 66547 67884 ,215102 966006 719101 745798 692145 774442 41764 512456 518846 912417 ,49323 58349 59145 59857 60760 62599 64563 65484 66547 67884 
522522 522178 777641 955587 511197 196139 274955 512566 771910 966737 ,31595 33202 35576 36767 36774 37273 37273 39119 39129 39270 ,522522 522178 777641 955587 511197 196139 274955 512566 771910 966737 ,31595 33202 35576 36767 36774 37273 37273 39119 39129 39270 
867959 757631 594028 609935 270539 880374 739121 106336 225129 403273 ,41978 44025 44302 45226 46392 46468 46995 47051 47087 47342 ,867959 757631 594028 609935 270539 739121 106336 403273 564764 423236 ,41978 44025 44302 45226 46392 46995 47051 47342 48001 48109 
511795 515631 528627 391453 528746 690790 103559 108901 693220 347183 ,36966 37112 41227 41910 43372 45118 47560 48279 48428 48498 ,511795 528627 391453 690790 103559 108901 693220 347183 18246 529284 ,36966 41227 41910 45118 47560 48279 48428 48498 48746 49226 
464785 212684 187895 868359 987089 658262 704453 850243 254373 466585 ,57219 58343 58535 58654 58804 59355 59593 59748 59966 60513 ,464785 212684 187895 868359 987089 658262 704453 850243 254373 466585 ,57219 58343 58535 58654 58804 59355 59593 59748 59966 60513 
698919 573375 390682 201635 303828 156626 111179 194468 454551 531882 ,63988 70412 71967 73136 73139 75098 75486 76172 76280 77089 ,698919 573375 390682 201635 303828 156626 111179 194468 454551 531882 ,63988 70412 71967 73136 73139 75098 75486 76172 76280 77089 
364081 515548 128828 151178 111153 83267 532172 924920 305098 83805 ,22346 22634 22640 24844 25194 26323 26595 27441 30465 30751 ,364081 515548 128828 151178 111153 83267 532172 924920 305098 83805 ,22346 22634 22640 24844 25194 26323 26595 27441 30465 30751 
658757 659285 796713 250427 419305 844709 663090 482817 749848 662937 ,45424 45941 51778 53056 53778 54715 55389 55734 55855 55977 ,658757 659285 796713 250427 419305 663090 749848 662937 210434 65173 ,45424 45941 51778 53056 53778 55389 55855 55977 56204 57149 
576119 203493 267771 792102 268235 42850 594635 205552 622674 577332 ,60168 60610 60610 66944 75455 78103 78476 78477 78589 79081 ,576119 267771 203493 792102 268235 42850 594635 205552 622674 577332 ,60168 60610 60610 66944 75455 78103 78476 78477 78589 79081 
806273 32033 338045 513903 610550 835007 233283 876087 869659 249730 ,79163 82947 84090 89644 91292 92944 96239 97014 97163 97388 ,806273 32033 338045 513903 610550 835007 233283 876087 869659 249730 ,79163 82947 84090 89644 91292 92944 96239 97014 97163 97388 
479025 146861 489064 693233 813437 38484 407519 351812 878629 812069 ,48735 49972 51051 51180 54208 55679 56443 57104 59573 63977 ,479025 146861 489064 693233 813437 38484 407519 351812 878629 812069 ,48735 49972 51051 51180 54208 55679 56443 57104 59573 63977 
547926 984251 724891 381918 548516 521868 87520 737509 724631 86153 ,51377 52996 55726 55893 57068 57740 58558 58842 59544 62530 ,547926 984251 724891 381918 548516 521868 87520 737509 724631 86153 ,51377 52996 55726 55893 57068 57740 58558 58842 59544 62530 
551752 573125 515799 574403 318690 106159 714811 456436 725043 626071 ,74674 74762 78411 79162 79521 82658 83300 84649 84853 85474 ,551752 573125 515799 574403 318690 106159 714811 456436 626071 405988 ,74674 74762 78411 79162 79521 82658 83300 84649 85474 86011 
697958 365682 419409 337220 298482 697417 554825 208797 342756 697401 ,38183 41688 46140 46389 47156 47186 48152 48246 48536 48609 ,697958 365682 419409 337220 298482 697417 554825 208797 342756 697401 ,38183 41688 46140 46389 47156 47186 48152 48246 48536 48609 
517739 422278 297643 524605 971789 972990 311942 379459 63341 172459 ,59062 65905 68457 69284 70612 70715 71148 71736 73622 74997 ,517739 422278 297643 524605 971789 972990 311942 379459 63341 172459 ,59062 65905 68457 69284 70612 70715 71148 71736 73622 74997 
845802 748721 914116 274059 869115 867701 480362 681797 920730 905414 ,38485 43524 44880 46046 46111 46906 47790 47998 48239 48697 ,914116 855258 742339 202127 541483 885109 425145 887492 72796 885850 ,44880 49155 49386 49845 51005 52347 52924 53452 53477 54111 
519702 833720 244844 179551 841349 197185 684374 757338 117645 497442 ,82918 83033 86966 88049 90079 93810 93955 94082 94475 94930 ,519702 833720 244844 179551 841349 197185 684374 757338 117645 497442 ,82918 83033 86966 88049 90079 93810 93955 94082 94475 94930 
502722 501648 459133 309921 327641 468668 951081 411912 419011 273862 ,76022 77642 78449 81636 82657 83732 84223 84805 85561 86916 ,502722 501648 459133 309921 327641 468668 951081 411912 419011 273862 ,76022 77642 78449 81636 82657 83732 84223 84805 85561 86916 
516398 86223 488382 909019 515852 15746 483127 869449 887782 89747 ,62950 70988 73541 73801 78458 79051 79356 80041 83466 84299 ,516398 86223 488382 909019 515852 15746 483127 869449 887782 89747 ,62950 70988 73541 73801 78458 79051 79356 80041 83466 84299 
466750 931029 606448 247137 565012 723810 214450 428452 791510 653628 ,54665 60254 61194 61274 62694 63925 64817 65217 66151 66861 ,466750 931029 606448 247137 565012 723810 214450 428452 791510 653628 ,54665 60254 61194 61274 62694 63925 64817 65217 66151 66861 
106097 580992 339612 361196 147793 88933 945848 505101 473105 696914 ,76871 78048 82118 82209 86763 86794 87050 87078 88451 89650 ,106097 580992 339612 361196 147793 88933 945848 505101 473105 696914 ,76871 78048 82118 82209 86763 86794 87050 87078 88451 89650 
465591 430421 32185 635299 571995 804872 668568 532133 191974 233688 ,72468 79536 80560 82938 83049 83293 86369 87028 87613 88379 ,465591 32185 635299 571995 804872 668568 532133 191974 233688 977879 ,72468 80560 82938 83049 83293 86369 87028 87613 88379 88602 
429839 313373 255654 795130 955535 454245 452464 859835 280563 624194 ,64537 67210 68458 69889 72905 74663 74768 75570 76863 79033 ,429839 313373 255654 795130 955535 454245 452464 859835 280563 624194 ,64537 67210 68458 69889 72905 74663 74768 75570 76863 79033 
661760 481962 966434 668903 285135 336289 585933 668824 104190 180722 ,30008 30148 33783 34709 35544 36808 36997 37131 37358 38829 ,661760 481962 966434 668903 285135 336289 585933 668824 104190 180722 ,30008 30148 33783 34709 35544 36808 36997 37131 37358 38829 
193943 587809 378442 619414 471923 797061 396637 68233 682553 513170 ,81697 90494 91231 92129 92782 95295 95898 98084 99218 102289 ,193943 587809 378442 619414 471923 797061 396637 68233 682553 513170 ,81697 90494 91231 92129 92782 95295 95898 98084 99218 102289 
60945 525671 106390 433831 688793 380969 584792 390099 63432 124158 ,49468 50004 51420 51653 52019 52371 52518 54541 54916 55016 ,60945 525671 106390 433831 688793 380969 584792 390099 63432 124158 ,49468 50004 51420 51653 52019 52371 52518 54541 54916 55016 
573888 807157 95977 690290 337091 526355 694979 306235 665322 352981 ,40417 42300 42899 43362 43591 43613 44112 44952 45120 45768 ,573888 95977 690290 337091 526355 694979 306235 665322 352981 321576 ,40417 42899 43362 43591 43613 44112 44952 45120 45768 46078 
600679 504816 321640 506688 892710 292100 692045 297002 85142 775572 ,25649 29974 32682 34336 34392 34660 34902 35640 36232 36363 ,600679 504816 321640 506688 892710 292100 692045 297002 85142 775572 ,25649 29974 32682 34336 34392 34660 34902 35640 36232 36363 
594511 594103 721388 454665 31617 264363 755054 515401 742041 496034 ,58189 58394 60268 60979 61876 62683 63735 63934 65148 65382 ,594511 594103 454665 31617 755054 515401 742041 496034 294617 170720 ,58189 58394 60979 61876 63735 63934 65148 65382 66555 66707 
431594 617968 398303 972892 420730 873847 21989 519018 97583 503418 ,31133 40165 40702 43442 43592 44533 44823 44951 45036 45544 ,431594 617968 398303 972892 420730 873847 21989 519018 97583 503418 ,31133 40165 40702 43442 43592 44533 44823 44951 45036 45544 
681977 702585 435346 966909 295902 63727 48402 68142 947388 742912 ,63519 67520 68229 69557 71132 72180 72707 73187 73190 76053 ,681977 435346 966909 295902 63727 48402 68142 947388 742912 251228 ,63519 68229 69557 71132 72180 72707 73187 73190 76053 76407 
215002 241325 62756 457926 209917 307157 513972 869786 598951 865737 ,76223 79568 82200 83049 83791 84522 84780 86053 86538 89242 ,215002 241325 62756 457926 209917 307157 513972 869786 598951 865737 ,76223 79568 82200 83049 83791 84522 84780 86053 86538 89242 
25098 27145 48605 295528 241282 231794 240821 746305 598545 353752 ,70310 70462 75022 75237 76739 77154 77301 80766 80996 82059 ,25098 27145 48605 295528 241282 231794 240821 746305 353752 847162 ,70310 70462 75022 75237 76739 77154 77301 80766 82059 83193 
106130 143299 614949 351767 107754 826265 553542 854349 340779 780785 ,23557 26197 29454 29977 30147 30613 30648 30668 31051 31281 ,106130 143299 614949 351767 107754 826265 553542 854349 340779 780785 ,23557 26197 29454 29977 30147 30613 30648 30668 31051 31281 
721439 203670 805155 274792 523601 995175 999405 897082 394795 687244 ,87686 92529 92570 93582 94179 94306 95013 95326 96203 96357 ,721439 203670 805155 274792 523601 995175 999405 897082 394795 687244 ,87686 92529 92570 93582 94179 94306 95013 95326 96203 96357 
23463 560359 528434 560795 82951 337180 151250 818019 526064 108248 ,14395 14632 15727 16162 17918 18185 18406 18589 19300 19526 ,23463 560359 528434 560795 82951 337180 151250 818019 526064 108248 ,14395 14632 15727 16162 17918 18185 18406 18589 19300 19526 
227549 422911 453883 555592 297794 97454 272577 55494 870079 180987 ,30326 30851 43433 44141 44247 45078 47428 47951 48174 48527 ,227549 422911 453883 555592 297794 97454 272577 55494 870079 180987 ,30326 30851 43433 44141 44247 45078 47428 47951 48174 48527 
315719 968313 259902 817646 566914 141010 780677 748222 937635 483739 ,34270 35462 37458 37874 38028 38189 39546 40937 41591 43164 ,315719 968313 259902 817646 566914 141010 780677 748222 937635 483739 ,34270 35462 37458 37874 38028 38189 39546 40937 41591 43164 
263053 918763 325573 314142 619317 578461 96076 901403 636580 264953 ,72679 79209 81412 81897 82266 84799 85287 86106 86594 87423 ,263053 918763 325573 314142 619317 578461 96076 901403 636580 264953 ,72679 79209 81412 81897 82266 84799 85287 86106 86594 87423 
984260 105704 419687 811822 284910 909747 630797 569083 599649 598307 ,69380 72007 80927 81116 81520 82282 83250 84322 84528 84880 ,984260 105704 419687 811822 284910 909747 630797 569083 599649 598307 ,69380 72007 80927 81116 81520 82282 83250 84322 84528 84880 
524183 515874 296575 785103 497387 108394 514308 155286 469687 61356 ,21946 23714 24805 27029 27358 27431 28085 28346 28415 29381 ,515874 497387 108394 514308 155286 422671 321552 151217 405065 293117 ,23714 27358 27431 28085 28346 32571 34388 35114 36642 36738 
364980 942281 658211 719156 396939 258037 509876 689978 170550 171285 ,59311 60674 60887 61906 62498 63881 64643 64754 64815 65515 ,364980 942281 658211 719156 396939 258037 509876 689978 170550 171285 ,59311 60674 60887 61906 62498 63881 64643 64754 64815 65515 
294597 482510 80802 708799 90692 554870 34742 25784 995703 534872 ,39130 45536 47194 48168 51657 55151 58328 59203 60254 60377 ,294597 482510 80802 708799 90692 554870 34742 25784 995703 534872 ,39130 45536 47194 48168 51657 55151 58328 59203 60254 60377 
323704 339118 531497 434564 224781 193737 323373 246592 550047 326353 ,49612 50879 50928 54137 54175 54981 57527 57722 57805 57861 ,323704 339118 531497 434564 224781 193737 323373 246592 550047 326353 ,49612 50879 50928 54137 54175 54981 57527 57722 57805 57861 
847844 291986 659691 293881 772215 174980 935736 530695 517245 726718 ,69536 77057 78587 83200 87818 94034 96638 97864 100299 101415 ,847844 291986 659691 293881 772215 174980 935736 530695 517245 726718 ,69536 77057 78587 83200 87818 94034 96638 97864 100299 101415 
529490 528665 505424 605305 738985 530618 246941 533709 514038 316451 ,28815 29057 29663 29780 33149 36568 38238 38890 39431 39453 ,528665 505424 605305 738985 530618 246941 533709 514038 316451 48927 ,29057 29663 29780 33149 36568 38238 38890 39431 39453 39483 
670246 528475 686820 48088 667897 709230 546756 83608 613964 809267 ,36846 46176 49563 50664 51893 52066 52775 53416 53441 53754 ,670246 528475 686820 48088 667897 709230 546756 83608 613964 809267 ,36846 46176 49563 50664 51893 52066 52775 53416 53441 53754 
978037 83526 134248 464376 465224 904510 918671 577590 487962 227288 ,64502 68462 71878 73446 75307 82321 82546 83813 90769 94167 ,978037 83526 134248 464376 465224 904510 918671 577590 487962 227288 ,64502 68462 71878 73446 75307 82321 82546 83813 90769 94167 
525512 467604 736387 395410 175764 455002 663444 185700 630872 897405 ,69236 77062 77426 84663 86181 87673 88475 89104 89558 90553 ,525512 467604 736387 395410 175764 455002 663444 185700 630872 897405 ,69236 77062 77426 84663 86181 87673 88475 89104 89558 90553 
664533 308461 662979 392214 949817 464717 664990 812475 578789 463355 ,55149 56433 60132 63172 63359 64305 64679 65736 66495 67362 ,664533 308461 662979 392214 949817 464717 664990 812475 578789 463355 ,55149 56433 60132 63172 63359 64305 64679 65736 66495 67362 
916778 707343 544709 909423 844144 858307 108814 831078 587547 658696 ,50200 51845 55356 56624 59271 60921 62501 63531 63828 64192 ,916778 707343 544709 909423 844144 858307 108814 831078 587547 658696 ,50200 51845 55356 56624 59271 60921 62501 63531 63828 64192 
322248 529033 529316 529083 544072 530687 529380 140848 373652 23474 ,29477 31346 31602 38038 38904 39064 39857 39873 40004 40360 ,322248 529033 529316 529083 544072 530687 529380 140848 373652 23474 ,29477 31346 31602 38038 38904 39064 39857 39873 40004 40360 
901931 901712 746411 530110 524677 522457 730169 732194 529851 110556 ,48582 48861 48951 49166 49642 50631 50883 54463 54504 55363 ,901931 746411 524677 522457 732194 529851 110556 80596 354068 511794 ,48582 48951 49642 50631 54463 54504 55363 55381 55785 56348 
428211 539421 483330 958412 150695 480458 539485 657157 659447 755096 ,56273 58909 59051 59956 60433 61129 62091 62568 63262 63488 ,428211 539421 483330 958412 150695 539485 657157 659447 755096 915561 ,56273 58909 59051 59956 60433 62091 62568 63262 63488 64047 
99097 498654 501078 426312 529161 723426 336857 528493 684302 16748 ,50868 51456 54231 55200 56214 57086 57367 58145 58613 61003 ,99097 498654 501078 426312 529161 723426 336857 528493 684302 16748 ,50868 51456 54231 55200 56214 57086 57367 58145 58613 61003 
522587 327247 518450 449191 522313 13710 630050 391931 433360 30799 ,41959 48189 55243 55399 55414 56576 57500 57656 58093 59256 ,522587 327247 518450 449191 522313 13710 630050 391931 433360 30799 ,41959 48189 55243 55399 55414 56576 57500 57656 58093 59256 
559785 529992 359064 364207 611332 529702 978407 286497 788639 307112 ,43807 48894 56454 58107 58764 58841 59609 60659 61668 61894 ,559785 529992 359064 364207 611332 529702 978407 286497 788639 307112 ,43807 48894 56454 58107 58764 58841 59609 60659 61668 61894 
489619 872953 489180 14527 133242 488024 509228 490471 241008 13340 ,72185 72442 74577 74661 75470 76778 77233 78133 79320 80309 ,489619 872953 489180 14527 133242 488024 509228 490471 241008 13340 ,72185 72442 74577 74661 75470 76778 77233 78133 79320 80309 
693314 933845 2420 69941 776500 450464 693700 18098 625512 45489 ,83295 97580 100338 100458 104060 106030 106494 106643 107245 107961 ,693314 933845 2420 69941 776500 450464 693700 18098 625512 45489 ,83295 97580 100338 100458 104060 106030 106494 106643 107245 107961 
955 78156 119561 2287 77074 77061 384329 692098 727889 502329 ,54574 63882 65565 66189 67866 68087 68774 70664 71546 72604 ,955 78156 119561 2287 77074 384329 692098 727889 465497 710815 ,54574 63882 65565 66189 67866 68774 70664 71546 73597 73906 
684063 257442 353037 255496 433215 744175 88583 17864 164685 604695 ,63665 67338 68289 69289 71500 71613 71887 75063 77418 78486 ,684063 257442 353037 255496 433215 744175 88583 17864 164685 604695 ,63665 67338 68289 69289 71500 71613 71887 75063 77418 78486 
529386 350795 124501 484880 529409 152552 658393 810018 658360 523495 ,27058 29629 32140 32153 32272 32872 34455 35685 35920 36376 ,529386 350795 124501 484880 529409 152552 658393 810018 658360 523495 ,27058 29629 32140 32153 32272 32872 34455 35685 35920 36376 
963583 533770 478470 719831 427007 725160 744710 945883 739369 486423 ,50581 51174 51721 53306 53444 55170 55298 55396 55415 55847 ,963583 533770 478470 719831 427007 725160 744710 945883 739369 486423 ,50581 51174 51721 53306 53444 55170 55298 55396 55415 55847 
919350 61883 260026 737245 416611 737412 311096 536119 262047 253457 ,26238 37876 38072 38507 38569 42254 44219 44427 45110 45903 ,919350 61883 260026 737245 416611 737412 311096 536119 262047 253457 ,26238 37876 38072 38507 38569 42254 44219 44427 45110 45903 
264276 296571 524630 515492 515778 636138 251096 963673 972775 942987 ,54291 64505 68861 69197 69642 70148 70660 74522 74633 76118 ,264276 296571 524630 515492 515778 636138 251096 963673 972775 942987 ,54291 64505 68861 69197 69642 70148 70660 74522 74633 76118 
287177 398074 348403 788848 405069 689587 269289 284495 485278 437847 ,50288 63521 66410 69363 70563 71283 72246 73479 75575 76107 ,287177 398074 348403 788848 405069 689587 269289 284495 485278 437847 ,50288 63521 66410 69363 70563 71283 72246 73479 75575 76107 
890433 551221 975437 83068 683316 459980 69874 275934 695989 65434 ,81172 81510 83430 84550 86022 86241 94147 95310 95746 96033 ,890433 551221 975437 83068 459980 69874 275934 695989 65434 943385 ,81172 81510 83430 84550 86241 94147 95310 95746 96033 98749 
231680 9452 408352 557505 73064 952448 410693 575365 702785 464031 ,60241 60700 62998 66526 66788 68096 68675 69170 72007 73645 ,231680 9452 408352 557505 73064 952448 702785 464031 901785 63575 ,60241 60700 62998 66526 66788 68096 72007 73645 73909 75297 
890480 717593 448997 795980 244205 35647 77508 599837 40792 476232 ,71290 71580 84591 86505 91824 93570 100915 101646 103451 103662 ,890480 717593 448997 795980 244205 35647 77508 599837 40792 476232 ,71290 71580 84591 86505 91824 93570 100915 101646 103451 103662 
990789 54927 320757 538487 467727 803545 927692 473869 232194 474248 ,60791 63527 65813 71029 73670 74137 75700 75770 77909 79550 ,990789 54927 320757 538487 467727 803545 927692 473869 232194 474248 ,60791 63527 65813 71029 73670 74137 75700 75770 77909 79550 
409664 560932 378116 889296 130138 396973 660804 842271 227826 57081 ,70117 88338 91775 94251 99097 99439 102213 107177 108015 109856 ,409664 560932 378116 889296 130138 396973 660804 842271 227826 57081 ,70117 88338 91775 94251 99097 99439 102213 107177 108015 109856 
262760 508034 432186 817016 80146 234111 321635 762846 68320 956594 ,37656 39226 41854 43210 44332 45632 46712 49009 49886 50031 ,262760 508034 432186 817016 80146 234111 321635 762846 68320 956594 ,37656 39226 41854 43210 44332 45632 46712 49009 49886 50031 
837995 846547 676019 102877 833304 995226 438750 50058 840003 773316 ,50871 52625 55720 56527 57676 57694 57715 57890 65388 65549 ,837995 846547 676019 102877 833304 995226 438750 50058 840003 773316 ,50871 52625 55720 56527 57676 57694 57715 57890 65388 65549 
913910 913335 954512 360271 751729 710689 84850 285171 513455 35491 ,48451 59814 65146 68785 69169 70042 70851 71232 73310 74513 ,913910 913335 954512 751729 710689 84850 285171 513455 35491 238860 ,48451 59814 65146 69169 70042 70851 71232 73310 74513 74770 
302561 603461 144095 401911 527004 351595 262734 292486 810841 519766 ,59245 59418 60861 65197 65214 65244 65760 66492 67241 68193 ,302561 603461 144095 527004 351595 262734 292486 810841 519766 210571 ,59245 59418 60861 65214 65244 65760 66492 67241 68193 69375 
780687 300239 637237 991794 390021 780781 602756 470798 839707 569421 ,50315 53557 59192 59886 61378 64142 64643 66217 66257 68689 ,780687 300239 637237 390021 780781 602756 470798 839707 569421 912051 ,50315 53557 59192 61378 64142 64643 66217 66257 68689 69086 
992176 992478 749294 750169 957838 720271 261694 674159 4104 869036 ,45405 46216 47797 50349 50394 50419 50584 50769 51392 51704 ,3097 870502 997676 533669 70677 924077 20406 132978 997070 717148 ,60832 62518 64115 64252 65868 66555 66786 66982 67054 68740 
831923 376030 554301 710140 187597 799459 40273 738661 528982 832965 ,48212 48797 49196 49453 50362 51272 51930 53436 54860 55445 ,831923 376030 554301 710140 187597 799459 40273 738661 528982 832965 ,48212 48797 49196 49453 50362 51272 51930 53436 54860 55445 
69919 600889 379188 100978 240947 905250 831599 840178 815065 994540 ,38897 41025 41507 41728 41753 41919 42062 43091 43376 43435 ,69919 600889 379188 100978 240947 905250 831599 815065 994540 928585 ,38897 41025 41507 41728 41753 41919 42062 43376 43435 43700 
926909 926663 524757 685281 82971 105423 101453 824170 459495 279485 ,19822 22555 24111 24300 24337 25044 26163 26308 27048 27233 ,926909 926663 524757 685281 82971 105423 824170 459495 279485 525127 ,19822 22555 24111 24300 24337 25044 26308 27048 27233 27360 
99993 51321 831160 559392 7374 265004 734213 756628 554013 129141 ,74379 81401 82773 83848 88828 93148 94163 100089 100908 105053 ,99993 51321 831160 559392 7374 265004 734213 756628 554013 129141 ,74379 81401 82773 83848 88828 93148 94163 100089 100908 105053 
232656 823744 635685 80609 130151 501434 987816 87382 525189 208859 ,29140 36038 37317 37971 38206 39912 40046 40374 41641 41676 ,232656 823744 635685 80609 130151 501434 987816 87382 525189 208859 ,29140 36038 37317 37971 38206 39912 40046 40374 41641 41676 
320542 383577 488081 899568 262661 198813 451883 67502 309692 370320 ,100029 100909 103845 105707 106105 108186 108850 112446 113082 114197 ,320542 383577 488081 899568 262661 198813 451883 67502 309692 370320 ,100029 100909 103845 105707 106105 108186 108850 112446 113082 114197 
997481 931714 913330 965832 842402 570001 679928 843349 249064 269778 ,56781 69356 69387 70648 72069 72205 72546 73444 73762 74415 ,997481 931714 913330 570001 679928 843349 249064 269778 892868 13949 ,56781 69356 69387 72205 72546 73444 73762 74415 75193 75277 
434041 683812 923745 923418 465911 736516 691655 34362 307522 125008 ,54181 63659 66688 71733 73287 73845 74935 75786 76481 79371 ,434041 683812 923745 923418 465911 736516 691655 34362 307522 125008 ,54181 63659 66688 71733 73287 73845 74935 75786 76481 79371 
906718 872332 971491 153863 363254 996162 392289 694527 266696 206175 ,44803 45943 50751 53236 54915 55860 56398 57854 57955 60245 ,906718 872332 971491 153863 363254 996162 392289 694527 266696 206175 ,44803 45943 50751 53236 54915 55860 56398 57854 57955 60245 
660505 490413 321079 457944 547863 106570 364060 905167 105784 862656 ,39473 41107 41646 46242 47205 48733 49879 49903 49920 51691 ,660505 490413 321079 457944 547863 106570 364060 905167 105784 862656 ,39473 41107 41646 46242 47205 48733 49879 49903 49920 51691 
180541 371666 370614 193539 272355 367703 52596 234702 390059 863628 ,43642 44501 45208 45672 45672 46472 46487 46703 46779 47077 ,180541 371666 370614 272355 193539 367703 52596 390059 863628 496609 ,43642 44501 45208 45672 45672 46472 46487 46779 47077 47526 
16040 12032 425268 989442 753047 210299 864180 965315 920186 777503 ,59533 61881 66019 66681 66747 67740 68232 69231 69562 72348 ,16040 12032 425268 989442 753047 210299 864180 965315 920186 777503 ,59533 61881 66019 66681 66747 67740 68232 69231 69562 72348 
756629 807423 986313 889003 225914 210512 882623 116872 48273 37750 ,46732 47346 65639 75297 75702 77798 79609 82372 85509 85697 ,756629 807423 986313 889003 225914 210512 882623 116872 48273 37750 ,46732 47346 65639 75297 75702 77798 79609 82372 85509 85697 
108201 151379 487435 352450 96411 790754 815259 859362 55538 354127 ,15786 18445 21909 23265 23369 24518 24845 25169 25882 25933 ,108201 151379 487435 352450 96411 790754 815259 859362 55538 354127 ,15786 18445 21909 23265 23369 24518 24845 25169 25882 25933 
771823 466642 815093 236815 174319 815282 468063 563946 130936 730572 ,34071 38967 41616 46490 46715 48853 49950 50008 50059 50496 ,771823 466642 815093 236815 174319 815282 468063 563946 130936 730572 ,34071 38967 41616 46490 46715 48853 49950 50008 50059 50496 
862601 556312 870450 638031 641905 445308 785724 131265 959478 816804 ,17911 18345 18510 19530 19747 20288 20410 20545 20563 20712 ,862601 556312 870450 638031 641905 445308 785724 131265 959478 816804 ,17911 18345 18510 19530 19747 20288 20410 20545 20563 20712 
636755 816757 899570 40892 569329 423125 535557 814198 994609 667285 ,5914 9261 11238 11338 12912 14135 15677 15777 15861 15865 ,636755 816757 899570 40892 569329 423125 535557 814198 994609 667285 ,5914 9261 11238 11338 12912 14135 15677 15777 15861 15865 
279486 546066 280395 140264 744280 605061 569320 422983 105847 724543 ,18273 20480 21105 23670 23758 24412 25187 25463 26753 26767 ,279486 546066 280395 140264 744280 605061 569320 422983 105847 724543 ,18273 20480 21105 23670 23758 24412 25187 25463 26753 26767 
372337 655949 278918 187979 306616 306910 211091 158189 859393 45568 ,45474 45906 47559 48630 48786 49733 50031 50130 50882 51660 ,372337 655949 278918 187979 306616 306910 211091 158189 859393 45568 ,45474 45906 47559 48630 48786 49733 50031 50130 50882 51660 
211495 792034 489221 892935 323739 380536 605982 421373 526679 325727 ,30318 30433 34578 35899 36739 36974 39557 39670 40483 40744 ,211495 792034 489221 892935 323739 380536 605982 421373 526679 325727 ,30318 30433 34578 35899 36739 36974 39557 39670 40483 40744 
910794 523319 159317 923615 514144 309443 82526 399302 175376 687244 ,48822 56413 57594 58201 61234 61662 61927 61960 62761 63488 ,910794 523319 159317 923615 514144 309443 82526 399302 175376 687244 ,48822 56413 57594 58201 61234 61662 61927 61960 62761 63488 
723193 290925 279910 498588 747235 703089 504997 261594 716525 857455 ,47754 47903 51257 51646 53061 53552 53963 54351 54622 54718 ,723193 290925 279910 498588 747235 703089 504997 261594 716525 857455 ,47754 47903 51257 51646 53061 53552 53963 54351 54622 54718 
321834 242272 815838 545615 855875 653958 791234 953053 602173 602142 ,32086 34946 38743 39642 41537 41955 44162 44940 44949 45569 ,250271 354144 785078 553771 820953 279876 878300 30379 142848 741149 ,45604 51461 51928 54126 54389 55503 56581 57682 57956 57997 
70473 37323 990278 169206 903059 633813 392979 859727 351156 87333 ,43678 43918 53879 54616 54738 54968 56797 57573 58338 58345 ,70473 37323 990278 169206 903059 633813 392979 859727 351156 87333 ,43678 43918 53879 54616 54738 54968 56797 57573 58338 58345 
939021 222280 346407 260952 682287 981730 577557 711584 995599 950201 ,41752 49179 52808 61328 62938 63260 64928 64966 65771 66877 ,939021 222280 346407 260952 682287 981730 577557 711584 995599 950201 ,41752 49179 52808 61328 62938 63260 64928 64966 65771 66877 
486146 326602 699679 950089 708012 769321 821835 122085 356850 37450 ,36763 50808 52270 53799 54113 56543 57573 57845 59935 60843 ,486146 326602 699679 950089 708012 769321 821835 122085 356850 37450 ,36763 50808 52270 53799 54113 56543 57573 57845 59935 60843 
905889 694948 410852 856789 905795 52406 716980 52318 409516 558901 ,24053 25253 27564 28571 29717 30283 30558 31192 31447 31829 ,52406 716980 814497 558781 699616 929707 188546 698164 559922 781987 ,30283 30558 33135 33275 33313 33540 33904 34235 35222 35304 
239487 916702 401632 591227 378754 308403 403391 482036 933227 212406 ,64192 64314 64644 71376 72929 75463 76468 77056 79343 79776 ,239487 916702 401632 591227 378754 308403 403391 482036 933227 212406 ,64192 64314 64644 71376 72929 75463 76468 77056 79343 79776 
54283 493456 867221 570145 190301 996098 673671 552711 190149 996162 ,60329 66377 66791 70120 78907 80813 82394 85170 85425 87473 ,54283 493456 867221 570145 190301 996098 673671 552711 190149 996162 ,60329 66377 66791 70120 78907 80813 82394 85170 85425 87473 
17599 253456 232112 38647 662500 583137 376530 36431 671325 489463 ,27120 27867 29389 33834 33942 35808 36305 37727 38247 38449 ,17599 253456 232112 38647 662500 583137 376530 36431 671325 489463 ,27120 27867 29389 33834 33942 35808 36305 37727 38247 38449 
47729 778555 46896 495084 536273 307595 235288 458696 732583 552529 ,75289 89695 93508 98626 98844 99102 99488 102112 104295 104437 ,47729 778555 46896 495084 536273 307595 235288 458696 732583 552529 ,75289 89695 93508 98626 98844 99102 99488 102112 104295 104437 
912724 446545 125805 41327 863159 446958 648223 516533 446245 924597 ,10922 14307 16311 16494 16704 17941 18531 19305 20155 21012 ,912724 446545 125805 41327 863159 446958 648223 516533 446245 924597 ,10922 14307 16311 16494 16704 17941 18531 19305 20155 21012 
826321 933681 879797 989622 874403 248346 956832 208939 172923 605169 ,70494 75331 75416 75962 78493 79057 81894 81995 82751 83097 ,826321 933681 879797 874403 248346 956832 208939 172923 694052 727605 ,70494 75331 75416 78493 79057 81894 81995 82751 83449 83590 
272485 397453 106266 183133 497205 867183 684232 888698 717696 607548 ,65156 72099 73350 75195 77229 81614 85540 86669 87755 88682 ,272485 397453 106266 183133 497205 867183 684232 888698 717696 607548 ,65156 72099 73350 75195 77229 81614 85540 86669 87755 88682 
996374 468999 895986 207113 401816 649410 849980 134430 476694 58197 ,36797 41814 44744 45706 45746 50805 51115 53467 55158 57378 ,996374 468999 895986 207113 401816 649410 849980 134430 476694 58197 ,36797 41814 44744 45706 45746 50805 51115 53467 55158 57378 
539041 538930 488465 554981 565684 198890 594308 719282 719294 779338 ,15728 19532 34980 36641 37557 38210 38222 39064 39335 39541 ,539041 538930 488465 554981 565684 198890 594308 719282 719294 779338 ,15728 19532 34980 36641 37557 38210 38222 39064 39335 39541 
60421 741883 705320 929170 744965 905442 376506 732225 667756 677890 ,43356 43393 43562 44640 44680 44692 45021 45575 45584 45792 ,60421 741883 705320 929170 744965 376506 732225 667756 677890 915889 ,43356 43393 43562 44640 44680 45021 45575 45584 45792 45797 
992714 135226 642376 673666 457485 904876 420546 678618 100688 865676 ,69212 76706 77406 84339 98778 103493 109542 109675 111034 113032 ,992714 135226 642376 673666 457485 904876 420546 678618 100688 865676 ,69212 76706 77406 84339 98778 103493 109542 109675 111034 113032 
709331 813117 812067 344975 358998 804967 143289 709000 251832 24366 ,48275 48585 53012 53891 55121 56803 58486 59461 60669 61618 ,344975 804967 357052 764572 734342 737480 974792 845028 246603 252864 ,53891 56803 63211 63483 65933 66921 68017 68023 68983 69860 
538932 778707 838389 997297 438188 448572 95302 951803 831625 877022 ,46220 47613 48041 49114 50178 51600 52111 52263 52750 52783 ,538932 778707 838389 997297 438188 448572 95302 951803 831625 877022 ,46220 47613 48041 49114 50178 51600 52111 52263 52750 52783 
159102 989988 555215 674563 743841 477071 611267 903852 877429 447528 ,24093 25876 26638 28700 31771 36064 38395 38404 41806 44431 ,159102 989988 555215 674563 743841 477071 611267 903852 877429 447528 ,24093 25876 26638 28700 31771 36064 38395 38404 41806 44431 
660553 657330 554980 15598 777502 879712 72107 68328 871035 390377 ,34987 41587 43778 44818 44937 45523 46512 48177 48251 48868 ,660553 657330 554980 15598 777502 879712 72107 68328 871035 390377 ,34987 41587 43778 44818 44937 45523 46512 48177 48251 48868 
367739 205204 370507 200876 627925 485248 480582 484480 205888 751819 ,53440 54983 56461 57791 57846 57933 58235 58703 59230 59307 ,367739 205204 370507 200876 627925 485248 480582 484480 751819 677264 ,53440 54983 56461 57791 57846 57933 58235 58703 59307 59455 
13753 99153 274805 667839 899969 863107 879691 102176 518556 870248 ,32578 35759 36259 38751 39203 40562 40955 42181 42606 42791 ,13753 99153 274805 667839 899969 863107 879691 102176 518556 870248 ,32578 35759 36259 38751 39203 40562 40955 42181 42606 42791 
72812 66400 130362 506973 15382 773358 502771 225600 13340 973521 ,39211 41257 44898 45709 46783 48406 48571 50137 51335 51409 ,72812 66400 130362 15382 773358 502771 225600 13340 973521 500572 ,39211 41257 44898 46783 48406 48571 50137 51335 51409 51759 
669069 392811 809551 15392 748410 561593 90855 269578 681777 862896 ,69224 70206 73028 73224 73464 74236 74449 76638 76790 76840 ,669069 392811 809551 15392 748410 561593 90855 269578 681777 862896 ,69224 70206 73028 73224 73464 74236 74449 76638 76790 76840 
665953 666124 259942 470179 791808 665882 944990 404429 681889 739175 ,30550 31049 35708 35909 36877 36890 37125 37390 40746 41128 ,665953 666124 259942 470179 791808 665882 944990 404429 681889 739175 ,30550 31049 35708 35909 36877 36890 37125 37390 40746 41128 
390461 484139 970013 631251 574287 501087 921171 919459 108230 562958 ,27643 37704 45334 48883 49453 49675 49916 50652 50825 51405 ,390461 484139 970013 631251 574287 501087 921171 919459 108230 562958 ,27643 37704 45334 48883 49453 49675 49916 50652 50825 51405 
496822 922587 644421 850682 856382 904536 959963 36143 903896 889036 ,22822 22873 25974 28134 29785 29815 30212 30352 31128 31781 ,496822 922587 644421 850682 856382 904536 959963 36143 903896 889036 ,22822 22873 25974 28134 29785 29815 30212 30352 31128 31781 
207681 219494 742339 879713 56520 921848 868395 23834 886398 416872 ,16484 21582 26344 28432 28918 29302 29621 31024 31648 32363 ,207681 219494 742339 879713 56520 921848 868395 23834 886398 416872 ,16484 21582 26344 28432 28918 29302 29621 31024 31648 32363 
405518 560357 899085 756065 103487 561378 560773 569761 373708 855255 ,29391 32015 34475 36140 36312 37941 38789 43346 43995 44272 ,405518 560357 899085 756065 103487 561378 560773 569761 373708 855255 ,29391 32015 34475 36140 36312 37941 38789 43346 43995 44272 
965723 812059 418153 606664 880648 583218 668404 375518 992095 373970 ,47766 49805 53923 54356 54925 55100 55759 56155 56285 56617 ,965723 812059 418153 606664 880648 583218 668404 375518 373970 9836 ,47766 49805 53923 54356 54925 55100 55759 56155 56617 57154 
546289 757017 862254 990320 675749 55867 960995 541713 226406 822275 ,29292 29375 33627 34225 38434 40442 43508 43849 44539 44740 ,546289 757017 862254 990320 675749 960995 541713 226406 822275 758306 ,29292 29375 33627 34225 38434 43508 43849 44539 44740 48072 
377682 791515 20421 210167 627895 994256 2113 569657 843889 343896 ,72429 79891 85187 87942 88765 89158 89495 91144 91184 91339 ,377682 791515 20421 210167 627895 994256 2113 569657 843889 343896 ,72429 79891 85187 87942 88765 89158 89495 91144 91184 91339 
692903 951679 344724 526795 293921 56666 746046 985041 629306 573686 ,92993 106822 112281 112347 112872 112991 113162 114492 116088 117566 ,692903 951679 344724 526795 293921 56666 746046 985041 629306 573686 ,92993 106822 112281 112347 112872 112991 113162 114492 116088 117566 
191725 934642 516496 564077 518554 14032 596735 207983 227421 922167 ,53768 56532 62932 63626 64447 65388 66351 66364 67477 68796 ,191725 934642 516496 564077 518554 14032 596735 207983 227421 922167 ,53768 56532 62932 63626 64447 65388 66351 66364 67477 68796 
406394 589178 153959 285806 886365 43447 595246 618238 998198 482550 ,42401 60815 62086 63430 65349 65518 65729 65906 66383 66619 ,406394 589178 153959 285806 886365 43447 595246 618238 998198 482550 ,42401 60815 62086 63430 65349 65518 65729 65906 66383 66619 
753964 84967 291910 429347 86980 719257 40560 87905 632208 29998 ,29728 32421 33492 34452 35389 36316 37259 37835 38431 38513 ,753964 84967 291910 429347 86980 719257 40560 87905 632208 29998 ,29728 32421 33492 34452 35389 36316 37259 37835 38431 38513 
571458 475500 375949 216080 207175 889764 448160 608566 870441 541369 ,15592 16345 17163 18530 19092 19242 19336 19499 19546 19676 ,571458 475500 216080 207175 889764 448160 608566 541369 547007 674046 ,15592 16345 18530 19092 19242 19336 19499 19676 19744 20024 
427883 340236 354474 625363 121125 556620 687463 819977 561019 515722 ,71603 76661 81537 86501 86991 88166 92013 92416 92685 96813 ,427883 340236 354474 625363 121125 556620 687463 819977 561019 515722 ,71603 76661 81537 86501 86991 88166 92013 92416 92685 96813 
569707 861719 284154 787542 501943 123290 916607 489522 240242 213206 ,66879 68115 68586 68918 69305 69930 71924 72162 72315 73459 ,569707 861719 284154 501943 123290 916607 489522 240242 213206 930999 ,66879 68115 68586 69305 69930 71924 72162 72315 73459 74246 
854794 544709 538680 768227 922587 946969 919762 858307 854974 823977 ,13002 20013 23463 25116 25265 25319 25570 25792 29475 29852 ,854794 544709 538680 768227 922587 946969 919762 858307 854974 823977 ,13002 20013 23463 25116 25265 25319 25570 25792 29475 29852 
883464 232573 830985 803981 82650 268658 572868 495955 515681 771925 ,39990 47266 47377 47742 48604 48880 49202 49476 51269 51561 ,883464 232573 830985 803981 82650 268658 572868 495955 515681 771925 ,39990 47266 47377 47742 48604 48880 49202 49476 51269 51561 
183985 276640 390377 403833 653263 987224 608595 249688 224561 840393 ,80157 84428 89569 90773 91478 93283 98226 100326 100375 100416 ,183985 276640 390377 403833 653263 987224 608595 249688 224561 840393 ,80157 84428 89569 90773 91478 93283 98226 100326 100375 100416 
726231 969561 40666 783641 811716 159072 208108 538892 488700 929086 ,59261 67113 67645 69214 71042 71347 71482 72335 72349 72427 ,726231 969561 40666 783641 488700 929086 425520 844607 881059 749571 ,59261 67113 67645 69214 72349 72427 73809 75808 75915 76670 
358330 528723 499761 977685 69209 858446 276648 532542 637404 503207 ,40204 41931 46064 46461 49802 51883 52414 52929 53683 54112 ,358330 528723 499761 977685 69209 858446 276648 532542 637404 503207 ,40204 41931 46064 46461 49802 51883 52414 52929 53683 54112 
312407 799443 712127 810283 140691 90850 895958 573703 186313 214884 ,83536 86518 92439 95090 98985 102202 105212 109840 109978 110008 ,312407 799443 712127 810283 140691 90850 895958 573703 186313 214884 ,83536 86518 92439 95090 98985 102202 105212 109840 109978 110008 
59264 467818 317958 419440 359325 492868 862591 865905 911087 197538 ,47152 47878 50273 50465 52365 52997 53160 53281 53985 54584 ,59264 317958 492868 862591 865905 197538 612529 491180 725334 613052 ,47152 50273 52997 53160 53281 54584 54805 54834 55198 55269 
833309 374807 445185 557892 852528 129602 275993 644244 742082 897334 ,50585 54379 55885 60748 73775 74617 77397 79100 81320 82706 ,833309 374807 445185 557892 852528 129602 275993 644244 742082 897334 ,50585 54379 55885 60748 73775 74617 77397 79100 81320 82706 
826998 637348 604296 713933 569572 53841 641260 636826 937580 824226 ,22967 22980 23687 25593 27014 29340 29922 29969 31333 31507 ,826998 637348 604296 713933 569572 53841 641260 937580 102523 130909 ,22967 22980 23687 25593 27014 29340 29922 31333 32149 32327 
558480 559839 768102 102523 536144 713933 901561 826998 636826 641260 ,20891 25522 26603 26651 27805 29129 31037 31533 36175 40352 ,558480 559839 768102 102523 536144 713933 901561 826998 641260 643137 ,20891 25522 26603 26651 27805 29129 31037 31533 40352 40567 
311223 179823 939259 650775 766664 694930 891687 174539 619896 269733 ,74330 81044 83589 85235 85661 86349 86986 88748 90192 91736 ,311223 179823 939259 650775 766664 694930 891687 174539 619896 269733 ,74330 81044 83589 85235 85661 86349 86986 88748 90192 91736 
574481 473450 387260 219372 923586 219166 650874 841917 472440 454262 ,44859 51485 51797 53507 54172 54274 54526 54755 54764 54826 ,574481 473450 387260 219372 923586 219166 650874 841917 454262 470939 ,44859 51485 51797 53507 54172 54274 54526 54755 54826 55678 
60838 341273 982234 264864 355410 716434 572809 549506 723006 370685 ,55850 59306 61015 61844 65108 65446 66331 67075 67850 68573 ,60838 341273 982234 264864 355410 716434 572809 549506 723006 370685 ,55850 59306 61015 61844 65108 65446 66331 67075 67850 68573 
263754 825463 126895 263191 264051 960837 986350 519956 995084 365517 ,33303 40262 45174 45376 47414 47879 47911 50434 50652 50825 ,263754 825463 126895 263191 264051 960837 986350 519956 995084 365517 ,33303 40262 45174 45376 47414 47879 47911 50434 50652 50825 
932384 491327 210691 190933 271759 663002 899790 701766 728413 943905 ,61954 65460 65852 70368 74603 75639 75676 75750 76495 76762 ,932384 491327 210691 190933 271759 663002 899790 701766 728413 943905 ,61954 65460 65852 70368 74603 75639 75676 75750 76495 76762 
89932 386078 822155 860077 368512 314461 95162 992326 424483 233388 ,51645 53129 55813 62650 64779 66725 69142 70328 73775 76676 ,89932 386078 822155 860077 368512 314461 95162 992326 424483 233388 ,51645 53129 55813 62650 64779 66725 69142 70328 73775 76676 
696373 254228 232576 912125 294744 329053 471788 246693 472359 630863 ,35428 35528 35850 36067 37404 37501 38652 39051 39130 39368 ,254228 232576 912125 294744 329053 471788 246693 472359 630863 497774 ,35528 35850 36067 37404 37501 38652 39051 39130 39368 39568 
576958 186348 717946 656394 386577 227384 647463 728658 953295 874960 ,88721 88978 92484 92622 93880 94527 101927 103732 107082 109265 ,576958 186348 717946 656394 386577 227384 647463 728658 953295 874960 ,88721 88978 92484 92622 93880 94527 101927 103732 107082 109265 
821736 638396 225617 151685 168062 987104 701026 686148 654312 473536 ,63303 83599 84262 87742 88875 91752 100767 102238 102299 102530 ,821736 638396 225617 151685 168062 987104 701026 686148 654312 473536 ,63303 83599 84262 87742 88875 91752 100767 102238 102299 102530 
195541 518772 749627 900748 613780 262260 594753 913389 65140 867037 ,90026 90029 90562 96329 96701 97250 97798 98115 101797 102729 ,195541 518772 749627 900748 613780 262260 594753 65140 867037 292037 ,90026 90029 90562 96329 96701 97250 97798 101797 102729 102907 
43533 958419 558239 76805 580783 760134 335182 190407 681194 693343 ,56938 58195 61472 64318 65757 66269 67655 68616 69497 69913 ,43533 958419 558239 76805 580783 760134 335182 190407 681194 693343 ,56938 58195 61472 64318 65757 66269 67655 68616 69497 69913 
946231 711192 835800 778920 145645 918733 380170 543432 927613 145317 ,63774 69176 70094 70705 71012 75868 77465 78224 78513 78634 ,946231 711192 835800 778920 145645 918733 380170 543432 927613 145317 ,63774 69176 70094 70705 71012 75868 77465 78224 78513 78634 
596322 510829 959146 389468 631819 271304 367860 88235 470788 810368 ,63630 64293 65325 65902 67976 70270 71826 72026 72346 73594 ,596322 510829 389468 631819 271304 367860 88235 470788 810368 926677 ,63630 64293 65902 67976 70270 71826 72026 72346 73594 73694 
255924 248125 260880 472692 645706 533798 695697 488583 510258 4734 ,44601 60430 60833 63674 66264 66755 70257 70985 73138 73583 ,255924 248125 260880 472692 645706 533798 695697 488583 510258 4734 ,44601 60430 60833 63674 66264 66755 70257 70985 73138 73583 
108909 283307 131790 719148 42714 517910 123297 615497 515212 566272 ,27083 28076 28508 29112 30930 31656 32355 32711 33025 33390 ,108909 283307 131790 719148 42714 517910 123297 615497 515212 566272 ,27083 28076 28508 29112 30930 31656 32355 32711 33025 33390 
795475 6543 72058 50715 87931 822794 84727 538080 869974 308894 ,46725 47573 49001 51188 54568 55279 55797 56617 57261 57930 ,795475 6543 72058 50715 87931 84727 538080 869974 308894 87590 ,46725 47573 49001 51188 54568 55797 56617 57261 57930 58467 
516498 663514 843163 100232 845860 609106 996925 198545 994257 512136 ,37610 38038 39310 40996 42631 44637 45338 45565 46013 46532 ,516498 663514 843163 100232 845860 609106 996925 198545 994257 512136 ,37610 38038 39310 40996 42631 44637 45338 45565 46013 46532 
546445 546395 546479 770159 239491 563872 345954 229120 654310 540182 ,42225 60065 66324 66578 70400 70714 71827 75608 76635 78320 ,546445 546395 546479 770159 239491 563872 345954 654310 540182 357295 ,42225 60065 66324 66578 70400 70714 71827 76635 78320 81223 
802003 66552 253534 805660 856767 902156 76122 204888 744531 752991 ,79548 80179 81300 83572 88271 88845 90033 90086 90088 91304 ,802003 66552 253534 805660 856767 902156 76122 204888 744531 752991 ,79548 80179 81300 83572 88271 88845 90033 90086 90088 91304 
984281 870108 861934 841749 609797 522531 773378 758863 281906 901796 ,70228 72299 79909 80721 82856 84646 87591 89064 90533 91603 ,984281 870108 861934 841749 609797 522531 773378 758863 281906 901796 ,70228 72299 79909 80721 82856 84646 87591 89064 90533 91603 
25794 318373 385534 111003 548103 599871 428400 521082 468197 279710 ,35485 35702 38920 42473 44596 46027 49653 49743 50427 51010 ,25794 318373 385534 111003 548103 599871 428400 521082 468197 279710 ,35485 35702 38920 42473 44596 46027 49653 49743 50427 51010 
756219 662356 529599 954908 808957 957412 663814 661560 560743 360917 ,33791 35670 38253 41699 41763 42199 42379 43567 43826 44300 ,756219 662356 529599 954908 808957 957412 663814 661560 360917 203505 ,33791 35670 38253 41699 41763 42199 42379 43567 44300 44663 
417152 801106 514547 535790 801336 178877 8259 389234 608625 651644 ,37561 39270 40223 41115 42830 43187 43523 43693 44455 44560 ,417152 978323 326317 2526 344789 605500 832012 50816 76996 579895 ,37561 47352 53994 54100 54817 55591 56174 58300 58392 59334 
939289 537514 216069 518533 426767 437884 455925 35930 904305 275577 ,58767 60098 63036 63393 64508 64876 69145 74427 75255 77540 ,939289 537514 216069 518533 426767 437884 455925 35930 904305 275577 ,58767 60098 63036 63393 64508 64876 69145 74427 75255 77540 
161932 256893 85352 294462 801025 726311 223613 710981 663246 102800 ,51345 56163 58472 58659 60809 61029 61901 65599 66248 66719 ,161932 85352 801025 223613 663246 102800 561673 872346 244062 575275 ,51345 58472 60809 61901 66248 66719 66918 68023 68264 69144 
672440 673278 24425 611613 666966 827623 610590 874416 477194 819598 ,12214 14815 15170 15544 15553 15721 15826 16120 16224 16344 ,672440 673278 24425 611613 666966 827623 610590 874416 477194 819598 ,12214 14815 15170 15544 15553 15721 15826 16120 16224 16344 
553482 314552 315363 261007 846649 570512 369409 225143 224043 894869 ,47641 48943 49349 55687 58539 59496 61327 62040 62164 62367 ,553482 314552 315363 261007 846649 570512 369409 225143 224043 894869 ,47641 48943 49349 55687 58539 59496 61327 62040 62164 62367 
630717 551378 375010 162225 777328 185375 108496 639434 103998 909188 ,33899 33936 36366 36547 38054 38361 39220 39626 44623 44659 ,630717 551378 375010 162225 777328 185375 108496 639434 103998 909188 ,33899 33936 36366 36547 38054 38361 39220 39626 44623 44659 
187107 373538 790172 414545 769584 495590 931283 889841 915085 222540 ,60015 68468 81626 83369 87828 87921 87942 88425 88544 88956 ,187107 373538 790172 414545 769584 495590 931283 889841 915085 222540 ,60015 68468 81626 83369 87828 87921 87942 88425 88544 88956 
363697 498248 800357 569372 276986 366240 370148 528430 237003 245327 ,30692 39010 51528 52143 53976 55335 56014 56106 56157 56190 ,363697 498248 800357 569372 276986 366240 370148 528430 237003 245327 ,30692 39010 51528 52143 53976 55335 56014 56106 56157 56190 
965059 684481 811989 168623 414820 188820 168949 152830 155712 528152 ,39628 42256 43252 43714 44877 45059 45709 46345 46474 47060 ,965059 684481 811989 168623 414820 188820 168949 152830 155712 528152 ,39628 42256 43252 43714 44877 45059 45709 46345 46474 47060 
860297 507218 823771 878280 234416 122874 314230 107530 171460 731358 ,82881 83729 84653 87650 88253 89778 90070 91009 91500 93392 ,860297 507218 823771 878280 234416 122874 314230 107530 171460 731358 ,82881 83729 84653 87650 88253 89778 90070 91009 91500 93392 
411052 367213 658493 942671 792954 271305 514599 634217 662725 518085 ,65256 70367 72373 86934 89241 89350 89382 90417 91297 93034 ,411052 367213 658493 942671 792954 271305 514599 634217 662725 518085 ,65256 70367 72373 86934 89241 89350 89382 90417 91297 93034 
243528 410005 548825 119858 584355 187811 210929 245616 226609 94239 ,62495 62642 63421 63978 64813 65590 67314 67997 68338 68746 ,243528 410005 548825 119858 584355 187811 210929 245616 226609 94239 ,62495 62642 63421 63978 64813 65590 67314 67997 68338 68746 
937953 220785 878402 880961 116990 942813 704074 625061 715750 249596 ,75423 82744 84139 92055 98067 100195 102101 105519 110228 110297 ,937953 878402 116990 942813 704074 625061 715750 249596 12835 223152 ,75423 84139 98067 100195 102101 105519 110228 110297 112739 112886 
560898 365960 8041 279532 279279 254116 581518 534579 299016 839183 ,37605 44234 44646 45032 46685 48224 48273 49050 49408 49498 ,560898 365960 8041 279532 279279 254116 581518 534579 299016 839183 ,37605 44234 44646 45032 46685 48224 48273 49050 49408 49498 
832083 467964 166675 345662 631859 713191 712792 120153 482936 21036 ,49005 49827 50742 51423 53422 53679 54207 55298 55344 55413 ,166675 120153 482936 481466 791527 926304 634900 154832 430906 522315 ,50742 55298 55344 60645 62969 63613 64252 65691 66808 66923 
815040 510312 954340 96411 930554 68645 689852 719230 724317 354127 ,37163 37518 38412 41030 41985 42227 42293 43492 43913 44130 ,815040 510312 954340 96411 930554 68645 689852 719230 724317 354127 ,37163 37518 38412 41030 41985 42227 42293 43492 43913 44130 
770295 640277 534923 386717 206240 270518 888318 555636 231191 693827 ,33001 37770 39044 44569 44892 44892 45054 46481 49662 51872 ,770295 640277 534923 386717 206240 270518 888318 555636 231191 693827 ,33001 37770 39044 44569 44892 44892 45054 46481 49662 51872 
125631 700793 535102 279963 331430 429647 684190 330233 317540 948576 ,52199 52827 53910 56159 57394 58623 59203 59726 59797 60183 ,125631 700793 535102 279963 331430 429647 684190 330233 317540 948576 ,52199 52827 53910 56159 57394 58623 59203 59726 59797 60183 
468054 529296 639787 460021 528763 262003 124948 803849 152365 448407 ,43860 46709 46797 47607 47675 48230 48418 48899 49437 49453 ,468054 529296 639787 460021 528763 262003 124948 803849 152365 448407 ,43860 46709 46797 47607 47675 48230 48418 48899 49437 49453 
57027 862737 421901 160354 685470 871697 45152 808198 162506 460597 ,39998 41077 42748 45745 47458 47850 49779 50190 50384 51003 ,57027 862737 421901 160354 685470 871697 45152 808198 162506 460597 ,39998 41077 42748 45745 47458 47850 49779 50190 50384 51003 
403251 232021 17512 197159 275975 181841 623393 983003 622661 719642 ,50739 55126 56935 58917 58917 59705 59722 59962 60935 61060 ,403251 232021 17512 275975 197159 181841 623393 983003 622661 719642 ,50739 55126 56935 58917 58917 59705 59722 59962 60935 61060 
528162 321905 487496 615794 890396 152456 557123 552495 500232 288145 ,45634 55233 55799 58891 61078 61119 61628 64442 64646 65093 ,528162 321905 487496 615794 890396 152456 557123 552495 500232 288145 ,45634 55233 55799 58891 61078 61119 61628 64442 64646 65093 
791093 83072 448398 69208 84603 270430 106600 62190 695303 732382 ,60271 79588 79896 83894 89921 92782 97040 97102 98462 101597 ,791093 83072 448398 69208 84603 270430 106600 62190 695303 732382 ,60271 79588 79896 83894 89921 92782 97040 97102 98462 101597 
877862 368742 824984 464323 395684 866456 966434 449059 853069 158333 ,55266 61365 61660 62083 62739 63110 63555 64681 65086 65350 ,877862 368742 824984 464323 395684 866456 966434 449059 853069 158333 ,55266 61365 61660 62083 62739 63110 63555 64681 65086 65350 
541541 952510 44270 808020 411013 839381 839347 42233 51680 373929 ,15689 17835 18741 22389 24350 24938 25849 26033 26534 30961 ,541541 952510 44270 808020 411013 839381 839347 42233 51680 373929 ,15689 17835 18741 22389 24350 24938 25849 26033 26534 30961 
278829 336916 278934 320366 140561 350473 351048 292007 321860 175077 ,35274 37285 37740 37895 38240 38663 38962 39325 39951 40026 ,278829 336916 278934 320366 140561 350473 351048 292007 321860 175077 ,35274 37285 37740 37895 38240 38663 38962 39325 39951 40026 
176144 917508 806966 929069 63090 533994 450759 438915 992055 7972 ,64687 64821 68757 73906 74894 77709 77996 78022 80178 80527 ,176144 917508 806966 929069 63090 533994 450759 438915 992055 7972 ,64687 64821 68757 73906 74894 77709 77996 78022 80178 80527 
494862 831022 443719 613948 606844 699847 143411 625304 237505 949913 ,75095 81097 87511 87558 87852 92622 93354 95475 95852 95919 ,494862 831022 443719 613948 606844 699847 143411 625304 237505 949913 ,75095 81097 87511 87558 87852 92622 93354 95475 95852 95919 
813799 59248 533291 162029 292137 661597 128059 459464 88622 70297 ,76460 77080 80834 81991 83208 83550 83844 84120 84287 84635 ,813799 59248 533291 162029 292137 661597 128059 459464 88622 70297 ,76460 77080 80834 81991 83208 83550 83844 84120 84287 84635 
95172 6368 157682 29703 338329 568806 662726 696520 153079 676021 ,55902 66395 68300 69985 70689 72007 72586 74089 75857 77005 ,6368 157682 29703 568806 662726 696520 676021 662881 766217 695971 ,66395 68300 69985 72007 72586 74089 77005 79363 79580 81197 
721306 343699 735962 798964 484903 88745 126752 441540 8360 355869 ,42515 45467 48929 51319 51865 52870 53492 53812 53922 54447 ,721306 343699 735962 798964 484903 88745 126752 441540 355869 997210 ,42515 45467 48929 51319 51865 52870 53492 53812 54447 54459 
298688 427539 184188 966245 285410 280247 366909 980582 869010 128077 ,113015 122328 124098 129462 131062 132352 134339 134653 138039 139216 ,298688 427539 184188 966245 285410 280247 366909 980582 869010 128077 ,113015 122328 124098 129462 131062 132352 134339 134653 138039 139216 
895600 862269 728490 990092 172522 242956 969855 263930 871233 526964 ,55300 58901 59637 60670 61352 62165 62668 63252 64596 64693 ,895600 862269 728490 990092 172522 242956 969855 263930 871233 526964 ,55300 58901 59637 60670 61352 62165 62668 63252 64596 64693 
25883 451253 14301 258597 828029 709920 404466 439859 774829 979734 ,70635 72525 75084 75500 75535 76328 76605 76774 76867 77263 ,25883 451253 14301 258597 828029 709920 404466 439859 774829 979734 ,70635 72525 75084 75500 75535 76328 76605 76774 76867 77263 
536555 410970 108040 559861 409793 399092 127474 231193 381924 62572 ,55410 69458 79102 79359 82425 85709 87208 89017 89547 91163 ,536555 410970 108040 559861 399092 127474 231193 381924 62572 397469 ,55410 69458 79102 79359 85709 87208 89017 89547 91163 92580 
594792 47693 769598 644646 478079 221948 510997 590993 939483 271761 ,101554 102861 103885 104001 107019 107938 108439 108977 109328 110280 ,594792 47693 769598 644646 478079 221948 510997 590993 939483 271761 ,101554 102861 103885 104001 107019 107938 108439 108977 109328 110280 
403491 685410 973487 480929 988245 68732 173481 694547 461838 458826 ,94433 96953 99890 103727 104327 105012 105689 106588 107037 107280 ,403491 685410 973487 480929 988245 68732 173481 458826 793761 707619 ,94433 96953 99890 103727 104327 105012 105689 107280 107291 107708 
549305 551416 600643 40353 948196 959570 425185 692435 172922 551577 ,56251 66651 66955 73113 75715 75996 76099 76490 76778 77053 ,425185 692435 172922 551577 691534 685530 683068 212561 485900 596679 ,76099 76490 76778 77053 80352 80354 82643 84112 84827 85046 
719332 578327 433976 495403 436123 528326 131268 332253 244968 705050 ,56302 59163 61275 62399 62838 64318 64846 65068 65575 65670 ,719332 578327 433976 495403 436123 528326 131268 332253 244968 705050 ,56302 59163 61275 62399 62838 64318 64846 65068 65575 65670 
479820 283697 377043 328325 122929 429236 259226 961621 691132 701910 ,61416 62078 62756 63344 65377 68368 78349 78956 80731 81011 ,479820 283697 377043 328325 122929 429236 259226 961621 691132 701910 ,61416 62078 62756 63344 65377 68368 78349 78956 80731 81011 
299100 520181 309853 310698 855697 844385 164221 48205 393577 960042 ,107449 119380 119564 126397 127207 127430 130001 130729 131568 132115 ,299100 520181 309853 310698 855697 844385 164221 48205 393577 960042 ,107449 119380 119564 126397 127207 127430 130001 130729 131568 132115 
430597 138857 61857 383372 3334 974881 48533 457759 66514 670958 ,58086 66477 68149 69473 70472 70686 72598 73915 74066 74110 ,430597 138857 61857 383372 3334 974881 48533 457759 66514 731666 ,58086 66477 68149 69473 70472 70686 72598 73915 74066 74607 
682984 176313 822029 599124 179908 549095 973014 487808 193490 272306 ,40178 41702 44637 48741 49122 49436 49608 49955 51117 51117 ,682984 176313 822029 599124 179908 549095 973014 487808 272306 193490 ,40178 41702 44637 48741 49122 49436 49608 49955 51117 51117 
387964 197057 750734 967015 117959 108051 499484 951648 500728 120473 ,55731 59723 61819 65146 65894 66760 69508 69802 70863 70983 ,387964 197057 750734 967015 117959 108051 499484 951648 500728 120473 ,55731 59723 61819 65146 65894 66760 69508 69802 70863 70983 
776057 489541 775776 761823 828089 403973 662430 253043 64037 256767 ,34039 34949 40496 41402 41654 42027 43172 43319 43829 44808 ,776057 489541 775776 761823 828089 403973 662430 253043 64037 256767 ,34039 34949 40496 41402 41654 42027 43172 43319 43829 44808 
845979 112707 908531 896144 827228 57246 975137 204835 306187 972870 ,24671 28032 28983 29124 29345 30107 30278 30748 30860 31429 ,845979 112707 908531 896144 827228 57246 975137 204835 306187 937445 ,24671 28032 28983 29124 29345 30107 30278 30748 30860 31592 
11560 274159 125422 524737 66508 730575 394669 550288 19714 194996 ,52618 53134 54015 54157 54783 56196 56445 57722 57733 57923 ,11560 274159 125422 524737 66508 730575 550288 681951 669014 92342 ,52618 53134 54015 54157 54783 56196 57722 58079 58171 58249 
388106 5078 176653 505933 312440 895664 63341 251692 812679 992808 ,66090 84063 98032 101600 109825 110070 118850 138340 149959 154084 ,388106 5078 176653 505933 312440 895664 63341 251692 812679 992808 ,66090 84063 98032 101600 109825 110070 118850 138340 149959 154084 
725064 97551 449693 591532 192523 108010 345749 110429 323507 984068 ,19841 23080 28202 30531 30728 31429 31476 32504 32534 32604 ,725064 449693 591532 192523 108010 345749 110429 323507 984068 504735 ,19841 28202 30531 30728 31429 31476 32504 32534 32604 33290 
915172 413167 503688 737725 486169 260036 913798 557931 304181 521271 ,93417 97806 102958 103158 105419 105531 109477 110576 111187 111603 ,915172 413167 503688 737725 486169 260036 913798 557931 304181 126320 ,93417 97806 102958 103158 105419 105531 109477 110576 111187 112772 
445552 993849 790889 910954 200679 770884 266028 834774 993760 560406 ,29229 32770 33227 36714 37231 37374 37493 37739 38126 38713 ,445552 993849 790889 910954 770884 266028 834774 993760 560406 446674 ,29229 32770 33227 36714 37374 37493 37739 38126 38713 39117 
647341 345606 223714 403593 945562 608192 16343 756219 967518 470857 ,74302 86464 88430 88502 88751 91408 91655 92334 93842 93869 ,647341 345606 223714 403593 945562 608192 16343 756219 967518 470857 ,74302 86464 88430 88502 88751 91408 91655 92334 93842 93869 
455829 380896 597553 495567 55405 192134 36971 830812 246825 15998 ,78584 78661 89781 90493 90734 92841 93750 96637 97457 98059 ,455829 380896 597553 495567 55405 192134 36971 830812 246825 15998 ,78584 78661 89781 90493 90734 92841 93750 96637 97457 98059 
484186 986694 232532 146913 736319 544386 640961 853826 836877 500558 ,47683 50030 51168 52982 53461 53716 54654 57308 58895 59732 ,484186 986694 232532 146913 736319 544386 640961 853826 836877 809496 ,47683 50030 51168 52982 53461 53716 54654 57308 58895 59933 
606270 992273 445450 713031 459910 313988 861535 46811 815845 312665 ,51309 75650 81962 82605 103938 114292 117045 117538 117927 123111 ,606270 992273 445450 713031 459910 313988 861535 46811 815845 312665 ,51309 75650 81962 82605 103938 114292 117045 117538 117927 123111 
424597 553448 477378 998229 553136 45598 425736 912333 546792 477013 ,8571 9211 9601 10955 11486 13226 13950 14138 17299 17499 ,553136 45598 700264 281102 826859 698434 559099 559392 697252 5928 ,11486 13226 23091 23343 23445 25876 29823 31149 32800 32891 
318800 475332 395569 162313 14926 957477 832267 98163 608421 226730 ,122136 148972 153397 155172 166151 174010 176178 179554 180750 188805 ,318800 475332 395569 162313 14926 957477 832267 98163 608421 226730 ,122136 148972 153397 155172 166151 174010 176178 179554 180750 188805 
470420 937390 130307 646674 110533 962352 820361 842754 776488 697156 ,53109 59449 72665 79184 81511 82316 85328 86056 87225 89544 ,937390 130307 646674 110533 962352 820361 842754 776488 697156 31213 ,59449 72665 79184 81511 82316 85328 86056 87225 89544 91018 
980093 374701 989684 45598 756167 442788 48012 477378 553439 546792 ,25946 29651 29664 29710 30147 30682 30695 31811 32463 32613 ,980093 374701 989684 45598 756167 442788 48012 477378 553439 546792 ,25946 29651 29664 29710 30147 30682 30695 31811 32463 32613 
272577 80086 583995 237016 965450 668701 420081 903196 472302 181510 ,43834 58128 59571 66897 66970 68286 71162 72601 73661 73728 ,272577 80086 583995 237016 965450 668701 420081 903196 472302 181510 ,43834 58128 59571 66897 66970 68286 71162 72601 73661 73728 
933176 505905 575000 462426 505139 160101 874410 945530 428 226060 ,87824 95855 99035 100050 101683 104158 104904 106922 109137 109396 ,933176 505905 575000 462426 505139 160101 874410 945530 428 226060 ,87824 95855 99035 100050 101683 104158 104904 106922 109137 109396 
168482 875634 355400 561087 63922 541034 897424 448766 732105 952162 ,70120 84952 85768 86365 86388 86560 88245 88533 88632 89060 ,168482 875634 355400 561087 63922 541034 897424 448766 732105 952162 ,70120 84952 85768 86365 86388 86560 88245 88533 88632 89060 
284270 375682 539904 348309 38456 259049 418090 46879 918583 57443 ,53890 56196 56484 58031 58842 59113 60188 60984 61290 62461 ,284270 375682 539904 348309 38456 259049 418090 46879 918583 57443 ,53890 56196 56484 58031 58842 59113 60188 60984 61290 62461 
638626 638236 890911 652720 471192 831431 638655 676589 840305 571274 ,29891 35268 35296 35541 36788 37044 38000 38083 39049 39472 ,638236 890911 471192 831431 676589 840305 571274 893031 839897 638151 ,35268 35296 36788 37044 38083 39049 39472 39941 40284 40576 
743512 263962 726531 494636 440656 548812 919182 882438 486926 500693 ,70811 71624 75403 76006 78434 80474 81979 82751 84677 85290 ,743512 263962 726531 494636 440656 548812 919182 486926 500693 465363 ,70811 71624 75403 76006 78434 80474 81979 84677 85290 85385 
837458 638633 717010 889687 711579 852301 885724 948267 854781 211283 ,20282 24134 25166 29257 30345 31951 33846 34249 34640 35313 ,837458 638633 717010 889687 711579 852301 885724 854781 211283 837345 ,20282 24134 25166 29257 30345 31951 33846 34640 35313 35645 
980818 839147 909739 406249 831160 100305 539592 44083 301250 662270 ,22833 28555 30989 33708 34810 35183 35294 35370 35815 36072 ,980818 839147 909739 406249 831160 100305 539592 44083 301250 662270 ,22833 28555 30989 33708 34810 35183 35294 35370 35815 36072 
41942 45910 770344 476986 800744 424382 537263 400805 858716 764573 ,17561 20448 22168 22955 23689 24903 25573 26327 26628 28034 ,41942 45910 770344 476986 800744 424382 537263 400805 858716 764573 ,17561 20448 22168 22955 23689 24903 25573 26327 26628 28034 
233743 682410 229825 682366 9096 478805 75962 233741 71551 684562 ,43748 44395 44486 44839 47625 48072 48108 49456 49676 49958 ,682410 229825 682366 9096 478805 75962 71551 684562 682363 407273 ,44395 44486 44839 47625 48072 48108 49676 49958 50693 51233 
731690 315406 940267 12778 35940 746000 780371 707172 576167 735097 ,85188 85272 87322 93333 95761 97653 100591 101055 101226 101317 ,731690 315406 940267 12778 35940 746000 780371 707172 576167 735097 ,85188 85272 87322 93333 95761 97653 100591 101055 101226 101317 
573982 426496 321612 772215 517680 279486 323197 540749 903380 429758 ,33301 43341 43352 44657 45362 45869 46091 46413 46432 46467 ,573982 426496 321612 772215 517680 279486 323197 540749 903380 429758 ,33301 43341 43352 44657 45362 45869 46091 46413 46432 46467 
470965 116196 137586 537176 300489 216286 56259 522827 749351 509482 ,47550 47781 51520 54160 54433 55865 58407 59169 59937 60836 ,470965 116196 137586 537176 300489 216286 56259 522827 749351 509482 ,47550 47781 51520 54160 54433 55865 58407 59169 59937 60836 
820761 999896 38099 986003 553723 808172 912914 908719 441119 39083 ,40194 41733 49276 50402 53406 54537 55250 57336 60179 60568 ,820761 999896 38099 986003 553723 808172 912914 908719 441119 39083 ,40194 41733 49276 50402 53406 54537 55250 57336 60179 60568 
267269 121903 522599 775980 873669 20844 531690 845187 162808 573680 ,76211 83917 85033 87445 87692 88168 90204 94816 94884 95290 ,267269 121903 522599 775980 873669 20844 531690 845187 162808 573680 ,76211 83917 85033 87445 87692 88168 90204 94816 94884 95290 
808293 753873 410314 808859 265431 671429 870373 72415 54024 868040 ,61251 63998 65868 67204 70641 71428 73666 74682 75053 77366 ,808293 753873 410314 808859 265431 671429 870373 72415 54024 868040 ,61251 63998 65868 67204 70641 71428 73666 74682 75053 77366 
286038 746574 341720 909769 47960 810857 129852 65830 584368 93091 ,52163 58053 59344 65029 65159 65493 66263 68567 69395 69502 ,286038 746574 341720 909769 47960 810857 129852 65830 584368 93091 ,52163 58053 59344 65029 65159 65493 66263 68567 69395 69502 
443080 699411 675286 666873 448297 190687 667098 894415 542433 925228 ,10086 11349 16152 17934 18191 18981 21001 22623 23221 23270 ,443080 699411 675286 666873 448297 190687 667098 894415 542433 925228 ,10086 11349 16152 17934 18191 18981 21001 22623 23221 23270 
654419 446892 792073 659613 207157 911677 654323 25133 151399 47059 ,49296 49981 52434 61042 68955 72783 78399 82421 82657 85949 ,654419 446892 792073 659613 207157 911677 654323 25133 151399 47059 ,49296 49981 52434 61042 68955 72783 78399 82421 82657 85949 
204474 541839 961292 900313 628100 998004 664297 210121 738290 491043 ,69731 78558 79435 79951 80964 81015 82324 84519 84874 85149 ,204474 541839 961292 900313 628100 998004 664297 210121 738290 491043 ,69731 78558 79435 79951 80964 81015 82324 84519 84874 85149 
645156 73020 285065 547066 263108 769696 168439 320250 552396 645681 ,67952 72410 73356 73799 73822 78814 80395 80545 81648 82825 ,645156 73020 285065 547066 263108 769696 168439 320250 552396 645681 ,67952 72410 73356 73799 73822 78814 80395 80545 81648 82825 
615869 817332 525493 658796 127464 280853 720793 547692 530397 59056 ,64128 66281 66743 69137 69268 70046 70325 70446 72518 73218 ,615869 817332 525493 658796 127464 280853 720793 547692 530397 59056 ,64128 66281 66743 69137 69268 70046 70325 70446 72518 73218 
219521 987344 675487 827653 843791 392297 487024 243924 60329 850521 ,107036 113516 141934 143252 150079 152789 156475 168397 171791 174117 ,219521 987344 675487 827653 843791 392297 487024 243924 60329 850521 ,107036 113516 141934 143252 150079 152789 156475 168397 171791 174117 
804948 69844 175122 742671 223595 893218 472100 729661 884723 459489 ,55213 55811 60073 61976 62813 63910 64168 64930 65145 68652 ,804948 69844 175122 742671 223595 893218 472100 729661 884723 459489 ,55213 55811 60073 61976 62813 63910 64168 64930 65145 68652 
814611 24521 653485 648191 649904 648010 672400 649605 648319 648384 ,21649 25248 27177 28510 28698 30020 31059 31343 31882 32174 ,814611 24521 653485 648191 649904 648010 672400 649605 648319 648384 ,21649 25248 27177 28510 28698 30020 31059 31343 31882 32174 
676174 453133 699457 873043 705807 268142 812837 689437 548619 104358 ,105415 109825 110369 110803 111546 118729 119844 129936 130001 130572 ,676174 453133 699457 873043 705807 268142 812837 689437 548619 104358 ,105415 109825 110369 110803 111546 118729 119844 129936 130001 130572 
482545 273902 17355 538118 972167 404982 171573 756589 531690 330230 ,153576 165361 170201 179065 181633 183327 185033 190423 193949 200453 ,482545 273902 17355 538118 972167 404982 171573 756589 531690 330230 ,153576 165361 170201 179065 181633 183327 185033 190423 193949 200453 
555638 885591 654105 603260 539054 214719 900696 250899 587893 839768 ,33320 67665 68240 69302 71177 71509 72848 73314 73622 74261 ,555638 885591 654105 603260 214719 900696 250899 587893 839768 984248 ,33320 67665 68240 69302 71509 72848 73314 73622 74261 74359 
828035 968233 249355 5118 890920 19283 554639 986071 672622 843822 ,69161 84587 91327 93514 98321 101275 110556 111155 115034 129007 ,828035 968233 249355 5118 890920 19283 554639 986071 672622 843822 ,69161 84587 91327 93514 98321 101275 110556 111155 115034 129007 
808457 336995 426750 551748 816163 427622 514455 475053 724780 311442 ,41980 45580 46211 49408 49871 51867 53785 54619 54802 55951 ,808457 336995 426750 551748 816163 427622 514455 475053 724780 311442 ,41980 45580 46211 49408 49871 51867 53785 54619 54802 55951 
905574 555125 513959 411568 807726 770203 952217 667316 82885 870930 ,15593 20730 21752 23462 24273 25018 26896 27046 28128 29107 ,905574 555125 513959 411568 807726 770203 952217 667316 82885 870930 ,15593 20730 21752 23462 24273 25018 26896 27046 28128 29107 
44282 912724 203780 85693 883452 362311 304853 820554 415525 42458 ,39480 41589 42145 43402 43453 44964 45733 45884 45987 46047 ,44282 912724 203780 85693 883452 362311 304853 820554 415525 42458 ,39480 41589 42145 43402 43453 44964 45733 45884 45987 46047 
901252 125069 892108 470719 683137 95919 95478 227252 117115 714344 ,41643 42584 46472 48501 50762 52251 52996 54328 54491 54825 ,901252 125069 892108 470719 683137 95919 95478 227252 117115 714344 ,41643 42584 46472 48501 50762 52251 52996 54328 54491 54825 
898397 125069 470719 227252 892108 117115 901252 415753 115496 385062 ,48712 49050 51271 56254 56302 57621 60151 61503 62493 62857 ,898397 125069 470719 227252 892108 117115 901252 415753 115496 385062 ,48712 49050 51271 56254 56302 57621 60151 61503 62493 62857 
443728 998209 653269 652825 570746 764360 444140 544876 719460 854874 ,27369 33578 42978 44550 46759 48575 52202 56821 58460 59393 ,443728 998209 653269 652825 570746 764360 444140 544876 719460 854874 ,27369 33578 42978 44550 46759 48575 52202 56821 58460 59393 
555280 768071 771207 441086 792823 638020 333858 471090 789419 5232 ,25322 27816 28554 29041 29988 30563 30717 30963 31914 32019 ,555280 768071 771207 441086 792823 638020 333858 471090 789419 5232 ,25322 27816 28554 29041 29988 30563 30717 30963 31914 32019 
808513 509707 612406 282892 277621 6843 771528 428900 276625 381877 ,54713 63275 63765 66588 67863 68757 70318 71206 71462 71638 ,808513 509707 612406 282892 277621 6843 771528 428900 276625 381877 ,54713 63275 63765 66588 67863 68757 70318 71206 71462 71638 
562204 226150 91984 637218 735691 271018 206653 226447 21773 364147 ,52019 53526 54414 56880 57185 58454 59623 60065 61324 61832 ,562204 226150 91984 637218 735691 226447 364147 735981 993599 895563 ,52019 53526 54414 56880 57185 60065 61832 62015 62083 63466 
556089 555396 555692 237406 555554 287727 519867 915782 933666 225630 ,32848 34366 50631 50930 52941 55568 55814 58956 60676 60952 ,555396 555692 237406 555554 287727 519867 915782 933666 225630 916083 ,34366 50631 50930 52941 55568 55814 58956 60676 60952 61919 
614926 112967 889391 589420 985735 515665 905510 391878 911884 255306 ,29619 33196 41640 45126 48640 52320 52808 53316 54681 55114 ,614926 112967 889391 589420 985735 515665 905510 391878 911884 255306 ,29619 33196 41640 45126 48640 52320 52808 53316 54681 55114 
681111 607889 877224 922033 850935 572691 135475 13495 902707 727282 ,65725 75817 76047 77888 78862 79038 82179 82758 83524 85046 ,681111 607889 877224 922033 850935 572691 135475 13495 902707 727282 ,65725 75817 76047 77888 78862 79038 82179 82758 83524 85046 
768513 493446 416382 310405 905039 232651 489073 436816 448584 863622 ,34310 38368 40063 40838 41641 45730 47472 47805 50473 50667 ,768513 493446 416382 310405 905039 232651 489073 436816 448584 863622 ,34310 38368 40063 40838 41641 45730 47472 47805 50473 50667 
26243 48268 657879 614802 52135 971162 912074 735049 785748 961096 ,41048 45211 52573 57474 58705 61055 62819 64103 66198 68315 ,26243 48268 657879 614802 52135 971162 912074 735049 785748 961096 ,41048 45211 52573 57474 58705 61055 62819 64103 66198 68315 
279159 210214 418000 277683 137704 712274 111152 249754 242157 381581 ,50631 57433 66836 67726 69608 72000 75922 76655 80382 80643 ,279159 210214 418000 277683 137704 712274 111152 249754 242157 381581 ,50631 57433 66836 67726 69608 72000 75922 76655 80382 80643 
658716 566407 808239 292444 724688 92395 176923 557458 119244 509326 ,60787 60902 62187 63204 64259 66162 68128 69206 69294 69754 ,658716 566407 808239 292444 724688 176923 557458 119244 385048 307896 ,60787 60902 62187 63204 64259 68128 69206 69294 70274 70533 
900158 632834 60852 687418 866468 983043 791794 84398 994245 447643 ,35475 41734 43120 43259 43600 43628 44466 45322 45950 46001 ,900158 632834 60852 866468 983043 791794 84398 994245 447643 83384 ,35475 41734 43120 43600 43628 44466 45322 45950 46001 46033 
449937 784931 30234 337876 279137 524757 419871 465017 68416 300238 ,66017 67196 69360 70211 70415 72787 74180 75775 76752 77692 ,449937 784931 30234 337876 279137 524757 419871 465017 68416 300238 ,66017 67196 69360 70211 70415 72787 74180 75775 76752 77692 
873930 669760 208629 991023 933684 647110 692435 993242 204004 935890 ,82313 82712 85103 87061 88177 89761 90451 95984 96350 97644 ,873930 669760 208629 991023 933684 647110 692435 993242 204004 935890 ,82313 82712 85103 87061 88177 89761 90451 95984 96350 97644 
22940 670559 914216 907453 254376 170060 355189 987290 794233 44441 ,56328 59555 59928 63525 63999 64793 69365 70538 70562 71542 ,22940 670559 914216 907453 254376 170060 355189 987290 794233 44441 ,56328 59555 59928 63525 63999 64793 69365 70538 70562 71542 
886110 711802 674386 979702 948552 70614 816788 983791 886533 649592 ,82759 84770 85515 85909 90214 91795 93517 96073 97827 98075 ,886110 711802 674386 979702 948552 70614 816788 983791 886533 649592 ,82759 84770 85515 85909 90214 91795 93517 96073 97827 98075 
453203 980825 421141 479709 48234 208157 822209 399693 714092 792628 ,53034 55933 58068 58384 60320 60589 60817 61646 62030 62044 ,453203 980825 421141 48234 208157 822209 399693 714092 792628 615604 ,53034 55933 58068 60320 60589 60817 61646 62030 62044 63429 
774775 489896 562511 122666 562585 622205 870 110304 316337 932150 ,63173 71893 79206 81185 82358 83080 83193 83240 83468 83529 ,774775 489896 562511 122666 562585 622205 870 110304 316337 932150 ,63173 71893 79206 81185 82358 83080 83193 83240 83468 83529 
899826 791407 603655 46854 445471 657796 627915 46236 106771 305611 ,37616 37724 43145 43514 44943 46179 47012 48292 49549 50712 ,899826 791407 603655 46854 445471 657796 627915 46236 106771 305611 ,37616 37724 43145 43514 44943 46179 47012 48292 49549 50712 
553426 553993 556306 556077 553675 553708 126502 553227 39751 553695 ,37224 46872 48691 52592 52853 55597 56296 57418 58752 59248 ,551981 124403 422555 872747 475264 923859 9644 807720 555396 903205 ,67849 71152 72187 72634 73728 74734 74946 75776 77636 77765 
667876 641643 969467 546975 852158 824972 253184 544309 641784 53464 ,20229 22885 25615 31550 34387 35649 36363 36867 36889 37153 ,667876 641643 969467 546975 852158 824972 253184 544309 641784 53464 ,20229 22885 25615 31550 34387 35649 36363 36867 36889 37153 
907672 259246 425300 74452 717656 108631 384188 311595 870973 904455 ,44160 48395 55188 57208 57820 58640 60390 60692 60827 61656 ,907672 259246 425300 74452 717656 108631 384188 311595 870973 904455 ,44160 48395 55188 57208 57820 58640 60390 60692 60827 61656 
211859 971284 188071 975151 423801 41042 989215 717896 576043 970169 ,39123 41341 47198 48225 48689 48740 49084 49204 49553 50889 ,211859 971284 188071 975151 423801 41042 989215 717896 576043 970169 ,39123 41341 47198 48225 48689 48740 49084 49204 49553 50889 
444287 993831 994618 443988 647876 827114 444496 849688 838074 837972 ,14060 16092 19643 20747 21632 22803 23572 23883 24275 24659 ,444287 993831 994618 443988 647876 827114 444496 849688 838074 837972 ,14060 16092 19643 20747 21632 22803 23572 23883 24275 24659 
181264 48595 698586 989223 909088 632188 403016 780913 994025 510739 ,70323 74406 74488 75121 77638 77776 77985 79177 80042 80561 ,698586 413826 512036 179133 491247 172471 745749 458265 724806 744160 ,74488 80978 85342 85878 86145 86721 87512 88183 88598 88673 
148548 812524 808925 493251 701360 705930 586897 870441 297558 494831 ,125495 149409 153293 153886 159269 166410 179547 203369 204747 206432 ,148548 812524 808925 493251 701360 705930 586897 870441 297558 494831 ,125495 149409 153293 153886 159269 166410 179547 203369 204747 206432 
100146 99993 850390 264423 187673 373653 260558 360426 918772 409846 ,35108 35256 38035 39706 40398 40682 41719 43177 43500 43833 ,100146 99993 850390 264423 187673 373653 260558 360426 918772 409846 ,35108 35256 38035 39706 40398 40682 41719 43177 43500 43833 
375651 621319 485606 219501 627625 566168 960253 368204 253099 145264 ,46811 48587 51735 54133 54367 54886 55169 55835 56023 56545 ,375651 621319 485606 219501 627625 566168 960253 368204 253099 145264 ,46811 48587 51735 54133 54367 54886 55169 55835 56023 56545 
401151 646394 997524 851954 351929 542786 829147 214099 552500 716791 ,49614 52638 66499 70672 70937 71987 73522 74929 75616 77007 ,401151 646394 997524 851954 351929 542786 829147 214099 552500 716791 ,49614 52638 66499 70672 70937 71987 73522 74929 75616 77007 
34529 33910 610920 33968 450360 8243 789756 370344 451468 892281 ,23237 24586 26217 35862 36766 37297 38189 38579 40158 40261 ,34529 33910 33968 450360 8243 789756 370344 451468 892281 207457 ,23237 24586 35862 36766 37297 38189 38579 40158 40261 40758 
768557 770696 685925 761590 768484 450101 768173 572279 764806 906860 ,38982 39517 39662 40045 42322 48662 48812 49253 49582 51187 ,768557 770696 685925 761590 768484 450101 768173 572279 764806 906860 ,38982 39517 39662 40045 42322 48662 48812 49253 49582 51187 
995870 915033 165537 879674 786028 866854 692662 760676 954951 486739 ,67234 102331 110038 112569 115120 115408 119619 120140 123663 135955 ,995870 915033 165537 879674 786028 866854 692662 760676 954951 486739 ,67234 102331 110038 112569 115120 115408 119619 120140 123663 135955 
915081 471717 557478 655712 892343 657320 557841 652848 283055 694042 ,51371 61319 65894 67977 68750 75407 76149 76317 76807 77315 ,915081 471717 557478 655712 892343 657320 557841 652848 283055 694042 ,51371 61319 65894 67977 68750 75407 76149 76317 76807 77315 
737800 415881 479664 811125 567197 634784 545294 214101 421049 215090 ,73390 74398 82381 82508 84810 86636 89070 89390 90116 92646 ,737800 415881 479664 811125 634784 545294 214101 421049 215090 558956 ,73390 74398 82381 82508 86636 89070 89390 90116 92646 92965 
240977 843921 103243 842907 374976 71261 70417 406244 119665 480518 ,49565 49933 50862 52880 53247 54462 54874 54996 55339 58017 ,240977 843921 103243 842907 374976 71261 70417 406244 119665 480518 ,49565 49933 50862 52880 53247 54462 54874 54996 55339 58017 
414360 298734 448222 468091 708352 754862 983547 406158 839951 42533 ,24319 30419 31479 34646 34893 35362 36972 37156 37388 38326 ,414360 298734 448222 468091 708352 754862 983547 406158 839951 42533 ,24319 30419 31479 34646 34893 35362 36972 37156 37388 38326 
122426 219613 232045 201167 582190 629080 93123 482326 221182 513160 ,107748 112257 114862 130808 133463 135361 144501 146093 146685 147076 ,122426 219613 232045 201167 582190 629080 93123 482326 221182 513160 ,107748 112257 114862 130808 133463 135361 144501 146093 146685 147076 
481858 518679 704719 217741 888133 210616 257810 425406 35469 486146 ,67025 69216 83734 101848 106423 107239 109686 113430 119129 119525 ,481858 518679 704719 217741 888133 210616 257810 425406 35469 486146 ,67025 69216 83734 101848 106423 107239 109686 113430 119129 119525 
996277 141439 401669 812894 594033 255260 401494 857085 802313 44251 ,39035 41959 43074 43313 44070 45245 46616 47000 47971 48201 ,996277 141439 401669 812894 594033 255260 401494 857085 802313 44251 ,39035 41959 43074 43313 44070 45245 46616 47000 47971 48201 
895950 558410 850842 5172 38727 820594 837239 605224 896104 476416 ,12496 14856 15540 15626 18122 18507 18980 20204 20387 20833 ,895950 558410 850842 5172 38727 820594 837239 605224 896104 476416 ,12496 14856 15540 15626 18122 18507 18980 20204 20387 20833 
803251 979826 722829 712453 794601 605890 752351 713031 996225 132585 ,72407 74995 77359 77783 80065 80131 87773 88418 89878 90237 ,803251 979826 722829 712453 794601 605890 752351 713031 996225 132585 ,72407 74995 77359 77783 80065 80131 87773 88418 89878 90237 
557858 825001 321101 974474 258339 533377 120000 588875 87658 828031 ,23043 71861 80268 84417 87663 89370 95858 96052 96663 97078 ,557858 321101 974474 258339 533377 120000 588875 87658 828031 6395 ,23043 80268 84417 87663 89370 95858 96052 96663 97078 97933 
426121 511427 512847 235444 813390 866774 696471 37750 440 231521 ,33888 41432 53160 53786 60319 60737 64628 64896 64968 69034 ,426121 511427 512847 235444 813390 866774 696471 37750 440 231521 ,33888 41432 53160 53786 60319 60737 64628 64896 64968 69034 
951918 317355 664259 160406 23357 819164 920840 280910 162348 930498 ,73517 75438 76647 77546 78812 82025 82265 82331 82889 83956 ,951918 317355 664259 160406 23357 819164 920840 280910 162348 930498 ,73517 75438 76647 77546 78812 82025 82265 82331 82889 83956 
941146 61893 618079 830492 776745 648573 986139 688726 123318 472329 ,79545 79736 79861 88091 90282 91814 92220 92508 93413 95313 ,941146 61893 618079 830492 776745 648573 986139 688726 123318 472329 ,79545 79736 79861 88091 90282 91814 92220 92508 93413 95313 
821941 815414 88738 815461 815475 815265 815277 815363 29958 815303 ,25371 29548 30290 31210 31256 31420 32838 33345 33388 33507 ,821941 815414 88738 815461 815475 815265 815277 815363 29958 815303 ,25371 29548 30290 31210 31256 31420 32838 33345 33388 33507 
815392 815375 526374 279137 635848 834700 429871 427856 391804 994018 ,46018 48846 55732 58761 61266 63940 64281 66831 67296 68933 ,815392 815375 526374 279137 635848 834700 429871 427856 391804 994018 ,46018 48846 55732 58761 61266 63940 64281 66831 67296 68933 
524825 815260 524763 889945 637421 450185 82504 686148 994017 305110 ,40941 43944 44476 46395 48628 50436 53245 53588 55895 56028 ,524825 815260 524763 889945 637421 450185 82504 686148 994017 305110 ,40941 43944 44476 46395 48628 50436 53245 53588 55895 56028 
72838 84172 94905 60131 88224 152270 661301 818717 90249 292838 ,30720 31463 36563 38215 38574 40443 41549 43070 43129 43558 ,72838 84172 94905 60131 88224 152270 661301 818717 90249 292838 ,30720 31463 36563 38215 38574 40443 41549 43070 43129 43558 
83000 526571 565965 88234 12927 815405 719122 81950 815392 521866 ,28172 28366 29181 29941 30379 32744 33414 35386 35636 36451 ,83000 526571 565965 88234 12927 815405 719122 81950 815392 521866 ,28172 28366 29181 29941 30379 32744 33414 35386 35636 36451 
30325 233707 85847 70380 748717 684474 637952 815425 487833 818478 ,30492 30856 31654 31675 32751 33497 34443 34519 35160 35892 ,85847 70380 748717 815425 487834 151914 29963 30201 85967 29958 ,31654 31675 32751 34519 35948 39313 39475 39615 39794 40120 
71735 815392 420682 815375 186326 5087 487401 748716 446882 791413 ,38676 39183 40756 44135 50551 51389 51434 51657 53032 54136 ,71735 815392 420682 815375 186326 5087 487401 748716 446882 791413 ,38676 39183 40756 44135 50551 51389 51434 51657 53032 54136 
523116 152808 876974 30201 368743 86036 569500 990692 723928 30874 ,64280 64521 69123 70470 72104 72453 72748 74489 74887 75991 ,523116 152808 876974 30201 368743 86036 569500 990692 723928 30874 ,64280 64521 69123 70470 72104 72453 72748 74489 74887 75991 
69889 336778 814838 815491 153372 16631 12925 818873 526374 719129 ,48682 48809 49543 50031 50148 51055 52141 52283 53022 53719 ,69889 336778 814838 815491 153372 16631 12925 818873 526374 719129 ,48682 48809 49543 50031 50148 51055 52141 52283 53022 53719 
558165 85750 313171 394319 910419 664699 440634 328726 267936 975633 ,93517 93692 95386 107359 108917 110470 110645 110647 112981 114056 ,558165 85750 313171 910419 440634 328726 267936 975633 710802 677470 ,93517 93692 95386 108917 110645 110647 112981 114056 114529 116678 
690495 482242 304992 96378 68381 396945 94861 489540 429629 615813 ,36675 42338 43263 45105 45579 46850 49601 50533 50943 52075 ,690495 482242 96378 68381 396945 94861 489540 429629 615813 85741 ,36675 42338 45105 45579 46850 49601 50533 50943 52075 52237 
736263 736274 261615 743244 743299 406419 256697 737193 520741 57821 ,29396 34473 34493 34824 34853 35558 36098 36192 36212 36536 ,736263 736274 261615 743244 406419 737193 520741 57821 258273 505064 ,29396 34473 34493 34824 35558 36192 36212 36536 36690 37764 
720443 129971 192585 763958 616060 916469 728579 125892 85 372338 ,81023 108341 109055 111401 113150 114888 114974 116164 117835 117998 ,720443 129971 192585 763958 616060 916469 728579 125892 85 372338 ,81023 108341 109055 111401 113150 114888 114974 116164 117835 117998 
94347 815317 815260 30973 814600 82588 157181 815316 274632 996018 ,31621 31987 34945 35112 36734 38356 38665 38775 38923 39255 ,94347 815317 815260 30973 814600 82588 157181 815316 274632 996018 ,31621 31987 34945 35112 36734 38356 38665 38775 38923 39255 
68451 698479 84056 86955 810004 210787 758599 80239 547232 88225 ,32693 38710 39447 41140 41235 42342 42551 42639 42909 43599 ,68451 698479 84056 86955 810004 210787 758599 80239 88225 94379 ,32693 38710 39447 41140 41235 42342 42551 42639 43599 44880 
501401 82765 94716 68645 547257 666173 685219 854223 84865 569500 ,53049 53756 53989 56443 56818 59905 61793 62619 65415 65536 ,501401 82765 94716 68645 547257 666173 685219 854223 84865 569500 ,53049 53756 53989 56443 56818 59905 61793 62619 65415 65536 
525272 953192 481845 175427 179422 605486 346940 734804 8302 457037 ,78809 80987 100036 106206 114513 115551 120095 120458 124565 128874 ,525272 953192 481845 175427 179422 605486 346940 734804 8302 457037 ,78809 80987 100036 106206 114513 115551 120095 120458 124565 128874 
90885 487410 522195 31631 718170 84098 90696 117073 188971 92124 ,39142 48265 53542 59638 61038 62172 62662 62730 62775 63814 ,90885 487410 522195 31631 718170 84098 90696 188971 92124 903382 ,39142 48265 53542 59638 61038 62172 62662 62775 63814 65073 
738661 88976 84061 364081 520723 364706 860152 87888 919092 281026 ,53454 54405 61737 62831 64516 64619 65111 65188 65724 66111 ,738661 88976 84061 364081 520723 364706 860152 87888 919092 281026 ,53454 54405 61737 62831 64516 64619 65111 65188 65724 66111 
487832 82812 815259 719135 85840 87209 104898 503537 93606 666275 ,49164 51909 58086 61195 66395 67907 68108 68819 71371 74727 ,487832 82812 815259 719135 85840 87209 104898 503537 93606 666275 ,49164 51909 58086 61195 66395 67907 68108 68819 71371 74727 
157091 322550 403682 596292 395493 269032 109853 721897 689212 746961 ,87178 94260 99785 103353 103776 104568 109498 109983 111644 116304 ,157091 322550 403682 596292 395493 109853 721897 746961 395011 436571 ,87178 94260 99785 103353 103776 109498 109983 116304 116827 118746 
446761 427009 446458 206742 445576 687882 839255 616266 855996 444225 ,10966 28832 33229 34211 34288 36028 36738 38595 39427 40350 ,446761 427009 446458 206742 445576 687882 839255 616266 855996 444225 ,10966 28832 33229 34211 34288 36028 36738 38595 39427 40350 
446048 445298 445911 446678 446509 447118 446136 445502 446923 445267 ,722 814 923 955 1032 1141 1251 1488 1518 1566 ,446048 445911 447118 446923 445267 447224 446354 446341 445591 445720 ,722 923 1141 1518 1566 1639 1844 1851 1916 1990 
446816 446160 446240 446137 446958 447744 447252 445239 446508 446247 ,1131 1224 1546 1590 1653 1655 1813 1861 1895 1918 ,446816 446160 446240 446137 446958 447744 447252 445239 446508 446247 ,1131 1224 1546 1590 1653 1655 1813 1861 1895 1918 
494545 126005 504714 512534 311284 90038 885257 979244 911787 92521 ,72573 74045 77647 82978 82989 82991 84731 85314 85472 85801 ,494545 504714 512534 311284 90038 885257 979244 911787 92521 987159 ,72573 77647 82978 82989 82991 84731 85314 85472 85801 86728 
773712 300007 149734 77004 265674 629067 139643 32262 67305 859746 ,123255 123656 125699 128590 144413 145057 145897 147314 148385 150365 ,773712 300007 149734 77004 265674 629067 139643 32262 67305 859746 ,123255 123656 125699 128590 144413 145057 145897 147314 148385 150365 
447118 907439 446957 768297 215632 42199 42678 667698 442682 423957 ,996 2859 3159 5965 8556 8776 9627 10551 11613 18234 ,447118 907439 446957 768297 215632 42199 42678 667698 442682 423957 ,996 2859 3159 5965 8556 8776 9627 10551 11613 18234 
558870 308334 727551 559241 92674 558868 152734 938216 125638 558589 ,73328 74680 79270 80395 81108 82023 82984 85397 86384 88164 ,558870 308334 727551 559241 92674 558868 152734 938216 125638 558589 ,73328 74680 79270 80395 81108 82023 82984 85397 86384 88164 
446067 215675 905877 446160 445920 446262 446816 552310 639788 655369 ,1028 2003 2184 2323 2542 3720 3896 6149 6406 6689 ,446067 215675 905877 446160 445920 446262 446816 552310 639788 655369 ,1028 2003 2184 2323 2542 3720 3896 6149 6406 6689 
700707 565619 547417 559216 906020 41024 655282 742238 675067 911457 ,39587 41954 44115 44174 44558 44862 44906 45711 47131 47149 ,700707 565619 547417 559216 906020 41024 655282 742238 675067 911457 ,39587 41954 44115 44174 44558 44862 44906 45711 47131 47149 
442929 210926 101927 558424 900165 950304 556482 54316 937579 309091 ,33314 35738 35907 36406 38851 38972 39411 40138 40213 40307 ,950304 112467 899674 130964 107809 601531 661427 428121 236918 606651 ,38972 41424 41861 43230 44464 44687 45313 45601 45692 45829 
282366 83304 80321 861433 525075 292007 82090 287687 350787 310337 ,60559 78943 81653 85869 85907 86313 90306 90330 90367 92247 ,282366 83304 80321 525075 292007 82090 287687 350787 310337 510324 ,60559 78943 81653 85907 86313 90306 90330 90367 92247 93322 
546425 559562 159684 289771 794066 993631 59175 542700 160973 503875 ,37169 41647 59405 59922 60271 60479 61380 61582 61648 62349 ,546425 559562 159684 289771 794066 993631 59175 542700 160973 503875 ,37169 41647 59405 59922 60271 60479 61380 61582 61648 62349 
410654 470380 763955 631544 445458 411800 824924 894239 541444 496331 ,26167 37442 40850 42373 44135 44695 45114 45645 45653 46840 ,410654 470380 763955 631544 445458 411800 824924 894239 541444 496331 ,26167 37442 40850 42373 44135 44695 45114 45645 45653 46840 
295037 522327 306648 283978 563921 913582 312408 784965 280679 525458 ,35119 36365 48885 50926 53905 54833 55905 56446 57750 58056 ,295037 522327 306648 283978 563921 913582 312408 280679 525458 507410 ,35119 36365 48885 50926 53905 54833 55905 57750 58056 61063 
443804 824100 44844 673856 686236 653811 351828 776962 305031 523784 ,41153 56642 58098 59964 64023 67066 68384 69906 69999 70641 ,443804 824100 44844 673856 686236 653811 351828 776962 305031 523784 ,41153 56642 58098 59964 64023 67066 68384 69906 69999 70641 
905318 86352 362660 304613 515471 995159 376029 70755 115611 465180 ,36211 37182 38402 39237 39843 40269 40953 41845 41879 41987 ,905318 86352 362660 304613 515471 995159 376029 70755 115611 465180 ,36211 37182 38402 39237 39843 40269 40953 41845 41879 41987 
834766 906881 820727 779002 384164 567206 382577 738527 934324 472187 ,40479 50003 50703 52290 53594 56230 57329 59976 60357 60600 ,834766 906881 820727 779002 384164 567206 382577 738527 934324 472187 ,40479 50003 50703 52290 53594 56230 57329 59976 60357 60600 
748336 883663 232599 307828 418678 573343 332869 514493 295384 668278 ,51040 56281 59003 62375 64315 64855 67327 67528 68985 70026 ,748336 883663 232599 307828 418678 573343 514493 295384 668278 230204 ,51040 56281 59003 62375 64315 64855 67528 68985 70026 71483 
280681 311246 831320 577617 351108 809292 324077 484691 193222 433559 ,51127 59948 63041 66682 68513 70733 74375 75958 77632 77939 ,280681 311246 831320 577617 351108 809292 324077 484691 193222 433559 ,51127 59948 63041 66682 68513 70733 74375 75958 77632 77939 
322297 426751 271603 815327 720940 836678 699260 825974 94650 321482 ,40870 43006 43687 46642 51651 52062 52253 52693 53169 53965 ,322297 426751 271603 815327 720940 836678 699260 825974 94650 321482 ,40870 43006 43687 46642 51651 52062 52253 52693 53169 53965 
475780 605011 559473 187424 318601 883074 601770 298544 769280 901067 ,39568 53900 54389 62327 62940 64066 64101 65611 65656 66268 ,475780 605011 559473 187424 318601 883074 601770 298544 769280 901067 ,39568 53900 54389 62327 62940 64066 64101 65611 65656 66268 
493416 322286 676387 573637 152736 495468 572973 933367 558589 818908 ,56660 77413 77750 78095 78126 81304 81482 82019 82815 83388 ,493416 322286 152736 495468 933367 704387 462109 648186 515894 659867 ,56660 77413 78126 81304 82019 84555 86509 87715 88213 88866 
403681 399156 294265 78357 680002 239424 212298 950474 598195 404528 ,103271 107133 108423 108728 109332 109970 110012 110639 114011 114633 ,403681 399156 294265 78357 680002 239424 212298 950474 598195 404528 ,103271 107133 108423 108728 109332 109970 110012 110639 114011 114633 
470979 864422 48881 282050 701876 76017 546738 203779 752991 742140 ,41472 51728 58513 61077 67952 67990 68656 69918 70142 70417 ,470979 864422 48881 282050 701876 76017 546738 203779 752991 742140 ,41472 51728 58513 61077 67952 67990 68656 69918 70142 70417 
837447 7757 187993 808249 386196 851167 852503 768463 468768 447330 ,27750 31750 32369 34142 35771 35956 36520 36719 37580 37890 ,837447 7757 187993 808249 386196 851167 852503 768463 468768 447330 ,27750 31750 32369 34142 35771 35956 36520 36719 37580 37890 
656979 573137 912023 122638 75449 558872 790354 823222 105665 543848 ,57035 78173 79792 80301 80924 83896 87737 88115 89244 90291 ,656979 573137 912023 122638 75449 558872 790354 823222 105665 543848 ,57035 78173 79792 80301 80924 83896 87737 88115 89244 90291 
827724 558568 476923 760392 49202 56543 642427 687422 792562 216557 ,42898 48955 49427 58554 59940 61672 64081 64140 64251 66376 ,827724 558568 760392 49202 56543 642427 687422 792562 216557 53247 ,42898 48955 58554 59940 61672 64081 64140 64251 66376 66945 
324374 434019 40547 429116 953326 498060 719784 925064 59866 782784 ,39097 53144 53574 56723 58783 59352 61735 64180 64660 67161 ,324374 434019 40547 429116 953326 498060 719784 925064 59866 782784 ,39097 53144 53574 56723 58783 59352 61735 64180 64660 67161 
559142 823491 654304 207068 537376 541743 445918 906900 206997 423637 ,45391 49234 50369 50659 52755 53315 54772 60922 62163 62461 ,559142 823491 654304 207068 537376 541743 445918 906900 206997 423637 ,45391 49234 50369 50659 52755 53315 54772 60922 62163 62461 
556912 683065 479207 373462 36476 50943 873286 56832 895664 521350 ,30295 36462 44214 54193 56125 57092 58779 59241 61023 61625 ,556912 683065 479207 373462 36476 50943 873286 56832 895664 521350 ,30295 36462 44214 54193 56125 57092 58779 59241 61023 61625 
774013 713681 759418 692372 699159 121132 95105 536172 527698 873302 ,85756 101790 106249 111026 118440 118980 121853 121968 123350 124895 ,774013 713681 759418 692372 699159 121132 95105 536172 527698 873302 ,85756 101790 106249 111026 118440 118980 121853 121968 123350 124895 
668535 446187 467521 137422 756783 188037 123478 935056 599386 474609 ,50239 56070 58091 58174 58192 58847 59022 59941 60949 61740 ,446187 467521 137422 756783 188037 123478 935056 599386 474609 990894 ,56070 58091 58174 58192 58847 59022 59941 60949 61740 62785 
813929 656980 573637 930520 180396 173272 90640 61674 656725 510216 ,63294 64076 68978 70687 71227 73065 74056 74764 75137 75941 ,813929 656980 573637 930520 180396 90640 61674 656725 510216 715147 ,63294 64076 68978 70687 71227 74056 74764 75137 75941 76032 
559888 559825 559848 990701 990770 187932 246673 559752 254557 844759 ,24508 39092 42083 44102 45856 46550 47469 48316 49613 51349 ,559888 559825 559848 990701 990770 187932 246673 559752 254557 844759 ,24508 39092 42083 44102 45856 46550 47469 48316 49613 51349 
44083 479232 922953 290060 45745 411888 838029 534744 389762 890933 ,52313 57613 64773 73179 81884 84053 84274 84889 89842 92839 ,44083 479232 922953 290060 45745 411888 838029 534744 389762 890933 ,52313 57613 64773 73179 81884 84053 84274 84889 89842 92839 
905650 502215 759856 445017 571081 606324 473536 648005 132519 145380 ,50071 51906 55762 57260 57488 59004 59387 60916 61135 61321 ,905650 502215 759856 445017 571081 606324 473536 648005 132519 145380 ,50071 51906 55762 57260 57488 59004 59387 60916 61135 61321 
527855 157333 519715 773968 547054 23579 809150 123710 524904 432879 ,48353 58800 63917 64732 65679 66306 68797 69666 69974 71587 ,527855 157333 519715 773968 547054 23579 809150 123710 524904 432879 ,48353 58800 63917 64732 65679 66306 68797 69666 69974 71587 
559734 559670 410868 989766 468763 218031 479953 54586 478533 570228 ,9120 10783 29839 33196 36803 37001 37921 37934 38905 39132 ,559734 559670 410868 989766 468763 218031 479953 54586 478533 570228 ,9120 10783 29839 33196 36803 37001 37921 37934 38905 39132 
193222 192560 657099 638776 333480 265494 338289 831320 535928 321448 ,43186 48937 51609 56229 57919 61003 61459 64559 64892 67431 ,193222 192560 657099 638776 333480 265494 338289 831320 535928 321448 ,43186 48937 51609 56229 57919 61003 61459 64559 64892 67431 
806556 903058 215530 7906 8336 720712 25070 426535 713533 524369 ,51439 54915 55710 59276 60808 61834 62302 63924 67399 67468 ,806556 903058 215530 7906 8336 720712 25070 426535 713533 524369 ,51439 54915 55710 59276 60808 61834 62302 63924 67399 67468 
558675 427895 84631 427958 687729 85036 558762 463884 410983 764387 ,30752 32401 50613 52524 58666 59554 60355 60754 62099 62193 ,558675 427895 84631 427958 687729 85036 558762 463884 410983 764387 ,30752 32401 50613 52524 58666 59554 60355 60754 62099 62193 
305251 674886 558696 609749 771948 30451 905499 647071 189246 653403 ,17819 18181 19909 20875 21010 21090 21416 21614 21954 22181 ,305251 647071 653403 867689 994671 652760 123010 781115 558838 428684 ,17819 21614 22181 24306 24460 24564 24617 25104 26143 26193 
391602 940651 906858 498876 317872 315679 406631 714896 125546 853926 ,109121 109343 110759 111113 113283 114631 117303 120329 120513 121595 ,391602 940651 906858 498876 317872 315679 406631 714896 125546 853926 ,109121 109343 110759 111113 113283 114631 117303 120329 120513 121595 
321456 30216 475350 606964 662641 48483 564054 668281 443793 737553 ,24493 24516 29152 34017 35385 36509 36523 36646 36802 38926 ,321456 30216 475350 606964 662641 48483 564054 668281 443793 737553 ,24493 24516 29152 34017 35385 36509 36523 36646 36802 38926 
717984 911677 715432 717722 955403 655481 786210 39051 376811 536675 ,11159 14900 15989 16230 16634 16763 16918 17110 17128 17876 ,911677 715432 146567 891177 471143 423908 386658 959477 476910 476550 ,14900 15989 18810 19863 20106 20622 22128 24300 24396 24413 
393313 359980 270135 511170 858830 317872 109851 209947 547154 521120 ,96169 104089 104900 105655 107167 107850 109671 109859 111599 113543 ,393313 359980 270135 511170 317872 109851 209947 547154 521120 543875 ,96169 104089 104900 105655 107850 109671 109859 111599 113543 113625 
368782 219386 133538 2052 760620 54508 829973 50901 789306 417621 ,84211 128496 128868 129147 136142 137875 144482 151929 153266 154776 ,368782 219386 133538 2052 760620 54508 829973 50901 789306 417621 ,84211 128496 128868 129147 136142 137875 144482 151929 153266 154776 
754004 559846 554052 100641 640788 719024 559839 536535 929214 807561 ,21874 23641 25630 26277 26319 26783 27739 27984 28360 28673 ,929214 280558 520768 778295 657542 718881 891742 615192 632872 4556 ,28360 28923 30910 31187 31246 31838 32278 32312 32398 33181 
558871 289974 367639 490995 263954 791928 220074 334199 322729 401464 ,40707 114702 134520 138439 140974 142423 144587 144592 148444 149783 ,558871 289974 367639 490995 263954 791928 220074 334199 322729 401464 ,40707 114702 134520 138439 140974 142423 144587 144592 148444 149783 
411236 646245 808800 768788 538106 409640 718582 556767 653359 981412 ,57243 88343 88359 89627 94011 94751 94909 97733 102559 105335 ,411236 646245 808800 768788 538106 409640 556767 653359 876386 385545 ,57243 88343 88359 89627 94011 94751 97733 102559 106336 110324 
385529 234180 427861 247671 31404 509207 891536 604026 902494 404816 ,38445 42494 43223 45842 46148 47407 47526 47980 49182 49306 ,385529 234180 427861 247671 31404 509207 891536 604026 902494 404816 ,38445 42494 43223 45842 46148 47407 47526 47980 49182 49306 
638072 30113 382300 278913 547448 30530 664171 12616 356781 310406 ,51997 56149 57057 58623 58848 58930 59715 60001 60570 61368 ,638072 382300 278913 547448 30530 664171 12616 356781 310406 796052 ,51997 57057 58623 58848 58930 59715 60001 60570 61368 61667 
791936 108632 126559 453393 519326 540108 725543 8295 691811 34024 ,67493 79305 79607 81724 82210 85453 85685 85969 86258 89855 ,791936 108632 126559 453393 519326 540108 725543 8295 691811 34024 ,67493 79305 79607 81724 82210 85453 85685 85969 86258 89855 
553191 39406 39148 410584 187664 698433 282745 38460 38529 212545 ,13943 15243 15871 18862 29007 29356 29650 31218 32404 32552 ,553191 187664 38529 562183 47941 673278 477007 601589 544447 38363 ,13943 29007 32404 33331 33432 33504 33565 34789 35450 35933 
147940 249 689507 313482 919125 873818 509335 665276 106335 774931 ,86132 123618 142216 143976 156420 156566 178013 184077 194541 196222 ,147940 249 689507 313482 919125 873818 509335 665276 106335 774931 ,86132 123618 142216 143976 156420 156566 178013 184077 194541 196222 
778883 244701 911349 380284 431670 663254 478689 496878 743023 107277 ,39090 40719 41304 41610 42468 43151 44259 45306 45321 45368 ,778883 244701 911349 380284 431670 663254 478689 496878 743023 107277 ,39090 40719 41304 41610 42468 43151 44259 45306 45321 45368 
814698 45598 38212 559343 700839 891255 477378 6313 701313 39439 ,14519 16643 18394 18452 18901 21367 22554 25311 26793 26873 ,814698 45598 38212 559343 700839 891255 477378 6313 701313 39439 ,14519 16643 18394 18452 18901 21367 22554 25311 26793 26873 
264006 410761 57623 450721 383526 406036 755791 2266 520791 42316 ,40346 58289 61763 63715 64041 64963 67230 68026 69286 69819 ,264006 410761 57623 450721 383526 406036 755791 2266 520791 42316 ,40346 58289 61763 63715 64041 64963 67230 68026 69286 69819 
427678 763427 46023 371256 660138 62743 689447 637259 686351 599731 ,50862 51359 73086 76547 77456 79370 80791 81880 82091 84590 ,427678 763427 46023 371256 660138 62743 689447 637259 686351 599731 ,50862 51359 73086 76547 77456 79370 80791 81880 82091 84590 
905714 722975 521946 802067 510559 395336 722457 617874 802847 92279 ,67474 67956 71828 71887 73926 74020 74844 74962 76211 76235 ,905714 722975 521946 802067 510559 395336 722457 617874 802847 246579 ,67474 67956 71828 71887 73926 74020 74844 74962 76211 78182 
57215 557044 153035 807884 579720 50081 814435 385534 912935 795980 ,24178 28141 37596 38268 38351 39988 42194 43393 44296 48012 ,557044 153035 579720 50081 814435 385534 754759 317019 540921 289480 ,28141 37596 38351 39988 42194 43393 50194 51660 53207 53834 
559196 559084 559118 702125 519251 621112 209835 771137 423867 478096 ,25680 29291 39418 42844 44164 44521 48161 51040 51183 51710 ,559196 559084 559118 702125 519251 621112 209835 771137 423867 478096 ,25680 29291 39418 42844 44164 44521 48161 51040 51183 51710 
600919 502935 70049 69193 416699 535617 125967 250308 340167 930781 ,30274 36015 36794 38064 38187 39069 40607 40671 41220 41269 ,600919 502935 70049 69193 416699 535617 125967 250308 340167 930781 ,30274 36015 36794 38064 38187 39069 40607 40671 41220 41269 
808734 812768 559058 642101 540338 386942 837218 812677 450166 43007 ,24600 25469 25676 27944 30802 32247 36948 39186 39942 40908 ,808734 812768 559058 642101 540338 812677 450166 43007 557718 442622 ,24600 25469 25676 27944 30802 39186 39942 40908 41746 43918 
516254 844542 394323 704250 964338 325231 791754 85148 333741 459081 ,115279 123368 130869 131494 134706 135366 137117 137332 138228 139052 ,516254 844542 394323 704250 964338 325231 791754 85148 333741 459081 ,115279 123368 130869 131494 134706 135366 137117 137332 138228 139052 
445911 446307 446048 655042 447235 427134 427290 446957 643466 445102 ,2238 2451 2563 3249 3598 3735 4143 4345 5835 5906 ,445911 446307 446048 655042 447235 427134 427290 446957 643466 445102 ,2238 2451 2563 3249 3598 3735 4143 4345 5835 5906 
85965 97535 163373 692327 1318 246472 822817 789266 169171 708613 ,85909 95206 113005 119274 119406 120544 120645 124220 124229 125244 ,85965 97535 692327 1318 246472 822817 789266 708613 687475 343644 ,85909 95206 119274 119406 120544 120645 124220 125244 125428 126223 
37620 623845 560657 914600 52544 657163 17847 899927 656047 560216 ,26571 31638 31741 33505 34387 34698 36366 36773 38400 38604 ,37620 623845 560657 914600 52544 657163 17847 899927 656047 560216 ,26571 31638 31741 33505 34387 34698 36366 36773 38400 38604 
35078 140054 527444 328398 197949 414871 664571 102080 60521 486026 ,63307 75699 82177 84387 86094 90762 91200 91744 93292 93620 ,35078 140054 527444 328398 197949 414871 664571 102080 60521 486026 ,63307 75699 82177 84387 86094 90762 91200 91744 93292 93620 
512857 426170 477512 425445 39504 448013 39569 38433 477455 39534 ,7522 8271 10011 10744 11513 11844 12115 13017 13168 13767 ,512857 426170 477512 425445 39504 448013 39569 38433 477455 39534 ,7522 8271 10011 10744 11513 11844 12115 13017 13168 13767 
996091 157692 965022 302086 398693 212674 765095 942112 492284 751897 ,100891 109993 110056 110126 118237 122018 122811 122970 125436 125561 ,996091 157692 965022 302086 398693 212674 765095 942112 492284 751897 ,100891 109993 110056 110126 118237 122018 122811 122970 125436 125561 
401214 134679 638769 243575 541139 125804 57199 347287 509706 71900 ,83929 85474 94197 96219 97458 97793 99007 99056 99592 100132 ,401214 134679 638769 243575 541139 125804 57199 347287 509706 71900 ,83929 85474 94197 96219 97458 97793 99007 99056 99592 100132 
105311 207804 37898 817537 656107 605444 656891 38182 39789 816550 ,12668 13114 13659 15097 15909 16133 16541 17743 17957 18293 ,656107 656891 816550 44872 655568 446551 906601 37973 477247 657153 ,15909 16541 18293 19219 19302 19474 19771 20339 21309 21464 
464185 210014 938564 475604 515790 330726 428819 764781 556438 87655 ,50148 61790 80612 86779 87681 89611 91176 95608 98235 99550 ,464185 210014 938564 475604 515790 330726 428819 764781 556438 87655 ,50148 61790 80612 86779 87681 89611 91176 95608 98235 99550 
234460 828280 532427 288777 646865 898847 233864 352722 302762 559257 ,23540 25581 29017 29458 29659 31136 32069 32625 33596 33645 ,234460 828280 532427 288777 646865 898847 233864 352722 302762 559257 ,23540 25581 29017 29458 29659 31136 32069 32625 33596 33645 
422549 422912 873847 4714 255376 291911 343235 204950 269228 21989 ,23957 27285 29475 30392 30998 33077 34978 36398 36398 36817 ,422549 422912 873847 4714 255376 291911 343235 269228 204950 21989 ,23957 27285 29475 30392 30998 33077 34978 36398 36398 36817 
535927 94339 112147 108787 799344 122522 703566 482242 86092 68908 ,25574 27304 27786 28215 30484 30637 30926 31577 31936 33013 ,112147 108787 122522 51283 402576 702934 806283 408230 738660 174621 ,27786 28215 30637 33355 36662 36712 37372 37412 37859 37881 
391739 391737 87094 795343 814599 466730 30530 66965 88224 451802 ,34045 34088 34766 35446 39914 40078 40736 41934 42509 42565 ,391739 391737 87094 795343 814599 466730 30530 66965 88224 451802 ,34045 34088 34766 35446 39914 40078 40736 41934 42509 42565 
322435 187652 444660 911837 443581 780554 336886 200388 603287 615392 ,22665 35512 35614 37461 42361 43270 48464 53567 54046 66591 ,322435 187652 444660 911837 443581 780554 336886 200388 603287 615392 ,22665 35512 35614 37461 42361 43270 48464 53567 54046 66591 
645453 646504 614951 191031 191338 191259 672544 191258 672508 672566 ,12534 24525 25004 26873 27205 27876 27879 28371 29145 32215 ,645453 646504 614951 191031 191338 191259 672544 191258 672508 672566 ,12534 24525 25004 26873 27205 27876 27879 28371 29145 32215 
30563 123377 178386 446236 685628 497740 278977 44785 68826 499764 ,43685 48236 50343 50700 51750 53805 54632 57473 58557 58702 ,30563 123377 178386 446236 685628 497740 278977 44785 499764 676846 ,43685 48236 50343 50700 51750 53805 54632 57473 58702 58940 
774080 942138 235736 104763 239017 524651 25596 323069 430027 833783 ,37126 39178 45566 45934 47060 47915 48121 50446 50488 50614 ,774080 942138 104763 239017 524651 323069 430027 833783 364423 780392 ,37126 39178 45934 47060 47915 50446 50488 50614 51186 51474 
635076 632781 197661 276477 635225 632578 15270 375558 193891 193100 ,31792 34888 35350 35350 37219 38597 39158 39581 39983 40685 ,635076 632781 276477 197661 635225 632578 15270 375558 193891 271916 ,31792 34888 35350 35350 37219 38597 39158 39581 39983 40685 
352362 770642 836678 422610 936912 753964 720940 431715 86126 131472 ,39040 39456 43230 49021 49869 50222 54967 56611 57637 58384 ,352362 770642 836678 422610 936912 753964 720940 431715 86126 131472 ,39040 39456 43230 49021 49869 50222 54967 56611 57637 58384 
720672 498343 975229 747377 427112 487573 718856 91888 91375 548428 ,43437 44526 47254 50233 50597 50653 50673 50831 51357 53181 ,720672 498343 975229 747377 427112 487573 718856 91888 91375 548428 ,43437 44526 47254 50233 50597 50653 50673 50831 51357 53181 
982648 426998 326054 714530 555415 567188 607107 592349 55994 423244 ,24183 28274 33135 33530 34156 35244 35347 36208 36213 36228 ,982648 426998 326054 714530 555415 567188 607107 592349 55994 423244 ,24183 28274 33135 33530 34156 35244 35347 36208 36213 36228 
908349 962274 911712 157130 791365 859316 130253 619511 868427 998791 ,37968 38488 43353 44046 44568 45139 45691 50755 51960 52471 ,908349 962274 911712 157130 791365 859316 130253 619511 868427 998791 ,37968 38488 43353 44046 44568 45139 45691 50755 51960 52471 
748487 853083 265732 819550 632229 406402 60814 842421 831914 843837 ,61219 61772 63225 65386 66305 66329 68327 69840 70019 70155 ,748487 853083 265732 819550 632229 406402 60814 842421 831914 843837 ,61219 61772 63225 65386 66305 66329 68327 69840 70019 70155 
374023 773061 47941 955020 107713 666797 987962 594024 936538 823440 ,54020 56166 58023 59655 60286 61470 61565 63003 66108 66609 ,374023 773061 47941 107713 666797 987962 594024 936538 823440 645134 ,54020 56166 58023 60286 61470 61565 63003 66108 66609 68447 
833208 223485 223579 562664 596920 519872 417065 466312 524249 930430 ,49334 50845 52498 54619 57811 58041 58495 58591 58755 59245 ,833208 223485 223579 562664 519872 417065 466312 524249 930430 607145 ,49334 50845 52498 54619 58041 58495 58591 58755 59245 59445 
916027 528701 260461 929975 93193 929709 594190 627888 715463 869045 ,46647 48100 48144 48225 48771 49500 49916 50013 50043 50362 ,916027 528701 260461 929975 93193 929709 594190 627888 715463 869045 ,46647 48100 48144 48225 48771 49500 49916 50013 50043 50362 
518032 527366 848564 518140 433559 182584 988677 236587 744218 312291 ,58387 58593 60668 61927 62358 63614 64321 64502 64880 65412 ,518032 848564 518140 433559 182584 988677 236587 312291 486285 840397 ,58387 60668 61927 62358 63614 64321 64502 65412 66154 66490 
929815 222442 538689 492632 541802 911889 956544 955990 857277 970020 ,47293 51533 59290 60145 60621 61640 62420 63294 65806 66156 ,929815 222442 538689 492632 541802 911889 956544 955990 857277 970020 ,47293 51533 59290 60145 60621 61640 62420 63294 65806 66156 
775895 277574 236653 383538 309392 992895 737984 876070 353953 282931 ,87776 92092 92949 95251 95259 97197 97909 98687 99043 100345 ,775895 277574 236653 383538 309392 992895 737984 876070 353953 282931 ,87776 92092 92949 95251 95259 97197 97909 98687 99043 100345 
466794 481174 319130 188748 489343 411499 481143 323367 453565 416354 ,50358 51523 56258 56418 57209 57250 57298 58170 58686 59260 ,323367 350964 350686 916004 698418 275843 557461 477033 610244 808400 ,58170 59704 60444 61217 62486 63047 63132 63511 64241 65061 
878713 521869 130138 16368 618526 225421 269798 853082 73132 565621 ,53020 55547 57341 59431 59808 60618 61204 61775 62042 62088 ,878713 521869 130138 16368 618526 225421 269798 853082 73132 565621 ,53020 55547 57341 59431 59808 60618 61204 61775 62042 62088 
328928 711112 611448 591913 968007 674824 14181 593438 77007 591279 ,96900 98211 117351 117444 119846 129361 134447 137848 138244 138576 ,328928 711112 611448 591913 968007 674824 14181 593438 77007 591279 ,96900 98211 117351 117444 119846 129361 134447 137848 138244 138576 
198790 97112 701527 33233 162388 85998 562718 33281 250558 631191 ,85811 96288 103127 104242 105063 105739 105998 106767 113257 113289 ,198790 97112 701527 33233 162388 85998 562718 33281 631191 349515 ,85811 96288 103127 104242 105063 105739 105998 106767 113289 114289 
540874 565460 933975 540793 596707 425177 439767 935707 948320 691272 ,68026 68531 78114 81417 82350 82430 83039 84237 84864 85175 ,540874 933975 540793 596707 425177 439767 948320 691272 799460 144130 ,68026 78114 81417 82350 82430 83039 84864 85175 85959 86013 
885882 190693 190587 855020 539692 690998 606701 546722 124170 901741 ,39671 45422 48333 48673 48963 50206 50286 50306 50617 51799 ,885882 190693 190587 855020 539692 690998 606701 546722 124170 901741 ,39671 45422 48333 48673 48963 50206 50286 50306 50617 51799 
978207 832520 145477 172034 128638 920256 818594 568429 201635 290344 ,38492 56180 56884 59122 61115 64242 65155 67385 68530 71874 ,978207 832520 145477 172034 128638 920256 818594 568429 201635 290344 ,38492 56180 56884 59122 61115 64242 65155 67385 68530 71874 
740151 376385 745757 8862 305882 316892 305416 278048 591460 451713 ,60230 61925 62411 66060 66949 67722 67973 70194 70581 71442 ,740151 376385 745757 8862 305882 316892 305416 278048 591460 451713 ,60230 61925 62411 66060 66949 67722 67973 70194 70581 71442 
361203 629643 244413 699404 393289 738179 702179 65633 596481 233333 ,67418 72856 74755 74778 76342 78462 78904 79718 80098 80424 ,361203 629643 244413 699404 393289 738179 702179 65633 596481 233333 ,67418 72856 74755 74778 76342 78462 78904 79718 80098 80424 
755885 539963 553617 406583 191799 820703 39222 473797 207349 421689 ,26721 27453 30464 31426 31549 31853 32103 32798 33351 33937 ,755885 539963 553617 406583 820703 39222 473797 191181 974190 824202 ,26721 27453 30464 31426 31853 32103 32798 34636 35036 36963 
859802 914023 83439 716201 559096 477219 477211 217238 477700 911431 ,29217 30807 31698 31767 32351 32393 32516 32842 32851 33005 ,716201 559096 452392 325955 754423 907564 171421 269716 106559 869318 ,31767 32351 33926 34363 35162 35675 35932 38142 38341 39072 
527001 836867 476342 26896 247224 604600 76609 527764 728956 454048 ,51018 51756 51771 52458 52974 54126 56220 56583 56613 56735 ,527001 836867 476342 26896 247224 604600 76609 527764 728956 454048 ,51018 51756 51771 52458 52974 54126 56220 56583 56613 56735 
419725 238193 476200 413590 700415 661302 693729 861915 996096 248520 ,48372 53228 54191 54361 54755 55520 55951 55963 56232 57128 ,419725 238193 476200 413590 700415 661302 693729 861915 996096 248520 ,48372 53228 54191 54361 54755 55520 55951 55963 56232 57128 
688159 5711 737920 524153 795249 569820 498248 366240 768189 64269 ,40962 41696 42297 42941 43687 45260 47832 48655 48848 49633 ,688159 5711 737920 524153 795249 569820 498248 366240 768189 64269 ,40962 41696 42297 42941 43687 45260 47832 48655 48848 49633 
207758 547569 497097 487712 670642 798593 555337 497034 554898 866568 ,30067 30586 32622 33567 34194 34651 35112 35304 35715 36148 ,207758 547569 497097 487712 670642 798593 555337 497034 554898 866568 ,30067 30586 32622 33567 34194 34651 35112 35304 35715 36148 
619248 611600 39291 374202 331463 378266 322480 647181 921080 139176 ,42956 45810 45815 51708 53074 54949 56589 56964 57774 59299 ,619248 611600 39291 374202 331463 378266 322480 647181 921080 139176 ,42956 45810 45815 51708 53074 54949 56589 56964 57774 59299 
352722 812606 271848 968555 517588 887754 204664 309849 269690 198607 ,52201 53553 54005 55616 56724 57118 57960 59610 59754 60338 ,352722 812606 271848 968555 517588 887754 204664 309849 269690 198607 ,52201 53553 54005 55616 56724 57118 57960 59610 59754 60338 
83184 292020 305047 653026 391817 339118 321610 88923 363430 233324 ,27373 29799 30238 30487 30646 31614 31968 31991 32018 32383 ,83184 292020 305047 653026 391817 339118 321610 88923 363430 233324 ,27373 29799 30238 30487 30646 31614 31968 31991 32018 32383 
255098 535064 804571 241987 935682 307587 790988 363697 44460 95611 ,20735 23368 23667 30969 31216 31863 32700 33052 33477 35124 ,255098 535064 804571 935682 307587 790988 363697 44460 95611 432468 ,20735 23368 23667 31216 31863 32700 33052 33477 35124 35744 
22166 632179 22052 59286 789526 23969 762687 159805 698695 59856 ,30057 34986 37424 40721 41646 41839 42004 42444 43135 43215 ,22166 789526 159805 94631 600669 785810 219630 834330 713570 422947 ,30057 41646 42444 44178 45012 46369 47064 49439 49602 49604 
600669 24297 422629 834330 569671 216030 600732 607705 534507 30058 ,22352 25313 25414 26157 27679 27740 30214 30768 31134 32299 ,600669 24297 422629 834330 569671 216030 600732 534507 30058 516661 ,22352 25313 25414 26157 27679 27740 30214 31134 32299 32616 
862073 540687 266434 566943 310142 216283 707622 787242 924612 547261 ,55475 59332 60011 61607 63385 65060 65968 66086 66460 66478 ,862073 540687 266434 566943 310142 216283 707622 924612 547261 236375 ,55475 59332 60011 61607 63385 65060 65968 66460 66478 68355 
455298 678944 472375 36556 36726 455589 494580 110635 255848 264946 ,38392 41538 44352 46903 47493 48699 48846 49222 50334 50396 ,455298 678944 472375 36556 36726 455589 494580 110635 255848 264946 ,38392 41538 44352 46903 47493 48699 48846 49222 50334 50396 
628755 629308 91548 903997 163199 307222 397956 297677 305432 597645 ,54143 54607 56812 56904 57849 58071 58301 58331 58448 58745 ,628755 91548 903997 163199 307222 397956 297677 305432 597645 556277 ,54143 56812 56904 57849 58071 58301 58331 58448 58745 59841 
685169 686041 429639 292396 429420 534786 293507 534619 295847 443030 ,27257 29919 31057 32332 32497 33020 33322 34565 34789 35028 ,685169 686041 429639 292396 429420 534786 293507 534619 295847 443030 ,27257 29919 31057 32332 32497 33020 33322 34565 34789 35028 
830953 54200 915586 899035 5238 449633 918353 747131 555086 862031 ,26342 27902 31378 31868 32123 34191 36450 37902 37912 41979 ,830953 54200 915586 899035 5238 449633 747131 555086 862031 899736 ,26342 27902 31378 31868 32123 34191 37902 37912 41979 43213 
683835 833223 511434 855040 826669 71195 833207 852029 835647 867849 ,41141 52757 52808 53488 56895 57536 57847 58389 58962 59761 ,683835 833223 855040 826669 71195 833207 852029 835647 633501 957639 ,41141 52757 53488 56895 57536 57847 58389 58962 59968 60085 
3627 198704 705770 957771 412981 219 431113 401310 232684 233374 ,62078 62281 62873 64702 65175 65218 66020 67128 67471 67977 ,3627 198704 705770 957771 412981 219 431113 401310 232684 233374 ,62078 62281 62873 64702 65175 65218 66020 67128 67471 67977 
496933 960725 363718 507421 127779 363694 748053 713864 8720 716810 ,36152 40105 41848 41917 44998 45099 45210 46079 46364 46474 ,496933 960725 363718 507421 127779 363694 748053 713864 8720 716810 ,36152 40105 41848 41917 44998 45099 45210 46079 46364 46474 
984745 497743 534945 366526 351583 601636 293598 292066 748674 350980 ,43881 45453 51466 52023 53642 53966 54977 55029 55341 55843 ,984745 497743 534945 366526 351583 601636 293598 292066 748674 350980 ,43881 45453 51466 52023 53642 53966 54977 55029 55341 55843 
655412 835618 708793 861686 618092 254443 816171 810687 252917 419182 ,45705 50907 51765 53888 59921 60358 60588 60801 61415 62049 ,655412 835618 708793 861686 618092 254443 816171 810687 252917 419182 ,45705 50907 51765 53888 59921 60358 60588 60801 61415 62049 
409567 102573 767891 414755 649539 410285 937363 442671 293283 768089 ,18670 23235 27042 28048 29864 31017 32342 33371 33442 34796 ,409567 102573 767891 414755 649539 410285 937363 442671 293283 768089 ,18670 23235 27042 28048 29864 31017 32342 33371 33442 34796 
520623 359858 439948 458654 273055 537778 906161 698496 187427 711672 ,64915 87053 88014 88490 93455 94231 94407 95599 96536 96889 ,520623 359858 439948 458654 273055 537778 906161 698496 187427 711672 ,64915 87053 88014 88490 93455 94231 94407 95599 96536 96889 
800988 604073 886098 838164 444461 919013 542885 444902 103658 770667 ,32642 36246 36739 36856 39565 40016 40744 42575 45303 45971 ,800988 604073 886098 838164 444461 919013 542885 444902 103658 770667 ,32642 36246 36739 36856 39565 40016 40744 42575 45303 45971 
759493 447927 375051 836794 375333 446869 952857 448043 443515 861772 ,10478 12747 12846 12975 13175 13695 14364 14932 15344 16776 ,759493 447927 375051 836794 375333 446869 952857 448043 443515 861772 ,10478 12747 12846 12975 13175 13695 14364 14932 15344 16776 
445773 814372 539680 448033 824682 447717 447403 758954 824868 996773 ,11591 12132 12449 12473 12605 13601 13649 13776 13803 15068 ,445773 814372 539680 448033 824682 447717 447403 758954 824868 996773 ,11591 12132 12449 12473 12605 13601 13649 13776 13803 15068 
189217 571281 168781 548492 317282 323338 113760 468337 466224 59871 ,72229 75257 77690 77800 78771 82611 82697 84007 84190 84199 ,189217 571281 168781 548492 317282 323338 113760 466224 59871 32631 ,72229 75257 77690 77800 78771 82611 82697 84190 84199 85070 
662747 390322 607211 674886 780588 188802 352102 220156 351399 513503 ,66195 69143 73356 73473 79454 80353 81925 82323 82386 82562 ,662747 390322 607211 674886 780588 188802 352102 220156 351399 513503 ,66195 69143 73356 73473 79454 80353 81925 82323 82386 82562 
699236 447325 684607 672603 700268 822888 672443 810383 447470 672913 ,7754 8007 9182 9242 9322 9622 9671 10128 10132 10149 ,699236 447325 684607 672603 700268 822888 672443 810383 447470 672913 ,7754 8007 9182 9242 9322 9622 9671 10128 10132 10149 
920599 336634 4645 763532 380970 30145 190542 84465 68416 787654 ,27093 38527 39749 41333 41984 42485 42712 44076 44204 44704 ,920599 336634 4645 763532 380970 30145 190542 84465 68416 787654 ,27093 38527 39749 41333 41984 42485 42712 44076 44204 44704 
684755 124681 121964 294416 107165 336640 305000 637754 566289 567734 ,18834 22314 22603 22946 23307 23646 23772 25885 26149 26205 ,684755 124681 121964 294416 107165 336640 305000 637754 566289 567734 ,18834 22314 22603 22946 23307 23646 23772 25885 26149 26205 
306539 475350 306383 30216 809503 525240 482790 615563 232473 306092 ,44225 44833 45697 45957 46130 46265 46413 47156 48667 48833 ,306539 475350 306383 30216 809503 525240 482790 615563 232473 306092 ,44225 44833 45697 45957 46130 46265 46413 47156 48667 48833 
29987 815262 818720 29988 29972 29963 500320 815314 426447 487378 ,8546 8981 9165 9206 9318 9329 9774 9967 10578 10777 ,29987 815262 818720 29988 29972 500320 815314 426447 487378 818128 ,8546 8981 9165 9206 9318 9774 9967 10578 10777 10786 
654046 994199 768017 207063 568026 913050 447510 755930 768031 552310 ,6328 7044 7439 7572 7764 8640 8940 9020 9095 9167 ,654046 568026 552310 767971 207049 768076 905877 446262 667463 654563 ,6328 7764 9167 9728 10312 10512 10700 10702 13968 14781 
186412 739772 820190 12791 727282 515034 277290 812490 851602 132157 ,57987 62137 64615 65383 65404 66694 69496 72152 72617 72665 ,186412 739772 820190 12791 727282 515034 277290 812490 851602 132157 ,57987 62137 64615 65383 65404 66694 69496 72152 72617 72665 
863215 568164 839001 757722 673045 568362 757941 830491 24183 24066 ,18453 19204 26415 30673 31168 31519 32233 32657 35669 35938 ,863215 568164 839001 757722 673045 568362 757941 830491 24183 24066 ,18453 19204 26415 30673 31168 31519 32233 32657 35669 35938 
757621 758358 568053 757971 567345 568039 568322 759499 404732 623315 ,5714 6098 8215 10121 13479 19438 21759 21831 22034 22235 ,757621 758358 757971 567345 568039 759499 404732 623315 831830 621703 ,5714 6098 10121 13479 19438 21831 22034 22235 22519 22694 
592318 826781 773347 158780 649224 163165 136445 19461 134555 568747 ,49246 50133 52677 56588 57282 66352 73568 77630 78879 80512 ,592318 826781 773347 158780 649224 163165 136445 19461 134555 568747 ,49246 50133 52677 56588 57282 66352 73568 77630 78879 80512 
576506 442454 474550 611466 131114 831467 476512 750630 882203 896774 ,50245 50959 51288 51938 53849 54022 54126 56620 57819 58156 ,476512 750630 615671 775391 939132 838836 536400 641877 996299 824877 ,54126 56620 60615 61186 63467 64152 65280 65950 67041 67612 
526951 82193 692219 529693 550906 374773 533359 145490 412518 71594 ,50046 56245 57423 58402 59033 60549 61329 61440 63853 64002 ,526951 82193 692219 529693 550906 374773 533359 145490 412518 71594 ,50046 56245 57423 58402 59033 60549 61329 61440 63853 64002 
367853 905589 619207 791064 232811 988330 18684 928791 587166 337462 ,80097 87469 97201 100634 101876 102480 107886 113419 115100 115693 ,367853 905589 619207 791064 232811 988330 18684 928791 587166 337462 ,80097 87469 97201 100634 101876 102480 107886 113419 115100 115693 
673929 592765 568594 962279 567295 674335 402688 673796 611407 568449 ,9632 22338 24549 27752 32472 32508 34305 35457 35834 38436 ,673929 592765 568594 962279 567295 674335 402688 673796 611407 568449 ,9632 22338 24549 27752 32472 32508 34305 35457 35834 38436 
916096 755913 862144 827632 905391 423458 870595 716260 6560 417557 ,23135 25613 27318 28585 28641 28861 29011 29278 29724 29725 ,905391 423458 870595 417477 559142 782151 955593 718227 442955 770466 ,28641 28861 29011 31244 31428 32077 32541 33064 33324 33884 
944294 472085 255483 571465 773314 164773 436402 471057 783297 389476 ,59549 63696 65553 68142 68210 70718 71692 72562 75007 75827 ,944294 472085 255483 571465 773314 164773 436402 471057 783297 389476 ,59549 63696 65553 68142 68210 70718 71692 72562 75007 75827 
9490 833702 536092 933240 190806 882794 8305 604317 541446 862903 ,39568 41408 44899 46800 47819 47819 47884 48873 49634 50035 ,9490 833702 536092 933240 190806 882794 8305 604317 541446 862903 ,39568 41408 44899 46800 47819 47819 47884 48873 49634 50035 
282877 222911 299851 879992 607582 895930 255440 7374 643737 669003 ,33971 48336 48401 49553 51039 53702 53927 54930 54975 55133 ,282877 222911 299851 879992 607582 895930 255440 7374 643737 669003 ,33971 48336 48401 49553 51039 53702 53927 54930 54975 55133 
474558 882799 445145 803912 61022 640897 867553 291446 187196 855817 ,84573 103461 104204 105370 105920 106493 111985 112554 113151 113697 ,474558 882799 445145 803912 61022 640897 867553 291446 187196 855817 ,84573 103461 104204 105370 105920 106493 111985 112554 113151 113697 
767155 768612 747490 854788 869041 78517 448727 74092 271940 390165 ,69281 80129 82026 83957 84273 84444 84958 86900 87277 87697 ,767155 768612 854788 869041 78517 448727 390165 74607 220399 98841 ,69281 80129 83957 84273 84444 84958 87697 88135 88280 90341 
517066 553407 890531 801497 464934 844518 985708 501456 87707 638032 ,125007 125692 132496 135161 136425 138913 139208 142469 146010 147129 ,517066 553407 890531 801497 464934 844518 985708 501456 87707 638032 ,125007 125692 132496 135161 136425 138913 139208 142469 146010 147129 
637953 95977 363373 600926 122176 684612 127779 140243 200046 469782 ,39173 39320 42415 42433 44569 45465 45656 48151 49549 49831 ,637953 95977 363373 600926 122176 684612 127779 140243 200046 469782 ,39173 39320 42415 42433 44569 45465 45656 48151 49549 49831 
536446 294597 819604 484093 516839 815402 957578 365392 450653 152554 ,16348 21488 23831 24868 26915 28059 29007 29355 29795 29947 ,536446 294597 819604 484093 516839 815402 957578 365392 450653 152554 ,16348 21488 23831 24868 26915 28059 29007 29355 29795 29947 
895664 667073 907168 850568 816823 656388 599853 643064 913214 667193 ,8617 8803 10304 11742 12953 12991 13026 13112 13116 13117 ,895664 667073 907168 850568 816823 656388 599853 643064 913214 667193 ,8617 8803 10304 11742 12953 12991 13026 13112 13116 13117 
121931 920599 305081 51398 82148 106968 89638 87278 84813 30256 ,17915 18491 19907 20481 21781 22589 22641 26003 26017 26386 ,121931 920599 305081 51398 82148 106968 89638 87278 84813 30256 ,17915 18491 19907 20481 21781 22589 22641 26003 26017 26386 
835708 637653 757973 373903 757352 760068 144918 970465 567202 144989 ,31148 31950 33367 35852 36282 36415 39003 40483 40487 40839 ,835708 637653 757973 373903 757352 760068 144918 970465 567202 144989 ,31148 31950 33367 35852 36282 36415 39003 40483 40487 40839 
606192 698750 322020 241124 890384 297842 609584 775866 859704 949821 ,54551 54647 55190 56757 57684 58435 58709 58963 59327 63777 ,606192 698750 322020 241124 890384 297842 609584 775866 859704 949821 ,54551 54647 55190 56757 57684 58435 58709 58963 59327 63777 
227941 901885 51829 313576 914691 777514 620696 83107 387341 808761 ,38942 44091 54902 55741 58429 58777 58977 59796 62215 63735 ,227941 901885 51829 313576 914691 777514 620696 83107 387341 808761 ,38942 44091 54902 55741 58429 58777 58977 59796 62215 63735 
780199 684780 30187 708848 654027 856352 427648 79402 228207 429677 ,45428 46343 47001 47033 48013 48900 49793 50168 50511 51041 ,780199 684780 30187 708848 654027 856352 427648 79402 429677 350589 ,45428 46343 47001 47033 48013 48900 49793 50168 51041 51198 
187994 51925 77618 404275 342041 556996 886142 543206 38484 38530 ,54417 59066 59189 65316 68385 70828 72109 75350 75829 75942 ,187994 51925 77618 404275 342041 556996 886142 543206 38484 38530 ,54417 59066 59189 65316 68385 70828 72109 75350 75829 75942 
297635 178308 282049 749510 703720 282726 35302 694950 178301 116311 ,68628 68978 70387 72991 74741 74945 77787 78365 78789 79869 ,297635 178308 282049 749510 703720 282726 35302 694950 178301 116311 ,68628 68978 70387 72991 74741 74945 77787 78365 78789 79869 
125194 30388 5087 815224 524966 521855 831098 487401 389398 79848 ,42844 49857 51260 54843 56397 57493 59300 60855 62085 63080 ,125194 30388 5087 815224 524966 521855 831098 487401 389398 79848 ,42844 49857 51260 54843 56397 57493 59300 60855 62085 63080 
416138 713481 85152 707805 201897 529834 960898 281786 683826 597197 ,71561 74917 81132 83874 84126 84800 85556 90793 91265 95525 ,416138 713481 85152 707805 201897 529834 960898 281786 683826 597197 ,71561 74917 81132 83874 84126 84800 85556 90793 91265 95525 
256586 62960 794405 365707 685073 322463 998230 540563 407767 293932 ,52220 57057 61767 64443 65263 65599 67247 67552 68120 72413 ,256586 62960 794405 365707 685073 322463 998230 540563 407767 293932 ,52220 57057 61767 64443 65263 65599 67247 67552 68120 72413 
733933 614133 276363 904763 377039 399532 804897 2766 213445 209671 ,70006 73138 74700 74876 74925 80771 84627 87306 88740 90359 ,733933 614133 276363 904763 377039 399532 804897 2766 213445 209671 ,70006 73138 74700 74876 74925 80771 84627 87306 88740 90359 
189417 880137 640493 756629 675729 885738 298871 640214 754322 907226 ,30964 31112 36124 37969 40017 42324 42648 42778 42874 42984 ,189417 880137 640493 756629 675729 885738 298871 640214 754322 907226 ,30964 31112 36124 37969 40017 42324 42648 42778 42874 42984 
856033 642186 333878 498834 985417 877057 373654 954820 44548 48784 ,38501 47650 48769 52279 54370 54937 56393 56698 57767 58871 ,856033 642186 333878 498834 985417 877057 373654 954820 44548 48784 ,38501 47650 48769 52279 54370 54937 56393 56698 57767 58871 
575049 307041 466644 700753 31787 579403 14293 511641 320696 523977 ,55241 67591 69568 71241 76567 76745 77881 78006 78356 79590 ,307041 466644 700753 31787 579403 14293 511641 320696 523977 233484 ,67591 69568 71241 76567 76745 77881 78006 78356 79590 80224 
569948 988463 21240 139442 630951 663984 658864 323404 274690 330511 ,42700 59299 65255 70558 72941 75024 79886 81063 81221 82985 ,569948 988463 21240 139442 630951 663984 658864 323404 274690 330511 ,42700 59299 65255 70558 72941 75024 79886 81063 81221 82985 
940285 118029 610773 189813 980262 527425 430014 724414 664146 91406 ,83613 85316 85490 87291 87664 88570 88653 89404 89613 89765 ,940285 118029 610773 189813 980262 527425 430014 724414 664146 91406 ,83613 85316 85490 87291 87664 88570 88653 89404 89613 89765 
391794 174947 716434 30096 255403 722960 776965 5477 787399 350601 ,27115 28211 28436 29220 31005 32840 33269 34052 34364 34400 ,391794 174947 716434 30096 255403 722960 776965 5477 787399 350601 ,27115 28211 28436 29220 31005 32840 33269 34052 34364 34400 
897992 904074 966081 40930 281666 762188 794113 831411 632632 466528 ,48309 51911 57756 58691 59168 59428 63166 63686 63736 63852 ,897992 904074 40930 281666 762188 794113 831411 632632 466528 605194 ,48309 51911 58691 59168 59428 63166 63686 63736 63852 64272 
447180 825373 893374 38883 654707 785575 446146 445570 447384 785724 ,5930 6340 6875 6880 6924 6987 7218 7246 7249 7634 ,447180 825373 893374 38883 654707 785575 446146 445570 447384 785724 ,5930 6340 6875 6880 6924 6987 7218 7246 7249 7634 
190780 192339 447950 696457 446936 447015 190832 673377 447718 768095 ,11506 12077 12403 12422 12545 12559 12729 12738 12860 12893 ,190780 192339 447950 696457 447015 673377 447718 768095 984274 853812 ,11506 12077 12403 12422 12559 12738 12860 12893 13037 13111 
208859 292077 306845 776381 90567 273472 704655 175801 31472 597476 ,38304 41411 41592 43016 47175 47586 47719 48600 48918 48962 ,208859 292077 306845 776381 273472 704655 175801 31472 597476 239396 ,38304 41411 41592 43016 47586 47719 48600 48918 48962 49767 
156203 980120 57138 943281 767757 904441 49304 405854 218039 187880 ,69823 70838 71207 72415 72440 72631 73890 74557 77643 78281 ,156203 980120 57138 943281 767757 904441 49304 405854 187880 490469 ,69823 70838 71207 72415 72440 72631 73890 74557 78281 80636 
283502 226582 15977 606027 183171 996524 16429 871303 437980 742803 ,55375 63293 67726 68128 68563 68766 69657 71345 71810 71858 ,283502 226582 183171 996524 16429 871303 437980 742803 863512 781393 ,55375 63293 68563 68766 69657 71345 71810 71858 72439 72640 
996177 922118 989778 984430 193077 795504 763101 853516 958087 852887 ,39361 50536 54679 55032 55407 56415 56597 57016 62945 64142 ,996177 922118 989778 984430 193077 795504 763101 853516 958087 852887 ,39361 50536 54679 55032 55407 56415 56597 57016 62945 64142 
743362 745216 755711 535455 171967 535461 228301 734089 737505 767402 ,19573 20429 21856 24336 24461 25851 27116 28070 28435 28603 ,743362 745216 535455 171967 535461 228301 734089 737505 767402 954083 ,19573 20429 24336 24461 25851 27116 28070 28435 28603 30153 
917577 909306 644084 47271 926154 186409 650836 550600 46409 652444 ,29772 42702 46833 47553 49402 52903 53270 54573 55892 57990 ,917577 909306 644084 47271 926154 186409 650836 550600 46409 652444 ,29772 42702 46833 47553 49402 52903 53270 54573 55892 57990 
242408 555231 834826 45746 163817 429935 300301 545206 649192 446564 ,26981 27555 30618 31014 31982 33263 33547 34198 34353 34689 ,242408 555231 834826 45746 163817 429935 300301 545206 649192 446564 ,26981 27555 30618 31014 31982 33263 33547 34198 34353 34689 
531690 854911 848871 588387 654661 218013 955938 803626 297636 926940 ,125889 173563 186198 188346 231051 250833 250997 257932 262132 386594 ,531690 854911 848871 588387 654661 218013 955938 803626 297636 926940 ,125889 173563 186198 188346 231051 250833 250997 257932 262132 386594 
158755 984543 38053 447115 448291 606686 790399 443380 38513 768214 ,24545 25651 28725 29453 29759 29897 30184 30423 30968 31229 ,158755 984543 38053 447115 448291 606686 790399 443380 38513 768214 ,24545 25651 28725 29453 29759 29897 30184 30423 30968 31229 
446564 212747 544453 708854 445372 604054 131057 831266 312157 536092 ,33222 34130 35405 35446 35553 36305 36436 37249 37300 37691 ,446564 212747 544453 708854 445372 604054 131057 831266 312157 536092 ,33222 34130 35405 35446 35553 36305 36436 37249 37300 37691 
100938 160545 278560 262991 239083 469757 875941 889117 827950 226118 ,39229 40635 42122 42334 43310 44121 44216 45152 45830 46584 ,100938 160545 278560 262991 239083 469757 875941 889117 827950 226118 ,39229 40635 42122 42334 43310 44121 44216 45152 45830 46584 
820953 572766 500111 418313 571406 104296 599856 609783 609892 685109 ,24691 28307 29802 29815 33657 34143 35346 36391 36536 36699 ,820953 572766 500111 418313 571406 104296 599856 609783 609892 685109 ,24691 28307 29802 29815 33657 34143 35346 36391 36536 36699 
523052 425033 523395 555586 842217 438800 956565 848913 685590 876803 ,51213 57367 58299 59736 60990 61707 62165 62837 63041 63161 ,523052 425033 523395 555586 842217 956565 685590 876803 555228 273870 ,51213 57367 58299 59736 60990 62165 63041 63161 64058 64530 
758518 674335 946269 558024 136997 651646 881793 801942 567237 544542 ,31146 31324 32799 33557 34836 35458 36459 36596 36820 37497 ,136997 651646 801942 567420 838618 963264 818522 568068 855048 674002 ,34836 35458 36596 38490 40967 42035 42349 42372 43598 43630 
17691 516775 157084 225985 632188 423109 379458 363383 522327 91078 ,28100 32495 35409 37706 37945 41120 44275 45741 46103 46640 ,17691 516775 157084 225985 632188 423109 379458 363383 522327 91078 ,28100 32495 35409 37706 37945 41120 44275 45741 46103 46640 
689981 889458 229448 858959 886120 666576 838975 462814 206649 670111 ,87225 93734 95993 96198 97342 97811 100112 101456 102998 103649 ,689981 889458 229448 858959 886120 666576 838975 462814 206649 670111 ,87225 93734 95993 96198 97342 97811 100112 101456 102998 103649 
305446 429779 13710 501632 236719 4590 397173 87209 698410 75222 ,32302 35566 36670 37524 38492 39009 39642 39682 39876 40060 ,305446 429779 13710 501632 236719 4590 397173 698410 353367 305944 ,32302 35566 36670 37524 38492 39009 39642 39876 40167 40291 
241389 893820 874701 247760 886412 828891 204106 608440 11793 541368 ,29581 30897 36421 36825 36872 36921 37191 38961 39278 39546 ,241389 893820 874701 247760 886412 204106 608440 11793 541368 247527 ,29581 30897 36421 36825 36872 37191 38961 39278 39546 40170 
448055 767743 957896 448298 995055 969962 722763 802532 877616 490555 ,38002 44077 49708 50242 50415 50692 51161 52478 52826 53070 ,448055 767743 957896 448298 995055 969962 722763 802532 877616 490555 ,38002 44077 49708 50242 50415 50692 51161 52478 52826 53070 
702274 543046 299706 960446 967299 374023 7840 761351 546642 56154 ,26683 28728 29281 29328 30519 31861 36017 36020 36114 36684 ,702274 543046 299706 960446 967299 374023 7840 761351 546642 56154 ,26683 28728 29281 29328 30519 31861 36017 36020 36114 36684 
15789 93302 520082 948259 599198 965667 747103 270240 208612 195673 ,57543 66515 68936 72157 73538 77127 77593 77630 78156 79025 ,15789 93302 520082 948259 599198 965667 747103 270240 208612 195673 ,57543 66515 68936 72157 73538 77127 77593 77630 78156 79025 
659407 987290 576308 139715 717977 491293 401145 800302 602492 18128 ,44146 44477 44765 47674 48482 49111 49321 49583 49806 50564 ,987290 18128 942573 21210 693400 234235 889352 603862 285303 1943 ,44477 50564 51282 51970 53533 56260 56609 56912 58511 59220 
872151 407553 361001 359793 873936 864238 872856 849632 565153 118796 ,65319 67650 67879 68420 70711 70847 75275 77635 78153 78393 ,348891 604198 160182 395833 159288 758790 680653 922879 848880 995880 ,84774 85264 85413 89293 90173 91317 91649 91922 92059 92236 
643091 842271 471857 219521 973654 712324 253540 803651 562264 598323 ,48371 50836 51939 58095 62481 65019 65224 65594 65761 66523 ,643091 471857 219521 973654 712324 803651 562264 598323 451307 790170 ,48371 51939 58095 62481 65019 65594 65761 66523 66661 66859 
589198 26069 897447 857892 346112 463872 449392 851782 896717 26080 ,93296 103539 103560 108787 111149 111425 112070 112977 115422 116660 ,589198 26069 897447 857892 346112 463872 449392 851782 896717 26080 ,93296 103539 103560 108787 111149 111425 112070 112977 115422 116660 
586281 547178 970969 884085 364995 716938 59043 918654 599671 942536 ,72444 74813 75643 76737 78006 81155 83855 84647 84990 86779 ,547178 970969 884085 364995 59043 918654 599671 942536 831922 433810 ,74813 75643 76737 78006 83855 84647 84990 86779 88068 88436 
799421 481009 351381 803993 703981 724380 314663 523376 364726 597434 ,44354 44361 44942 48802 50255 50814 51186 51347 51685 51870 ,799421 481009 803993 703981 724380 314663 523376 364726 597434 96247 ,44354 44361 48802 50255 50814 51186 51347 51685 51870 51906 
146991 185815 388293 840397 256639 241315 97827 181081 904587 618180 ,63234 76681 78652 79200 81041 84371 85039 85830 86128 87064 ,146991 185815 388293 840397 256639 241315 97827 181081 904587 618180 ,63234 76681 78652 79200 81041 84371 85039 85830 86128 87064 
736841 682527 808149 743280 524286 421340 629876 505027 464940 79744 ,47720 58307 59570 61001 61590 62262 64472 64524 66457 67025 ,736841 682527 808149 743280 524286 421340 629876 505027 464940 79744 ,47720 58307 59570 61001 61590 62262 64472 64524 66457 67025 
567013 575593 664523 190825 407139 356197 660221 835916 611805 890066 ,46663 47374 48597 50926 51194 51993 54811 55150 55693 56715 ,567013 575593 664523 190825 407139 356197 660221 835916 611805 890066 ,46663 47374 48597 50926 51194 51993 54811 55150 55693 56715 
952305 151815 343433 122359 604520 525404 96268 173730 112260 680908 ,59320 61922 63811 66718 68684 69131 70143 70437 70511 70923 ,952305 151815 343433 122359 604520 525404 96268 173730 112260 680908 ,59320 61922 63811 66718 68684 69131 70143 70437 70511 70923 
261244 846469 647793 207289 13778 482816 623375 395095 948235 358449 ,108489 116629 118726 121902 123566 124161 124182 124946 128319 129304 ,261244 846469 647793 207289 13778 482816 623375 395095 948235 358449 ,108489 116629 118726 121902 123566 124161 124182 124946 128319 129304 
517381 514875 619019 127537 705679 691297 531747 82801 272622 735028 ,57777 58473 60009 60023 60095 60810 62514 62618 62993 63511 ,517381 514875 619019 127537 531747 82801 272622 519890 669939 262595 ,57777 58473 60009 60023 62514 62618 62993 63576 63853 64065 
571650 879509 874376 845154 550712 897758 629479 687237 3849 842421 ,49172 71492 76047 76589 77661 77913 78064 78941 79422 80060 ,571650 879509 874376 845154 550712 897758 629479 687237 3849 842421 ,49172 71492 76047 76589 77661 77913 78064 78941 79422 80060 
547330 605709 898363 578919 579307 297769 120473 125260 403151 722067 ,81279 96019 107466 108234 113027 113229 117025 118055 123782 125022 ,547330 605709 898363 578919 579307 297769 120473 125260 403151 722067 ,81279 96019 107466 108234 113027 113229 117025 118055 123782 125022 
855328 956943 306803 646294 955101 632643 855895 627896 455102 208323 ,88622 90909 91546 94522 96626 100322 101158 101247 101570 102085 ,855328 956943 306803 646294 955101 632643 855895 627896 455102 208323 ,88622 90909 91546 94522 96626 100322 101158 101247 101570 102085 
917618 375010 11685 51172 11183 658066 424699 917313 415297 119352 ,31415 34002 34228 34381 34385 35272 36228 37142 37369 37945 ,917618 375010 11685 51172 11183 658066 424699 917313 415297 119352 ,31415 34002 34228 34381 34385 35272 36228 37142 37369 37945 
405990 947096 187735 305975 793394 997266 150045 959040 240982 716459 ,25538 25734 26462 30393 30734 31847 32501 32699 33656 35676 ,405990 947096 187735 793394 997266 150045 959040 240982 716459 553038 ,25538 25734 26462 30734 31847 32501 32699 33656 35676 36172 
183809 166114 259330 32123 562525 313010 985686 842694 304947 949660 ,112637 117173 117332 118753 121261 122499 123043 123850 124158 124433 ,183809 166114 259330 32123 562525 313010 985686 842694 304947 949660 ,112637 117173 117332 118753 121261 122499 123043 123850 124158 124433 
584161 105042 870381 651095 281881 110549 422509 491766 311846 360769 ,43354 45745 47361 47966 49449 49866 50520 50708 50881 51754 ,584161 105042 870381 651095 281881 110549 422509 491766 311846 360769 ,43354 45745 47361 47966 49449 49866 50520 50708 50881 51754 
664564 261483 95166 337262 123163 997991 151852 282923 96358 838768 ,29188 44585 44666 45278 46252 52234 52302 52673 53059 53566 ,664564 261483 95166 337262 123163 997991 151852 282923 96358 838768 ,29188 44585 44666 45278 46252 52234 52302 52673 53059 53566 
870658 931712 434322 129119 543743 932694 781799 15675 542389 416998 ,54144 56162 59349 61523 62230 62246 64072 64296 64779 64884 ,870658 434322 129119 543743 932694 781799 15675 542389 416998 885766 ,54144 59349 61523 62230 62246 64072 64296 64779 64884 66674 
903348 684699 526136 122222 501564 127661 468062 430505 424544 547350 ,48117 48165 48261 48566 49138 49468 49756 50704 51218 52222 ,903348 684699 526136 122222 501564 127661 468062 430505 424544 547350 ,48117 48165 48261 48566 49138 49468 49756 50704 51218 52222 
381492 578455 177059 584837 811446 404475 408424 833139 358495 576788 ,71884 72085 73360 73751 78833 80878 81125 82295 84648 84726 ,381492 578455 177059 584837 811446 404475 408424 833139 358495 576788 ,71884 72085 73360 73751 78833 80878 81125 82295 84648 84726 
169762 804785 584096 901287 440974 385526 958923 805018 716253 885484 ,29914 30483 30767 33281 34304 34611 35681 36325 36382 37028 ,169762 804785 584096 440974 385526 958923 805018 716253 885484 562118 ,29914 30483 30767 34304 34611 35681 36325 36382 37028 37312 
342063 810267 423641 396402 70965 193943 485489 403440 947421 72108 ,68873 72975 76322 78007 78227 78478 79128 82245 82379 85699 ,342063 810267 423641 396402 70965 193943 485489 403440 947421 72108 ,68873 72975 76322 78007 78227 78478 79128 82245 82379 85699 
323618 893580 885935 170223 953525 953412 780336 474890 22216 537863 ,29850 31876 34307 34950 35115 36128 37340 37512 37582 38082 ,323618 893580 885935 170223 953525 953412 780336 474890 22216 537863 ,29850 31876 34307 34950 35115 36128 37340 37512 37582 38082 
111643 11827 394228 551087 831604 805678 303649 73733 205456 142512 ,93377 93824 103920 105467 107234 109514 111251 111557 111726 114127 ,111643 11827 394228 551087 831604 805678 303649 73733 205456 142512 ,93377 93824 103920 105467 107234 109514 111251 111557 111726 114127 
417502 96907 72746 11609 748981 621519 59248 84268 547681 646240 ,70120 95830 95963 106271 106643 109783 111400 114521 115985 117000 ,417502 96907 72746 11609 748981 621519 59248 84268 547681 646240 ,70120 95830 95963 106271 106643 109783 111400 114521 115985 117000 
455892 738332 64391 968723 429348 335578 969102 323455 322345 916311 ,64313 65876 66032 66789 68008 68941 70526 70648 71747 72469 ,455892 738332 64391 968723 429348 335578 969102 323455 322345 916311 ,64313 65876 66032 66789 68008 68941 70526 70648 71747 72469 
904250 687433 453885 937668 59315 97274 32518 234162 108351 180503 ,113463 119483 125348 133496 137053 145662 145935 147359 151471 157995 ,904250 687433 453885 937668 59315 97274 32518 234162 108351 180503 ,113463 119483 125348 133496 137053 145662 145935 147359 151471 157995 
244571 138884 620001 609799 114928 832309 959707 522403 818821 665287 ,39248 68381 68668 72430 72638 72979 73463 76406 77220 77598 ,244571 138884 620001 609799 114928 832309 959707 522403 818821 665287 ,39248 68381 68668 72430 72638 72979 73463 76406 77220 77598 
389008 587539 661370 77937 964340 616356 111179 505704 621658 319456 ,85774 86835 86973 88033 89478 91334 91597 92730 93137 94250 ,389008 587539 661370 77937 964340 616356 111179 505704 621658 319456 ,85774 86835 86973 88033 89478 91334 91597 92730 93137 94250 
467614 286795 579609 372949 481228 800638 377324 361104 583362 998966 ,76475 89826 92581 93759 96483 97290 98329 98448 100013 101281 ,467614 286795 579609 372949 481228 800638 377324 361104 583362 998966 ,76475 89826 92581 93759 96483 97290 98329 98448 100013 101281 
852808 250547 503075 813869 666754 248044 248943 606411 606072 503397 ,39355 40186 45072 45139 45865 46474 46710 46956 46960 47048 ,852808 503397 633362 101299 167396 799232 759917 807726 859302 633867 ,39355 47048 48287 48797 49576 52013 52285 52300 53485 54886 
440227 694006 844749 294403 822266 230651 237022 261789 80853 870207 ,70314 71944 72531 72839 73013 73606 74647 74763 74909 75427 ,694006 294403 822266 230651 237022 261789 80853 870207 214561 161810 ,71944 72839 73013 73606 74647 74763 74909 75427 75858 76063 
854779 292296 684138 662815 82795 105340 578857 524740 140243 158900 ,45524 48835 49699 51122 52796 52842 54009 56357 58047 58338 ,854779 105340 578857 296754 682366 193147 158568 947420 467988 304995 ,45524 52842 54009 61831 62128 63902 65097 67526 67574 68755 
999297 604121 377052 976469 236040 937360 961729 285473 667728 793339 ,95198 105592 130583 132346 134635 148095 150203 150858 152410 152629 ,999297 604121 377052 976469 236040 937360 961729 285473 667728 793339 ,95198 105592 130583 132346 134635 148095 150203 150858 152410 152629 
392071 420691 226867 327049 368249 18942 85685 321099 823820 365088 ,64325 67796 80200 81666 82869 83523 84812 84926 85355 86602 ,392071 420691 226867 327049 368249 18942 85685 321099 823820 365088 ,64325 67796 80200 81666 82869 83523 84812 84926 85355 86602 
485099 961706 225548 40971 470270 728598 636109 196966 807275 751593 ,71374 73237 73258 73424 75108 77105 79432 79805 80589 82569 ,485099 961706 225548 40971 470270 728598 636109 196966 807275 751593 ,71374 73237 73258 73424 75108 77105 79432 79805 80589 82569 
374891 622628 377098 969198 860729 448139 349504 65287 829853 818560 ,83907 102749 113447 136007 157930 161937 180806 185079 194318 214332 ,374891 622628 377098 969198 860729 448139 349504 65287 829853 818560 ,83907 102749 113447 136007 157930 161937 180806 185079 194318 214332 
401962 338599 579484 720719 480344 345055 225846 762226 393115 135226 ,46224 70286 71360 71866 83479 85416 85603 85687 86358 87438 ,401962 338599 579484 720719 480344 345055 225846 762226 393115 135226 ,46224 70286 71360 71866 83479 85416 85603 85687 86358 87438 
401961 367848 868908 596482 772343 766594 767460 412749 859432 58074 ,56030 66085 75228 75689 76569 77488 79431 79480 79633 81412 ,401961 367848 868908 596482 772343 766594 767460 412749 859432 58074 ,56030 66085 75228 75689 76569 77488 79431 79480 79633 81412 
367264 473437 658163 861335 237055 526261 93525 381425 366674 223333 ,97662 100742 101703 102315 105223 106641 106879 107024 107497 109368 ,367264 658163 861335 237055 526261 93525 381425 366674 223333 403838 ,97662 101703 102315 105223 106641 106879 107024 107497 109368 110377 
510955 88183 400965 537438 896292 441023 39879 281239 863183 358320 ,40942 43235 45525 45562 45741 47851 47924 48417 48424 49231 ,510955 88183 400965 537438 896292 441023 39879 281239 863183 358320 ,40942 43235 45525 45562 45741 47851 47924 48417 48424 49231 
317846 313625 69873 702843 194688 693557 729952 600549 307298 292775 ,73535 79082 79577 82625 83663 84802 84874 85784 88645 89165 ,317846 69873 702843 194688 693557 729952 600549 307298 292775 362105 ,73535 79577 82625 83663 84802 84874 85784 88645 89165 89544 
266722 78211 814934 710151 33496 95292 431485 389902 732934 882084 ,50194 63537 64226 69281 70220 70487 72611 72947 75436 76049 ,266722 78211 814934 710151 33496 95292 431485 732934 882084 763265 ,50194 63537 64226 69281 70220 70487 72611 75436 76049 76777 
946884 450812 525064 796696 246695 778293 659094 56620 233010 121624 ,50767 51052 51276 51661 54565 56786 57334 58204 60521 60539 ,946884 450812 525064 796696 246695 778293 659094 56620 233010 121624 ,50767 51052 51276 51661 54565 56786 57334 58204 60521 60539 
809866 944898 197588 914535 726023 283251 409496 965598 274038 876716 ,73825 75698 79900 81191 81831 83845 84238 84935 85791 88365 ,809866 944898 197588 914535 726023 283251 409496 965598 274038 876716 ,73825 75698 79900 81191 81831 83845 84238 84935 85791 88365 
537387 395808 932626 303574 161037 669934 798925 389060 451345 968679 ,98504 99479 106074 107308 111241 111308 111440 111815 114948 116189 ,537387 395808 932626 303574 161037 669934 798925 389060 451345 968679 ,98504 99479 106074 107308 111241 111308 111440 111815 114948 116189 
526660 225192 631977 502286 289750 452809 379342 260416 294478 12633 ,42320 49088 49090 53500 56017 56049 56104 56399 57043 57225 ,225192 631977 502286 289750 452809 379342 294478 12633 55713 703517 ,49088 49090 53500 56017 56049 56104 57043 57225 57646 57958 
842876 265255 930075 918335 561733 141048 769092 27903 804921 695816 ,56666 65191 65648 67391 69748 70865 71290 71546 73396 73453 ,842876 265255 930075 918335 561733 141048 769092 27903 804921 695816 ,56666 65191 65648 67391 69748 70865 71290 71546 73396 73453 
313102 206215 740783 990021 159915 733591 875569 402291 229285 247116 ,45848 50876 52070 61387 63048 64418 65404 69631 70531 71557 ,313102 206215 740783 990021 159915 733591 875569 402291 229285 247116 ,45848 50876 52070 61387 63048 64418 65404 69631 70531 71557 
935165 938134 577811 378920 377155 509203 89536 1959 947494 268658 ,73573 88605 89255 93156 97985 100722 101857 102151 103400 104972 ,935165 938134 577811 378920 377155 509203 89536 1959 947494 268658 ,73573 88605 89255 93156 97985 100722 101857 102151 103400 104972 
312301 284468 311261 858772 243517 207653 776387 316073 578272 354578 ,61573 64509 72273 74575 76307 77913 80343 80917 81103 81842 ,312301 284468 311261 858772 243517 207653 776387 316073 578272 354578 ,61573 64509 72273 74575 76307 77913 80343 80917 81103 81842 
338672 322640 102377 494016 300368 18532 77605 890471 461511 8831 ,37271 46012 47690 51992 53090 53373 55453 58097 58809 59012 ,102377 890471 461511 8831 328138 493031 770135 525776 278820 699952 ,47690 58097 58809 59012 59489 60663 60887 63597 64478 67068 
658044 919705 920086 667406 178009 667517 326022 509463 318237 616729 ,31854 33320 34128 36277 39915 41813 42370 43352 43419 43559 ,919705 920086 667406 178009 667517 326022 509463 318237 616729 616285 ,33320 34128 36277 39915 41813 42370 43352 43419 43559 43731 
734815 77570 794066 255843 854586 839739 992051 611775 482907 144125 ,59588 77745 79148 80793 90263 93803 94321 94688 95781 95802 ,734815 77570 794066 255843 854586 839739 992051 611775 482907 144125 ,59588 77745 79148 80793 90263 93803 94321 94688 95781 95802 
566145 983256 540513 597167 905016 994330 885994 605284 514330 681000 ,54188 63557 67629 69307 73656 74808 76140 77361 78979 83349 ,566145 983256 540513 597167 905016 994330 885994 605284 514330 681000 ,54188 63557 67629 69307 73656 74808 76140 77361 78979 83349 
310732 574177 123361 607442 46579 238180 655610 27936 476850 106560 ,26093 35431 36676 38170 39765 39819 40121 40784 40928 41252 ,574177 607442 46579 27936 974387 911804 26103 468938 216329 675304 ,35431 38170 39765 40784 44231 46451 49715 49845 50172 51109 
681043 159136 832246 864076 831646 773183 886700 123386 670782 885559 ,47317 52343 56253 58686 58716 58827 59184 59800 60210 60696 ,681043 159136 832246 864076 773183 886700 123386 670782 655148 736231 ,47317 52343 56253 58686 58827 59184 59800 60210 60842 61672 
58197 603185 368080 190812 117487 805019 419174 946850 603723 508882 ,40718 45293 48442 51243 51311 55284 55432 56829 56976 57526 ,58197 603185 368080 190812 117487 805019 419174 946850 603723 508882 ,40718 45293 48442 51243 51311 55284 55432 56829 56976 57526 
758826 970205 895044 16101 222403 861949 922547 667992 858424 565013 ,74586 85853 89087 95671 98955 101933 104469 106247 111149 112166 ,758826 970205 895044 16101 222403 861949 922547 667992 858424 565013 ,74586 85853 89087 95671 98955 101933 104469 106247 111149 112166 
862760 226985 930272 851056 161188 611842 610603 180114 909146 55417 ,87157 87357 88288 90328 90473 95433 97903 98595 99232 99454 ,862760 226985 930272 851056 161188 611842 610603 180114 909146 55417 ,87157 87357 88288 90328 90473 95433 97903 98595 99232 99454 
850421 555540 437413 714375 774760 220623 882666 256450 40532 507492 ,77506 86453 89904 93811 94879 97358 98661 103897 104178 104324 ,850421 555540 437413 714375 774760 220623 882666 256450 40532 507492 ,77506 86453 89904 93811 94879 97358 98661 103897 104178 104324 
739978 932033 120517 515688 170450 178244 610531 598562 454878 465483 ,75617 81054 91725 92918 95151 96765 97583 97643 97862 98381 ,932033 120517 515688 178244 610531 598562 454878 465483 576618 227115 ,81054 91725 92918 96765 97583 97643 97862 98381 99569 100012 
908246 858670 828042 219267 882963 886221 690733 741223 942852 854573 ,50432 51104 51135 51217 53521 55412 55670 55832 57499 57773 ,908246 858670 828042 219267 882963 886221 690733 741223 942852 854573 ,50432 51104 51135 51217 53521 55412 55670 55832 57499 57773 
620778 722515 420736 812706 829679 677884 932427 247269 560797 667793 ,39430 47660 48551 50088 53610 56109 56295 61124 61441 61978 ,620778 722515 420736 812706 829679 677884 932427 247269 560797 667793 ,39430 47660 48551 50088 53610 56109 56295 61124 61441 61978 
955937 604725 710417 35011 819930 301162 179684 466814 783616 862419 ,89261 96541 97704 99560 104805 105769 106311 106476 106569 106952 ,955937 604725 710417 35011 819930 301162 179684 466814 783616 862419 ,89261 96541 97704 99560 104805 105769 106311 106476 106569 106952 
496034 12595 149479 519408 491991 497200 238534 616720 601707 578702 ,62215 69735 74274 75654 75756 76594 76714 77056 77346 77798 ,496034 12595 149479 519408 491991 497200 238534 616720 601707 578702 ,62215 69735 74274 75654 75756 76594 76714 77056 77346 77798 
321821 73462 137972 487499 527754 873847 546891 430026 113062 474400 ,56443 60784 62771 63727 64393 65001 67113 67241 68898 69138 ,321821 73462 137972 487499 527754 873847 430026 113062 474400 627813 ,56443 60784 62771 63727 64393 65001 67241 68898 69138 70752 
865735 128555 940932 209357 844401 105686 679594 753365 720058 314330 ,62605 64059 67792 68326 68708 69058 69428 71198 72213 73278 ,865735 940932 209357 844401 105686 679594 753365 720058 314330 18086 ,62605 67792 68326 68708 69058 69428 71198 72213 73278 73617 
460876 183335 456518 752766 790170 480654 840954 832771 833053 69009 ,55287 63581 64132 66867 67239 67925 69151 69637 69752 70182 ,460876 183335 456518 752766 790170 480654 840954 832771 833053 69009 ,55287 63581 64132 66867 67239 67925 69151 69637 69752 70182 
734039 744649 674602 913660 933947 709442 124591 397246 661579 423383 ,88892 88900 89004 91323 93530 95722 97615 98202 99489 99617 ,734039 744649 674602 913660 933947 709442 124591 397246 661579 423383 ,88892 88900 89004 91323 93530 95722 97615 98202 99489 99617 
185592 545707 756752 145206 937558 804316 861982 315928 812089 591062 ,78638 84681 86259 88228 88610 88820 88930 89114 89127 89185 ,185592 545707 756752 145206 937558 804316 861982 315928 812089 591062 ,78638 84681 86259 88228 88610 88820 88930 89114 89127 89185 
254298 366041 441633 598585 404330 475942 444923 745558 333238 749073 ,73289 97606 107631 111693 113088 116468 124454 125801 126672 127208 ,254298 366041 441633 598585 404330 475942 444923 745558 333238 749073 ,73289 97606 107631 111693 113088 116468 124454 125801 126672 127208 
437133 162475 123128 200062 855093 795952 958970 685652 494726 454920 ,85898 95391 98056 101525 102354 102550 104561 104762 108903 109882 ,437133 162475 123128 200062 855093 795952 958970 685652 494726 454920 ,85898 95391 98056 101525 102354 102550 104561 104762 108903 109882 
568079 673442 833647 327951 160851 190993 651663 990045 831497 190830 ,13085 24842 30359 37513 38854 39349 40197 40998 41461 41612 ,568079 673442 833647 327951 160851 190993 651663 990045 831497 190830 ,13085 24842 30359 37513 38854 39349 40197 40998 41461 41612 
838066 770437 996249 930159 619382 469062 929355 523695 799391 509981 ,36618 45850 50060 54701 55562 58313 60747 62147 62385 62574 ,838066 770437 996249 930159 619382 469062 929355 523695 799391 509981 ,36618 45850 50060 54701 55562 58313 60747 62147 62385 62574 
571375 354207 428835 217283 767926 716347 638023 933993 906906 743340 ,58730 61601 61789 67273 67468 68432 69836 70257 71241 71264 ,571375 354207 428835 217283 767926 716347 638023 933993 906906 743340 ,58730 61601 61789 67273 67468 68432 69836 70257 71241 71264 
687170 69678 971266 141346 223769 250869 168513 829 797267 355731 ,76458 79971 80507 83393 83576 83808 84280 85689 86539 86885 ,687170 69678 971266 141346 223769 250869 168513 829 797267 355731 ,76458 79971 80507 83393 83576 83808 84280 85689 86539 86885 
835173 325293 580039 611139 837620 835946 355857 990320 922439 211048 ,36393 41721 42161 42319 44082 44171 44568 46414 46450 46659 ,835173 325293 580039 611139 837620 835946 355857 990320 922439 211048 ,36393 41721 42161 42319 44082 44171 44568 46414 46450 46659 
400174 227526 522913 189728 374574 641841 324186 229207 306031 250325 ,68319 69078 69731 69742 70441 72896 74358 74453 76386 77351 ,400174 227526 522913 189728 374574 641841 324186 229207 306031 250325 ,68319 69078 69731 69742 70441 72896 74358 74453 76386 77351 
877556 44733 515462 542640 317905 830953 242803 667721 862259 60232 ,42397 44353 44891 49047 51314 51750 51977 56043 56603 57891 ,877556 44733 515462 542640 317905 830953 242803 667721 862259 60232 ,42397 44353 44891 49047 51314 51750 51977 56043 56603 57891 
843822 997767 972167 208930 879734 200671 499566 109301 471778 219082 ,112380 126692 127423 173449 174468 177239 182506 188060 193596 198250 ,843822 997767 972167 208930 879734 200671 499566 109301 471778 219082 ,112380 126692 127423 173449 174468 177239 182506 188060 193596 198250 
848194 245771 266981 681245 21662 161202 554474 524231 92564 234423 ,76006 76010 76024 77297 82614 84254 85461 88172 89452 89753 ,245771 266981 681245 161202 234423 525968 40293 366575 655509 132668 ,76010 76024 77297 84254 89753 90837 92692 94537 94619 95952 
591727 210336 941855 471127 932345 192334 471142 935707 367502 483025 ,84853 89081 90651 90846 91184 91775 94636 95060 95411 96055 ,591727 210336 941855 471127 932345 192334 471142 935707 367502 483025 ,84853 89081 90651 90846 91184 91775 94636 95060 95411 96055 
170791 548805 519575 273569 681608 171757 313171 164785 167466 742010 ,78331 80011 82393 84489 85379 85507 87189 87509 89465 91771 ,170791 548805 519575 273569 681608 171757 313171 164785 167466 742010 ,78331 80011 82393 84489 85379 85507 87189 87509 89465 91771 
173645 962075 968058 276793 692309 119988 66223 878265 970747 70405 ,52987 58635 67366 68168 69591 70537 70707 70716 70938 72069 ,173645 962075 968058 276793 692309 119988 66223 878265 970747 70405 ,52987 58635 67366 68168 69591 70537 70707 70716 70938 72069 
263962 9050 54696 376902 963661 206470 134762 42561 956999 48410 ,51869 54864 62008 63479 64777 66026 66160 67576 68867 69119 ,263962 9050 54696 376902 963661 206470 134762 42561 956999 48410 ,51869 54864 62008 63479 64777 66026 66160 67576 68867 69119 
217255 741127 158798 586050 770699 741615 534964 795919 458879 442281 ,60584 62985 69948 71309 73957 75538 76737 79049 80875 81534 ,217255 741127 158798 586050 770699 741615 534964 795919 458879 442281 ,60584 62985 69948 71309 73957 75538 76737 79049 80875 81534 
32356 636620 361866 932582 903404 405493 695100 273339 829468 91604 ,79939 81446 84479 85777 86204 86330 89608 90453 90976 91858 ,32356 636620 361866 932582 903404 405493 695100 273339 829468 91604 ,79939 81446 84479 85777 86204 86330 89608 90453 90976 91858 
401627 368204 113265 567075 401411 296221 219501 838835 929063 146123 ,44143 45216 60698 61465 63119 65928 70208 74116 75860 76525 ,401627 368204 113265 567075 401411 296221 219501 838835 929063 146123 ,44143 45216 60698 61465 63119 65928 70208 74116 75860 76525 
486075 340866 968722 570841 710021 31380 485753 415108 918482 669714 ,59153 59697 59740 61410 62256 63091 64308 64788 65479 67391 ,485753 918482 672078 379420 613972 976263 738557 741067 436174 665797 ,64308 65479 68360 71194 72100 72534 75201 76944 77358 79138 
577538 721852 698869 885452 600758 193207 575190 499196 823310 273054 ,108380 116431 118636 119442 132221 134905 136791 145530 147825 151857 ,577538 721852 698869 885452 600758 193207 575190 499196 823310 273054 ,108380 116431 118636 119442 132221 134905 136791 145530 147825 151857 
386728 643371 157327 104361 962439 187107 220735 474414 800818 604129 ,62026 64947 67172 67938 68384 69078 69255 69282 70755 70781 ,386728 643371 157327 104361 962439 187107 220735 474414 800818 604129 ,62026 64947 67172 67938 68384 69078 69255 69282 70755 70781 
351779 338329 24837 749054 622864 459553 313079 816193 322201 14491 ,60098 60972 64808 67735 67879 68110 68396 68599 68831 69105 ,351779 338329 24837 749054 622864 459553 313079 816193 322201 14491 ,60098 60972 64808 67735 67879 68110 68396 68599 68831 69105 
800994 488433 187298 829554 205445 346754 408946 973542 388057 875508 ,66218 68086 71979 73048 75390 75498 75869 76839 76930 77836 ,800994 488433 187298 829554 205445 346754 408946 973542 388057 875508 ,66218 68086 71979 73048 75390 75498 75869 76839 76930 77836 
379 692952 98232 722967 175669 988722 547712 234125 461560 722955 ,66112 71808 72009 72739 72892 73149 74193 74380 75537 75659 ,379 692952 98232 722967 175669 988722 547712 461560 722955 419966 ,66112 71808 72009 72739 72892 73149 74193 75537 75659 75704 
212746 417114 950724 569997 424466 767700 766444 757480 917280 411280 ,48042 50281 52336 52465 53177 53269 54283 54558 54949 56594 ,212746 417114 950724 569997 424466 767700 766444 757480 917280 411280 ,48042 50281 52336 52465 53177 53269 54283 54558 54949 56594 
248297 39534 477514 541372 601207 424650 39504 448013 983547 831497 ,13485 16171 17520 17668 17808 18594 18661 18738 19056 19358 ,248297 39534 477514 541372 601207 424650 39504 448013 983547 831497 ,13485 16171 17520 17668 17808 18594 18661 18738 19056 19358 
913394 604960 963796 849489 459803 789729 563670 623598 424402 425015 ,40186 41250 45337 48315 48631 51542 51789 52662 52681 53001 ,913394 604960 963796 849489 459803 789729 563670 623598 424402 425015 ,40186 41250 45337 48315 48631 51542 51789 52662 52681 53001 
538650 983547 667508 39485 790301 412266 544395 469244 38081 375573 ,19639 19800 20938 22470 22580 23110 24182 24815 25213 25418 ,538650 983547 667508 39485 790301 412266 544395 469244 38081 375573 ,19639 19800 20938 22470 22580 23110 24182 24815 25213 25418 
60725 368588 26733 987201 860467 968793 245115 117245 291767 435729 ,92812 96986 98355 98838 100121 100598 100736 101753 103245 104039 ,60725 368588 26733 987201 860467 968793 117245 291767 435729 88652 ,92812 96986 98355 98838 100121 100598 101753 103245 104039 105556 
981427 334891 342087 534281 304835 29612 493513 531635 909164 910274 ,38669 38940 43677 44810 47335 49114 49749 49976 50369 50863 ,981427 334891 342087 534281 304835 29612 493513 531635 909164 910274 ,38669 38940 43677 44810 47335 49114 49749 49976 50369 50863 
461204 372100 751311 777674 818006 151055 777813 667411 161745 812997 ,27552 28942 29060 30467 35618 36991 37421 37520 37688 37764 ,372100 751311 777674 818006 151055 777813 667411 161745 812997 902395 ,28942 29060 30467 35618 36991 37421 37520 37688 37764 38021 
288102 561541 91869 99945 681278 298767 972472 45786 797964 284779 ,58503 63564 65545 66362 67730 70592 71016 71331 71989 73749 ,288102 561541 91869 99945 681278 298767 972472 45786 284779 795527 ,58503 63564 65545 66362 67730 70592 71016 71331 73749 74029 
310572 594513 603145 16080 251165 649984 722517 803669 818529 740900 ,57698 59441 60277 62500 64767 65458 65650 66590 66614 67088 ,310572 594513 603145 16080 251165 649984 722517 803669 740900 580267 ,57698 59441 60277 62500 64767 65458 65650 66590 67088 67663 
352255 885534 416938 71709 74056 186146 543574 841185 193053 271869 ,69097 76101 77697 80411 80889 80929 80935 81532 83995 83995 ,352255 885534 416938 71709 74056 543574 271869 619245 431558 948675 ,69097 76101 77697 80411 80889 80935 83995 84139 85158 85718 
771120 212347 439771 802654 633873 34845 718301 687481 792897 836603 ,40855 41809 45026 45345 47284 47732 48020 48805 49652 50153 ,771120 212347 439771 802654 633873 34845 718301 687481 792897 836603 ,40855 41809 45026 45345 47284 47732 48020 48805 49652 50153 
899885 997326 579670 379609 781572 854804 78617 219718 142874 2232 ,108194 117972 150054 156370 157072 159034 163637 165107 166279 166289 ,899885 997326 579670 379609 781572 854804 78617 219718 142874 2232 ,108194 117972 150054 156370 157072 159034 163637 165107 166279 166289 
247078 628023 215989 378637 82061 115390 605445 571390 878489 320895 ,48697 50534 50656 51400 54087 54225 55688 56344 56372 56915 ,247078 628023 215989 378637 82061 115390 605445 571390 878489 320895 ,48697 50534 50656 51400 54087 54225 55688 56344 56372 56915 
900664 634116 170308 709216 644936 433629 313762 31386 109836 271582 ,72138 83543 87231 90685 90859 92340 92761 92794 93075 93099 ,900664 634116 170308 709216 644936 433629 313762 31386 109836 271582 ,72138 83543 87231 90685 90859 92340 92761 92794 93075 93099 
520451 603267 809350 973206 414453 84011 293455 275577 196707 24619 ,45887 46626 49338 51244 51762 51864 52755 53184 54322 55426 ,603267 809350 414453 293455 275577 196707 711208 73386 501591 367077 ,46626 49338 51762 52755 53184 54322 55816 56148 56180 57094 
867682 190021 347399 177794 530265 889016 244021 387670 918160 715270 ,60941 62605 62795 62800 63197 63973 64579 65418 65975 66011 ,867682 190021 347399 177794 530265 889016 244021 387670 918160 715270 ,60941 62605 62795 62800 63197 63973 64579 65418 65975 66011 
584763 364474 907065 135721 207061 951683 478229 908998 731729 439987 ,38966 40714 44924 45403 45905 45983 46123 47452 48110 48624 ,584763 364474 907065 135721 207061 951683 478229 908998 731729 397847 ,38966 40714 44924 45403 45905 45983 46123 47452 48110 49074 
494528 404938 946146 313154 611526 673362 695654 312559 878851 537920 ,78006 84826 85274 88778 90909 91856 93965 94163 95100 96285 ,494528 404938 946146 313154 611526 673362 695654 312559 878851 537920 ,78006 84826 85274 88778 90909 91856 93965 94163 95100 96285 
325416 701620 374773 985953 576681 123447 578491 479381 356390 414308 ,68196 76982 90283 91397 92956 94514 97144 97516 98149 98656 ,325416 701620 374773 985953 576681 123447 578491 479381 356390 414308 ,68196 76982 90283 91397 92956 94514 97144 97516 98149 98656 
58916 193992 142357 690021 281874 644865 80933 519294 226867 106267 ,77089 83475 88407 88896 89833 90244 90928 92015 92193 94122 ,58916 193992 142357 690021 281874 644865 80933 519294 226867 106267 ,77089 83475 88407 88896 89833 90244 90928 92015 92193 94122 
203288 207125 941780 265244 703180 964765 43137 985227 856197 70992 ,60423 68621 70150 70172 70512 70910 71004 73857 74546 75315 ,203288 207125 941780 265244 703180 964765 985227 70992 861635 936436 ,60423 68621 70150 70172 70512 70910 73857 75315 76990 77522 
171215 611347 370538 454514 104220 19903 930438 455628 238753 594410 ,87247 93503 93667 94235 96359 102004 103724 104694 104787 104812 ,171215 611347 370538 454514 104220 19903 930438 455628 238753 594410 ,87247 93503 93667 94235 96359 102004 103724 104694 104787 104812 
237231 604730 233540 207927 633196 629430 337886 989270 761476 408016 ,73161 77628 77816 80184 81894 83546 85005 86128 86216 86342 ,237231 604730 233540 207927 633196 629430 989270 761476 408016 333686 ,73161 77628 77816 80184 81894 83546 86128 86216 86342 87289 
111156 492997 569311 630615 107453 781712 205801 128912 735007 929040 ,95444 100751 103097 108815 109010 112321 117414 117718 119208 121363 ,111156 492997 569311 630615 107453 781712 205801 128912 735007 929040 ,95444 100751 103097 108815 109010 112321 117414 117718 119208 121363 
679443 579714 184551 335416 83215 276478 846905 258057 866942 18472 ,63705 64031 67161 68660 69276 69778 70088 72717 72883 72992 ,679443 579714 184551 335416 83215 276478 846905 258057 866942 18472 ,63705 64031 67161 68660 69276 69778 70088 72717 72883 72992 
201301 963403 121779 678594 128454 16900 32443 120473 915323 969322 ,68211 68409 69024 69326 69910 70545 71711 71762 72027 72067 ,201301 963403 121779 678594 128454 16900 120473 915323 969322 598108 ,68211 68409 69024 69326 69910 70545 71762 72027 72067 72982 
673223 406615 56357 710523 807483 306033 10710 478380 52908 989767 ,36367 39086 40115 40661 41519 41645 43181 44281 44918 46279 ,673223 406615 56357 710523 807483 306033 10710 478380 52908 989767 ,36367 39086 40115 40661 41519 41645 43181 44281 44918 46279 
489939 346084 775984 163045 353323 372823 256958 505796 679005 348252 ,50431 52257 53481 57282 57301 57478 58739 59742 62661 63444 ,489939 346084 163045 353323 372823 256958 505796 679005 348252 299647 ,50431 52257 57282 57301 57478 58739 59742 62661 63444 64072 
15495 194041 544669 174484 723673 724059 404989 861298 338266 249422 ,68208 75427 75799 78845 81713 82032 82688 82797 83752 83817 ,15495 194041 544669 174484 723673 404989 861298 338266 249422 682936 ,68208 75427 75799 78845 81713 82688 82797 83752 83817 84301 
120538 350957 362885 182910 363264 837689 459540 418074 9444 688713 ,72524 73508 75046 75210 75237 75262 77817 79127 79229 80012 ,120538 350957 362885 182910 363264 418074 9444 688713 239803 706093 ,72524 73508 75046 75210 75237 79127 79229 80012 80513 81418 
310863 989766 674157 711206 866828 310507 311613 673277 673083 673893 ,13210 17457 17997 18653 18841 19130 19711 20169 20361 20586 ,989766 767570 906698 673130 827571 824384 983854 673651 611656 467404 ,17457 21170 21179 21395 21903 22736 23072 24960 25198 26214 
332457 961366 928986 773475 152948 483920 335393 930387 536372 576787 ,73715 78130 79251 84911 88801 91338 93857 95327 98417 100545 ,332457 961366 928986 773475 152948 483920 335393 930387 536372 576787 ,73715 78130 79251 84911 88801 91338 93857 95327 98417 100545 
156743 258713 174057 678528 789437 405945 309858 909448 872464 526952 ,63528 70929 77511 79497 81071 83720 84482 84773 87051 87397 ,156743 258713 174057 678528 789437 405945 309858 909448 872464 526952 ,63528 70929 77511 79497 81071 83720 84482 84773 87051 87397 
593960 346160 44251 448580 618748 570818 507959 531133 801305 973400 ,40462 48044 48941 49802 50612 51011 51422 52226 52981 53009 ,593960 346160 44251 448580 618748 570818 507959 531133 801305 973400 ,40462 48044 48941 49802 50612 51011 51422 52226 52981 53009 
306388 226528 270206 761679 265393 847307 777289 104114 210749 87991 ,86992 89137 89931 93908 98534 105687 107215 108078 108205 108335 ,306388 226528 270206 761679 265393 847307 777289 104114 87991 882767 ,86992 89137 89931 93908 98534 105687 107215 108078 108335 109745 
963789 575513 292938 142140 60852 173802 248488 983043 427124 607107 ,35952 44899 47535 48519 48990 49936 49956 51330 52220 52806 ,963789 575513 292938 142140 60852 173802 248488 983043 427124 607107 ,35952 44899 47535 48519 48990 49936 49956 51330 52220 52806 
69459 508775 435204 239542 887179 405830 123338 149479 126655 411240 ,65454 67956 69480 79629 79736 80296 80467 80539 80668 81933 ,69459 508775 435204 239542 887179 405830 123338 149479 126655 411240 ,65454 67956 69480 79629 79736 80296 80467 80539 80668 81933 
681523 192975 765094 165419 773985 853074 688263 706473 86082 852305 ,79184 81710 82543 82686 83640 83811 84345 84703 86508 87383 ,681523 192975 765094 165419 773985 853074 688263 706473 86082 852305 ,79184 81710 82543 82686 83640 83811 84345 84703 86508 87383 
614684 589128 126826 421195 829841 429087 384089 109040 358973 361928 ,87765 90083 94389 96583 97507 100275 102808 102894 103025 103429 ,614684 589128 126826 421195 829841 429087 384089 109040 358973 361928 ,87765 90083 94389 96583 97507 100275 102808 102894 103025 103429 
730840 236299 584252 272827 465483 222005 882494 197975 928165 465967 ,75328 86291 93993 94469 96208 96833 98063 101967 102676 103419 ,730840 236299 584252 272827 465483 222005 882494 197975 928165 465967 ,75328 86291 93993 94469 96208 96833 98063 101967 102676 103419 
989171 701108 399485 527378 47297 66491 594862 15551 933146 860858 ,49123 51464 53190 53470 57409 58469 59622 59779 60055 61028 ,989171 701108 399485 527378 47297 66491 594862 15551 933146 860858 ,49123 51464 53190 53470 57409 58469 59622 59779 60055 61028 
557067 292702 966763 755296 399845 161740 649856 199047 740616 906398 ,54350 55687 64501 64823 67689 68913 71498 71648 71868 71914 ,557067 292702 966763 755296 399845 161740 649856 199047 740616 906398 ,54350 55687 64501 64823 67689 68913 71498 71648 71868 71914 
129292 110725 400736 435411 286514 573447 799445 433529 1008 904207 ,54994 59147 61250 62116 64418 64655 65168 65789 65902 66640 ,129292 110725 400736 435411 286514 573447 799445 433529 1008 904207 ,54994 59147 61250 62116 64418 64655 65168 65789 65902 66640 
840429 947257 804830 780503 142227 12775 16323 987336 77301 249064 ,94344 94796 97671 100656 100707 102580 103755 103839 105132 107689 ,840429 947257 804830 780503 142227 12775 16323 987336 77301 249064 ,94344 94796 97671 100656 100707 102580 103755 103839 105132 107689 
428404 144896 246508 217619 355288 247298 659646 241433 295378 255089 ,43509 48809 49124 53174 57705 58125 58835 60097 60173 60441 ,144896 217619 247298 295378 985423 681644 982210 604597 510420 638524 ,48809 53174 58125 60173 60765 63250 65200 65996 66231 66679 
128745 596094 839479 996240 947885 492883 728173 947759 866277 800494 ,67503 71638 71724 72367 74493 77417 77737 80116 81407 82214 ,128745 596094 839479 996240 947885 492883 728173 947759 866277 800494 ,67503 71638 71724 72367 74493 77417 77737 80116 81407 82214 
860421 226355 232827 632078 777970 225310 28378 871416 859365 845027 ,34339 36586 39281 40088 43432 43553 44312 44945 45562 45750 ,860421 226355 232827 632078 777970 225310 28378 871416 859365 845027 ,34339 36586 39281 40088 43432 43553 44312 44945 45562 45750 
710969 101215 502993 57961 473305 582986 571631 637427 206633 289089 ,112134 115422 115578 116182 119846 121582 121943 122492 126822 127579 ,710969 101215 502993 57961 473305 582986 571631 637427 206633 289089 ,112134 115422 115578 116182 119846 121582 121943 122492 126822 127579 
310852 422172 154757 175688 879368 723218 379497 203399 509086 544662 ,70592 73733 74976 77038 77352 77976 79389 81070 81948 82272 ,310852 422172 154757 175688 879368 379497 203399 509086 544662 807251 ,70592 73733 74976 77038 77352 79389 81070 81948 82272 83362 
178976 85987 712330 87038 371610 835788 679148 735344 792391 932498 ,67820 68367 68711 69589 70191 70280 70668 71016 71853 74180 ,178976 85987 712330 87038 371610 835788 679148 792391 932498 628481 ,67820 68367 68711 69589 70191 70280 70668 71853 74180 74319 
904735 119396 581032 575588 903320 369850 698293 643056 642345 546093 ,71548 78627 82690 84761 86437 87152 87273 88432 92251 93831 ,581032 698293 546093 952035 533788 435329 371984 976848 703562 40029 ,82690 87273 93831 98006 104212 104859 105893 105916 105998 107363 
817779 594125 816341 645577 21617 820654 761282 594080 227872 723164 ,73613 74541 83676 84041 88094 88636 89736 91337 92801 93306 ,817779 594125 816341 645577 820654 761282 594080 227872 723164 243456 ,73613 74541 83676 84041 88636 89736 91337 92801 93306 94140 
634208 634373 127968 56154 639130 78302 725612 277616 83327 754694 ,41315 41545 44391 45426 47851 48010 48888 49419 49798 50025 ,634208 634373 56154 639130 78302 7840 596272 7702 808460 320916 ,41315 41545 45426 47851 48010 52825 53057 54247 56125 56822 
648801 310379 594400 590848 106955 897204 589489 359266 583144 577151 ,56016 56764 56893 58105 61254 62466 63722 63896 64163 64640 ,648801 310379 594400 590848 106955 897204 589489 359266 583144 577151 ,56016 56764 56893 58105 61254 62466 63722 63896 64163 64640 
266554 758066 6003 960559 235062 44512 96311 534236 512777 479812 ,21825 23256 32604 36012 36552 36686 36803 37735 38093 38246 ,266554 758066 6003 960559 235062 44512 96311 534236 512777 479812 ,21825 23256 32604 36012 36552 36686 36803 37735 38093 38246 
245187 457986 723069 315287 331899 635099 178447 437355 359050 531166 ,158190 160409 165280 165568 170788 176439 176452 176793 177249 180120 ,245187 457986 723069 315287 331899 635099 178447 437355 359050 531166 ,158190 160409 165280 165568 170788 176439 176452 176793 177249 180120 
462262 465222 358554 240467 123128 221381 22447 563406 390016 78387 ,105195 106165 112900 113389 115071 119782 121733 122032 122723 122862 ,462262 465222 358554 240467 123128 22447 563406 390016 78387 484733 ,105195 106165 112900 113389 115071 121733 122032 122723 122862 122977 
874729 538486 416004 52435 204671 268949 402036 538644 245083 401591 ,34741 34846 34919 37277 37297 37297 37363 37401 37895 38101 ,874729 538486 416004 52435 204671 268949 402036 538644 245083 401591 ,34741 34846 34919 37277 37297 37297 37363 37401 37895 38101 
790354 202192 936220 788804 517588 947524 220090 221769 636310 131994 ,75551 76935 77704 84242 84329 84852 85083 86108 86830 87018 ,790354 202192 936220 788804 517588 947524 220090 221769 636310 131994 ,75551 76935 77704 84242 84329 84852 85083 86108 86830 87018 
783892 758023 996461 608684 252782 560614 892410 622289 904286 661867 ,37299 37739 39070 43075 43746 43977 45346 45546 45615 45947 ,783892 758023 996461 608684 560614 892410 622289 904286 661867 374672 ,37299 37739 39070 43075 43977 45346 45546 45615 45947 46100 
569758 239083 836477 722741 163523 234905 249336 296374 307615 569372 ,45409 51022 53956 54157 55090 55260 55690 56556 59009 60786 ,569758 239083 836477 722741 163523 234905 249336 296374 307615 569372 ,45409 51022 53956 54157 55090 55260 55690 56556 59009 60786 
834451 747348 498779 324077 947101 175013 162665 593645 272636 176644 ,77427 78657 84507 86540 86740 88148 88484 89077 90384 92537 ,834451 747348 498779 324077 947101 175013 162665 593645 272636 176644 ,77427 78657 84507 86540 86740 88148 88484 89077 90384 92537 
951910 317730 285209 798330 829862 952077 409061 74156 741832 500578 ,56135 62260 62658 64179 71343 73016 76220 77115 78366 80673 ,951910 317730 285209 798330 829862 952077 409061 74156 741832 500578 ,56135 62260 62658 64179 71343 73016 76220 77115 78366 80673 
930217 281945 118668 867396 204619 938795 309853 703209 205061 84538 ,62123 66011 66772 71429 72375 73695 74511 75588 77210 77419 ,930217 281945 867396 204619 938795 703209 205061 84538 139851 294090 ,62123 66011 71429 72375 73695 75588 77210 77419 79194 79663 
582215 581955 94512 503133 803989 97349 765900 597089 547321 552420 ,21748 39986 48581 49675 51915 55090 56471 57029 57803 59075 ,582215 581955 94512 503133 803989 97349 765900 597089 547321 552420 ,21748 39986 48581 49675 51915 55090 56471 57029 57803 59075 
712882 942854 264153 692675 277093 235400 128621 266417 687245 759186 ,94291 95187 104612 107021 108359 112240 112608 113502 113788 117860 ,712882 942854 264153 692675 277093 235400 128621 266417 687245 759186 ,94291 95187 104612 107021 108359 112240 112608 113502 113788 117860 
956737 691405 66332 88100 166128 998416 862905 64957 579732 33481 ,66147 67608 71528 72167 72346 73335 76063 76574 77982 78461 ,956737 66332 88100 166128 998416 862905 64957 579732 33481 207902 ,66147 71528 72167 72346 73335 76063 76574 77982 78461 79694 
129894 58452 603537 484261 17062 228591 876077 245884 528169 471006 ,72131 73652 76776 77099 77143 77811 78730 80045 80560 81671 ,129894 484261 17062 245884 528169 471006 467128 530684 90920 208474 ,72131 77099 77143 80045 80560 81671 81804 83306 84487 84967 
299190 99628 614536 869074 407696 92065 850530 579000 64705 123522 ,78460 87758 92974 93861 94271 94319 94930 94953 95057 95657 ,299190 99628 614536 869074 407696 92065 850530 579000 64705 123522 ,78460 87758 92974 93861 94271 94319 94930 94953 95057 95657 
150758 883055 591380 61822 629856 230033 637474 631658 134622 752703 ,109282 117790 121187 122701 125483 126737 127091 127185 127549 127899 ,150758 883055 591380 61822 629856 230033 637474 631658 134622 752703 ,109282 117790 121187 122701 125483 126737 127091 127185 127549 127899 
716402 577847 269989 358769 993579 169894 433041 33110 499544 680182 ,103786 107045 108150 108970 110386 112938 114083 114564 115677 115929 ,716402 577847 269989 358769 993579 169894 433041 33110 499544 680182 ,103786 107045 108150 108970 110386 112938 114083 114564 115677 115929 
750599 333431 778146 591114 859080 463459 874580 834274 405186 376788 ,98949 113845 113880 114316 116167 117911 118114 119099 120431 121480 ,750599 333431 778146 591114 859080 463459 834274 405186 376788 673771 ,98949 113845 113880 114316 116167 117911 119099 120431 121480 121943 
774897 935930 520861 707411 313768 810691 254840 833026 675996 701666 ,55007 56905 59799 60077 60772 61701 62495 63061 63114 63197 ,774897 935930 520861 707411 313768 810691 254840 833026 675996 701666 ,55007 56905 59799 60077 60772 61701 62495 63061 63114 63197 
85252 75575 688737 196534 20568 132612 708321 916479 598092 959686 ,64299 66587 66789 67060 68557 68860 69989 71201 71225 71265 ,85252 75575 688737 196534 20568 132612 708321 916479 598092 959686 ,64299 66587 66789 67060 68557 68860 69989 71201 71225 71265 
827999 835108 579180 942004 604736 22014 22484 352774 612600 401777 ,33015 47037 47430 48537 56993 60704 64884 65249 65537 65822 ,827999 835108 579180 942004 604736 22014 22484 352774 612600 401777 ,33015 47037 47430 48537 56993 60704 64884 65249 65537 65822 
224491 224125 982165 482862 507968 811148 374039 344143 127243 836001 ,69442 74277 74339 76809 79642 79924 80479 81132 81581 82006 ,224491 224125 982165 482862 507968 811148 374039 344143 127243 811504 ,69442 74277 74339 76809 79642 79924 80479 81132 81581 83156 
511047 364684 541536 561344 556705 402741 621915 782823 19605 573773 ,62387 65932 66021 66342 68332 68399 71116 71645 71753 71825 ,541536 561344 556705 402741 621915 782823 19605 397357 613715 395372 ,66021 66342 68332 68399 71116 71645 71753 72147 72409 72425 
682090 163091 735706 289003 108156 735669 185002 202037 266315 913729 ,50200 53912 55131 57691 59009 60754 61721 63734 63734 64821 ,682090 735706 289003 185002 202037 266315 509306 82938 508972 492068 ,50200 55131 57691 61721 63734 63734 65034 65644 66538 66745 
153986 381018 418769 881475 309468 994321 349019 336131 629776 249575 ,75250 79196 80192 87030 88517 94343 103412 103917 103951 103991 ,153986 381018 418769 881475 309468 994321 336131 629776 249575 559392 ,75250 79196 80192 87030 88517 94343 103917 103951 103991 105286 
691452 311194 27454 524900 208483 422385 780238 170462 2557 406335 ,70443 71890 74182 74431 75770 76481 77299 77373 77637 78694 ,691452 311194 27454 524900 208483 422385 780238 170462 2557 406335 ,70443 71890 74182 74431 75770 76481 77299 77373 77637 78694 
131861 776562 150362 624614 958817 138181 817671 627751 888938 207386 ,67060 69947 80534 81168 83190 84118 99640 103225 108412 109116 ,131861 776562 150362 624614 958817 138181 817671 627751 888938 207386 ,67060 69947 80534 81168 83190 84118 99640 103225 108412 109116 
999973 702134 468134 745354 411437 660229 23314 414227 766410 775694 ,36829 46684 49296 49450 49627 50730 51279 51630 52372 52550 ,23314 775694 121770 753967 747853 707059 626706 50104 469321 469231 ,51279 52550 56548 59187 59297 59971 61593 61969 62143 62759 
614833 778048 987881 987332 404792 348825 828410 150437 767170 653828 ,67269 69758 70105 71737 73449 73558 74471 77718 80579 80769 ,614833 778048 987881 987332 404792 348825 828410 150437 767170 653828 ,67269 69758 70105 71737 73449 73558 74471 77718 80579 80769 
742404 93728 71787 743823 985735 245494 315502 888825 94926 435869 ,112639 133452 135919 139328 141441 143388 151361 156779 158461 158995 ,742404 93728 71787 743823 985735 245494 315502 888825 94926 435869 ,112639 133452 135919 139328 141441 143388 151361 156779 158461 158995 
597081 842806 700165 312844 987350 69299 635998 206584 977649 957413 ,88022 88115 88148 95343 98203 98328 98471 100494 100978 101043 ,597081 842806 700165 312844 987350 69299 635998 206584 977649 957413 ,88022 88115 88148 95343 98203 98328 98471 100494 100978 101043 
437824 764442 798311 916480 916923 575005 580180 389001 579946 767245 ,54431 55764 59992 60702 60871 61698 62230 66047 66267 67858 ,437824 764442 798311 916480 916923 575005 580180 389001 579946 767245 ,54431 55764 59992 60702 60871 61698 62230 66047 66267 67858 
352931 157067 389955 681079 771883 328675 844946 658766 697108 871184 ,80394 84271 84381 84430 87110 88318 88336 88739 90819 91832 ,352931 157067 389955 681079 771883 328675 844946 658766 697108 871184 ,80394 84271 84381 84430 87110 88318 88336 88739 90819 91832 
428771 495538 652913 517996 838077 890556 103599 598321 606860 999059 ,60108 65820 67079 69105 69869 71650 73360 74276 74568 75688 ,428771 495538 652913 517996 890556 103599 598321 606860 999059 205833 ,60108 65820 67079 69105 71650 73360 74276 74568 75688 76129 
374853 546627 830820 254651 944151 573057 775700 585492 183985 276720 ,98653 101494 101747 109171 111430 111737 113036 117069 120735 122949 ,374853 546627 830820 254651 944151 573057 775700 585492 183985 276720 ,98653 101494 101747 109171 111430 111737 113036 117069 120735 122949 
92996 411042 492068 915260 174333 900840 90654 185722 87015 31021 ,69869 73758 85901 86235 86606 88134 89693 90758 91224 91511 ,92996 411042 492068 915260 174333 900840 90654 185722 87015 31021 ,69869 73758 85901 86235 86606 88134 89693 90758 91224 91511 
526279 676194 172246 434636 572905 439097 995956 806556 81978 309679 ,76486 76663 81329 81693 83543 85004 85673 85971 86281 87215 ,526279 676194 172246 434636 572905 439097 995956 806556 81978 309679 ,76486 76663 81329 81693 83543 85004 85673 85971 86281 87215 
751292 116022 930528 757412 267393 989222 954348 182021 762588 899896 ,60472 61557 67264 68138 68168 69931 70067 75058 75722 76243 ,751292 116022 930528 757412 267393 989222 954348 182021 899896 828091 ,60472 61557 67264 68138 68168 69931 70067 75058 76243 76358 
44943 834130 62163 688856 326713 584195 203311 327792 97151 354933 ,69450 77236 77944 81442 83302 83844 86695 87332 87726 88275 ,44943 834130 62163 688856 326713 584195 203311 327792 97151 354933 ,69450 77236 77944 81442 83302 83844 86695 87332 87726 88275 
144024 527449 258110 453723 11349 722834 680438 980757 331244 454254 ,36027 37608 39274 42917 43307 45156 45857 45939 46085 46190 ,144024 527449 258110 453723 11349 722834 680438 980757 331244 995281 ,36027 37608 39274 42917 43307 45156 45857 45939 46085 46921 
765404 424640 27582 884255 429054 414198 758994 723876 438793 894848 ,25108 31388 32934 37640 38625 40544 42316 44621 45103 46443 ,765404 424640 27582 884255 429054 414198 758994 723876 438793 894848 ,25108 31388 32934 37640 38625 40544 42316 44621 45103 46443 
826071 525087 473343 350894 809542 560137 560089 448381 558347 59834 ,27909 48899 50837 50929 51814 54156 54765 55405 55665 55777 ,826071 525087 473343 350894 809542 560137 560089 448381 558347 59834 ,27909 48899 50837 50929 51814 54156 54765 55405 55665 55777 
818464 612882 818670 635118 613141 993852 632652 757520 714009 772831 ,16255 16442 20055 24071 25716 27371 28153 28579 28793 29399 ,818464 612882 818670 635118 613141 993852 632652 757520 714009 772831 ,16255 16442 20055 24071 25716 27371 28153 28579 28793 29399 
443325 833105 42902 842132 207147 512690 946969 609106 929510 867722 ,21999 25193 25363 25966 26033 26281 27082 27135 27598 27986 ,833105 42902 842132 207147 512690 946969 609106 929510 889048 443008 ,25193 25363 25966 26033 26281 27082 27135 27598 29436 29474 
204787 269065 185100 203584 267862 402376 290572 394913 721987 996028 ,73088 73088 76363 79933 79933 80783 82021 82198 82631 82780 ,269065 204787 185100 203584 267862 290572 394913 93322 775518 393565 ,73088 73088 76363 79933 79933 82021 82198 85760 86105 87419 
419516 5260 385745 261528 487832 97040 29945 787718 516560 524763 ,23223 28766 30177 30730 37381 38307 38789 41106 42038 42353 ,419516 5260 385745 261528 487832 97040 29945 787718 516560 524763 ,23223 28766 30177 30730 37381 38307 38789 41106 42038 42353 
444402 849135 546975 780944 187639 375043 101657 962552 770667 373713 ,27330 28895 32281 35047 39766 39838 41884 44490 46242 47387 ,444402 849135 546975 780944 187639 375043 101657 962552 770667 373713 ,27330 28895 32281 35047 39766 39838 41884 44490 46242 47387 
660690 16505 501564 364044 173311 482329 42149 371711 466873 776990 ,42062 49817 50284 50665 50735 51839 52382 52610 52612 52717 ,660690 16505 501564 364044 482329 42149 371711 466873 776990 240724 ,42062 49817 50284 50665 51839 52382 52610 52612 52717 53043 
788932 801333 50071 112941 614082 614012 179058 637246 777497 931089 ,16099 16607 17728 20360 23356 24568 25608 26445 26718 27075 ,788932 801333 112941 614082 614012 179058 637246 777497 931089 931529 ,16099 16607 20360 23356 24568 25608 26445 26718 27075 28049 
703198 174529 671584 964978 23451 166483 229136 530580 128021 790734 ,82663 87373 90037 93353 94593 95921 101132 105523 106506 106727 ,703198 174529 671584 964978 23451 166483 229136 530580 128021 790734 ,82663 87373 90037 93353 94593 95921 101132 105523 106506 106727 
62537 392008 862033 847326 11063 124333 456355 335528 40467 842254 ,61056 61185 62171 62314 62593 68220 70286 71203 72227 73315 ,62537 392008 862033 847326 11063 124333 456355 335528 40467 842254 ,61056 61185 62171 62314 62593 68220 70286 71203 72227 73315 
932051 392931 886399 956916 572806 998791 917439 226977 636065 915429 ,51062 53841 55689 57816 58116 58209 58280 58671 59875 59880 ,932051 392931 886399 956916 572806 998791 917439 226977 636065 915429 ,51062 53841 55689 57816 58116 58209 58280 58671 59875 59880 
470491 292100 547740 497039 600679 210629 416019 524946 994949 42714 ,32665 33052 34469 34754 35837 36557 37603 37791 38047 38082 ,547740 210629 524946 994949 42714 174722 363905 780349 185429 190371 ,34469 36557 37791 38047 38082 39976 41132 41601 42325 42410 
49579 424640 429054 21083 735420 745133 130254 765404 745132 744602 ,18305 26238 27263 31332 31826 33607 34851 35418 35436 39496 ,49579 424640 429054 21083 735420 745133 130254 765404 745132 744602 ,18305 26238 27263 31332 31826 33607 34851 35418 35436 39496 
790102 444289 444878 770966 635115 994215 612629 632649 993853 443475 ,11987 15994 16201 16559 19218 19224 19570 20817 20884 21205 ,612629 790210 665825 846120 793670 772640 640506 444912 672710 766365 ,19570 26712 27457 31396 32197 33733 34068 36481 36792 37396 
176449 555048 740172 366467 579784 849393 172202 727857 108462 955738 ,103894 112791 119888 120381 124764 125216 125393 129810 130644 130696 ,176449 555048 740172 366467 579784 172202 727857 108462 955738 173015 ,103894 112791 119888 120381 124764 125393 129810 130644 130696 131972 
633328 224459 573287 712766 740612 522118 89585 467274 22216 452032 ,70006 72620 73153 73232 73457 74494 75421 75620 75625 75872 ,633328 224459 573287 712766 740612 522118 89585 467274 22216 452032 ,70006 72620 73153 73232 73457 74494 75421 75620 75625 75872 
522276 108248 815392 567760 677814 426704 524817 567816 540749 784787 ,25464 28165 30360 30669 32753 35352 38495 40902 41868 42516 ,522276 108248 815392 567760 677814 426704 524817 567816 540749 784787 ,25464 28165 30360 30669 32753 35352 38495 40902 41868 42516 
703117 266044 634205 42159 652309 530074 648526 721634 828616 274665 ,85900 88759 95968 97002 98225 99026 99271 99409 99710 99747 ,703117 266044 634205 42159 652309 530074 648526 721634 828616 274665 ,85900 88759 95968 97002 98225 99026 99271 99409 99710 99747 
671160 690465 264884 381213 520564 207331 691783 99541 619259 501200 ,57697 61396 66559 69303 70480 70522 70583 71250 71766 73359 ,671160 264884 381213 207331 691783 99541 619259 501200 48599 740078 ,57697 66559 69303 70522 70583 71250 71766 73359 73970 74873 
113394 296882 123449 735288 379192 662063 660728 202028 266306 665741 ,30691 35510 41360 42075 45497 46386 48844 50633 50633 53014 ,113394 296882 123449 735288 379192 660728 202028 266306 665741 210103 ,30691 35510 41360 42075 45497 48844 50633 50633 53014 53034 
359600 988304 401500 992371 405525 696007 927115 537883 688258 560006 ,63735 64720 65385 66379 67339 68537 68623 69878 72763 73408 ,359600 988304 401500 992371 405525 696007 927115 537883 688258 560006 ,63735 64720 65385 66379 67339 68537 68623 69878 72763 73408 
430095 590182 931794 898102 111112 593831 430551 70912 102161 390463 ,50087 52295 54281 56115 56372 56958 57799 59651 60784 60795 ,430095 590182 931794 898102 111112 593831 430551 70912 102161 390463 ,50087 52295 54281 56115 56372 56958 57799 59651 60784 60795 
576061 367309 498740 685485 686417 523788 578351 439305 163599 40606 ,54123 54303 56523 59176 60279 60794 61268 61434 62084 62712 ,576061 367309 498740 685485 686417 523788 578351 439305 163599 40606 ,54123 54303 56523 59176 60279 60794 61268 61434 62084 62712 
967773 69662 690706 526312 209640 293336 679065 481999 435137 315995 ,51137 61432 61769 62133 62187 62289 62854 63880 64545 65333 ,967773 69662 690706 526312 209640 293336 679065 481999 435137 691631 ,51137 61432 61769 62133 62187 62289 62854 63880 64545 66002 
196726 900088 931891 16816 913395 727528 635645 460254 37127 541113 ,73670 73725 74372 76755 77637 81190 82671 83771 84704 84966 ,196726 900088 931891 16816 913395 727528 460254 37127 541113 550546 ,73670 73725 74372 76755 77637 81190 83771 84704 84966 85623 
319039 697867 203169 267447 582450 204529 268807 78610 202119 697303 ,33898 34807 36004 36004 36669 38430 38430 40634 40985 42277 ,319039 697867 203169 267447 582450 204529 268807 78610 202119 697303 ,33898 34807 36004 36004 36669 38430 38430 40634 40985 42277 
896043 56714 851557 799781 895657 996002 700119 686222 518605 992825 ,25734 30437 35639 36282 36503 36945 37541 37649 37895 38780 ,896043 56714 851557 799781 895657 996002 700119 686222 518605 992825 ,25734 30437 35639 36282 36503 36945 37541 37649 37895 38780 
182407 410483 565860 900935 463437 309759 767893 660838 68757 552172 ,94419 98585 99328 99881 102300 102554 102929 107109 109428 113075 ,182407 410483 565860 900935 463437 309759 767893 660838 68757 552172 ,94419 98585 99328 99881 102300 102554 102929 107109 109428 113075 
642786 755948 812069 614134 918946 966950 955085 865095 714584 46404 ,70609 81696 84697 87874 88392 90324 90541 92305 97050 97767 ,642786 755948 812069 614134 918946 966950 955085 865095 714584 46404 ,70609 81696 84697 87874 88392 90324 90541 92305 97050 97767 
278453 932218 932013 251064 684587 918100 921848 668181 307785 223531 ,41285 43410 45090 45319 48053 48331 48630 48862 48951 49083 ,278453 932218 932013 251064 684587 918100 921848 668181 307785 223531 ,41285 43410 45090 45319 48053 48331 48630 48862 48951 49083 
497904 823060 473381 738731 433389 823437 200990 265268 177770 107337 ,48234 55219 58145 59255 59561 60282 60484 60484 63621 63742 ,473381 738731 433389 823437 200990 265268 177770 107337 803224 547117 ,58145 59255 59561 60282 60484 60484 63621 63742 64263 64274 
293694 285999 61588 368708 943288 708761 446673 690771 448948 151183 ,27949 36219 37366 37461 38339 38931 39120 39610 39717 40663 ,293694 285999 61588 368708 943288 708761 446673 690771 448948 151183 ,27949 36219 37366 37461 38339 38931 39120 39610 39717 40663 
769148 718738 764025 864405 769348 906881 474215 556465 206997 423637 ,60657 69642 75976 99559 99742 105433 106385 108468 109736 110760 ,769148 718738 764025 864405 769348 906881 474215 556465 206997 423637 ,60657 69642 75976 99559 99742 105433 106385 108468 109736 110760 
571080 361512 735337 437995 822476 247597 433435 123794 111706 965845 ,43163 48968 49066 50071 51363 51521 51677 52327 52530 52612 ,571080 361512 437995 822476 247597 433435 123794 111706 965845 170522 ,43163 48968 50071 51363 51521 51677 52327 52530 52612 52637 
318600 635678 39233 483865 291656 203105 254005 848871 967540 222874 ,85874 100526 101528 107830 118629 122808 125708 126765 132169 132363 ,318600 635678 39233 483865 291656 203105 254005 848871 967540 222874 ,85874 100526 101528 107830 118629 122808 125708 126765 132169 132363 
993121 853415 674293 568851 770806 568255 757723 568193 710690 161299 ,58334 59831 63130 66689 74823 78773 80398 84992 85432 85520 ,993121 853415 674293 568851 770806 568255 757723 568193 710690 161299 ,58334 59831 63130 66689 74823 78773 80398 84992 85432 85520 
443912 835374 454819 221557 261429 615065 821116 24396 429504 451190 ,50595 70443 76773 77146 80643 83802 84222 84237 84610 86871 ,443912 835374 454819 221557 261429 615065 821116 24396 429504 451190 ,50595 70443 76773 77146 80643 83802 84222 84237 84610 86871 
233231 217149 217606 300031 978249 773173 303181 585145 28046 216574 ,46772 53350 56053 56935 59564 61630 61645 63163 63629 63644 ,233231 217149 300031 978249 773173 303181 585145 28046 216574 234109 ,46772 53350 56935 59564 61630 61645 63163 63629 63644 66298 
357479 395043 463860 376768 197406 278579 277915 227019 234807 277619 ,68794 71223 71346 72503 72545 72608 73464 74216 74288 74342 ,357479 395043 463860 376768 197406 278579 277915 227019 234807 277619 ,68794 71223 71346 72503 72545 72608 73464 74216 74288 74342 
323482 461624 169941 771590 947570 112244 352410 220145 786277 658007 ,63833 68038 69653 71158 71199 71929 72668 74680 76006 76617 ,323482 461624 169941 771590 947570 112244 352410 220145 786277 345195 ,63833 68038 69653 71158 71199 71929 72668 74680 76006 76837 
195268 287229 441818 474844 252155 115754 84518 408024 75326 886147 ,35572 37663 43276 45833 47417 47744 47827 48425 48631 49089 ,195268 287229 441818 474844 252155 115754 84518 408024 75326 886147 ,35572 37663 43276 45833 47417 47744 47827 48425 48631 49089 
415210 543343 790524 543599 878064 745026 536897 851134 752819 49306 ,36608 36942 39265 42745 43628 44109 44705 45351 48344 48444 ,415210 543343 790524 543599 878064 745026 536897 851134 752819 49306 ,36608 36942 39265 42745 43628 44109 44705 45351 48344 48444 
74016 311092 73542 70012 658256 780913 820836 485879 95016 670636 ,45606 47505 47550 48868 48979 49782 50441 50505 51171 51413 ,74016 311092 73542 70012 780913 820836 485879 95016 670636 251774 ,45606 47505 47550 48868 49782 50441 50505 51171 51413 51734 
848871 367622 430299 545563 165551 372440 553486 138899 264503 915118 ,66878 67777 70573 72262 79740 81453 82527 86302 89156 89211 ,848871 367622 430299 545563 165551 372440 553486 138899 264503 915118 ,66878 67777 70573 72262 79740 81453 82527 86302 89156 89211 
957750 842643 225138 881119 369119 966717 135304 9537 621296 950107 ,73719 74080 77018 77923 77940 79383 79657 82353 82838 83402 ,957750 842643 225138 881119 369119 966717 135304 9537 621296 950107 ,73719 74080 77018 77923 77940 79383 79657 82353 82838 83402 
36720 364402 483844 782162 883427 950765 116377 883659 99502 411165 ,41349 72262 78258 78298 78928 81676 84150 89141 89500 89974 ,36720 364402 483844 883427 950765 116377 883659 99502 411165 10722 ,41349 72262 78258 78928 81676 84150 89141 89500 89974 92250 
395982 861802 380003 115451 118319 834505 691281 771170 455106 684819 ,54642 63659 65209 70686 70777 70843 71742 72944 73051 73369 ,395982 861802 380003 115451 118319 834505 691281 771170 684819 968474 ,54642 63659 65209 70686 70777 70843 71742 72944 73369 73516 
430090 220890 684064 864946 824362 11256 630403 594653 729530 14104 ,63429 63760 67050 69193 71067 71215 71707 71891 71972 72399 ,430090 220890 684064 864946 824362 11256 630403 594653 729530 14104 ,63429 63760 67050 69193 71067 71215 71707 71891 71972 72399 
229108 599770 962721 819051 952112 816414 196592 955075 691565 774251 ,92107 102760 126285 127877 128036 129859 130114 131623 133976 134265 ,229108 599770 962721 819051 952112 816414 196592 955075 691565 774251 ,92107 102760 126285 127877 128036 129859 130114 131623 133976 134265 
930075 703544 618587 682007 907395 60865 400033 866939 881103 160149 ,68788 72985 75238 75920 75927 76599 76664 77117 79210 79213 ,930075 703544 618587 682007 907395 60865 400033 866939 160149 636209 ,68788 72985 75238 75920 75927 76599 76664 77117 79213 79828 
957040 538252 508084 52338 476153 53535 479803 478337 39823 53643 ,27574 30159 34944 35561 36119 37019 38248 39029 39947 40402 ,52338 53534 776044 85877 479680 602330 53634 53516 50929 631312 ,35561 40919 41750 42680 43518 44495 45402 48092 49406 49567 
583280 743466 49586 729135 265594 878271 133151 209444 427368 849470 ,51584 61351 70533 71827 71899 73031 74534 75767 75931 76872 ,583280 743466 49586 729135 265594 878271 209444 427368 849470 620203 ,51584 61351 70533 71827 71899 73031 75767 75931 76872 77102 
984306 942643 762952 450759 676364 758401 585114 775960 548460 759813 ,77743 79338 85192 85995 94193 99721 122875 124591 132093 134823 ,984306 942643 762952 450759 676364 758401 585114 775960 548460 759813 ,77743 79338 85192 85995 94193 99721 122875 124591 132093 134823 
407257 763429 81979 974190 565172 567190 256371 196759 946884 949596 ,79881 83568 86155 94771 97745 98164 101687 102875 105255 106270 ,407257 763429 81979 974190 565172 567190 256371 946884 949596 922577 ,79881 83568 86155 94771 97745 98164 101687 105255 106270 107953 
269540 599860 207661 541652 886434 987052 859304 917437 946961 207145 ,42345 43394 44995 45114 45820 46143 48770 48986 49093 49647 ,269540 599860 207661 541652 886434 987052 859304 917437 946961 207145 ,42345 43394 44995 45114 45820 46143 48770 48986 49093 49647 
152967 494580 600881 889945 678944 500320 151252 160858 82423 525823 ,31294 32836 32881 34895 35922 35993 36013 37510 37605 37827 ,152967 494580 600881 889945 678944 500320 151252 160858 82423 525823 ,31294 32836 32881 34895 35922 35993 36013 37510 37605 37827 
128266 841623 549580 464362 924058 283884 981164 583327 704352 466230 ,72810 76248 77498 79676 81903 81990 83701 83877 84741 85388 ,128266 841623 549580 464362 924058 283884 981164 583327 704352 466230 ,72810 76248 77498 79676 81903 81990 83701 83877 84741 85388 
636812 879749 885659 634606 225507 868865 199976 914285 868105 669108 ,38131 39619 42133 45132 45635 46018 48060 48283 48370 48451 ,636812 879749 885659 634606 868865 199976 914285 868105 669108 869715 ,38131 39619 42133 45132 46018 48060 48283 48370 48451 48543 
227874 506313 372126 930706 438885 974725 832462 223965 365599 998997 ,48847 54186 61826 64398 68333 68525 70175 70245 71953 73624 ,227874 506313 372126 930706 438885 974725 832462 223965 365599 998997 ,48847 54186 61826 64398 68333 68525 70175 70245 71953 73624 
614240 961226 989974 613619 646672 817552 986546 438707 328722 989628 ,82492 84225 91353 91925 94122 95046 95118 95363 97681 99340 ,614240 961226 989974 613619 646672 817552 986546 438707 328722 989628 ,82492 84225 91353 91925 94122 95046 95118 95363 97681 99340 
207150 802047 975204 266345 15517 618801 948544 678947 680226 804756 ,65827 71231 73434 74564 74774 74974 77082 77330 78602 78757 ,207150 802047 975204 266345 15517 618801 948544 680226 804756 863374 ,65827 71231 73434 74564 74774 74974 77082 78602 78757 80461 
564848 562418 90335 731754 225347 938256 161720 516883 88552 224303 ,63227 67479 67681 68025 69770 70245 72923 73654 74268 75422 ,562418 90335 731754 225347 938256 161720 516883 88552 224303 564585 ,67479 67681 68025 69770 70245 72923 73654 74268 75422 76369 
170797 31323 808995 105373 805961 434148 163934 178856 403451 251837 ,43062 51536 54887 55488 56467 56967 57912 58193 59115 60807 ,170797 808995 105373 434148 163934 178856 403451 251837 879070 420699 ,43062 54887 55488 56967 57912 58193 59115 60807 61542 61962 
364706 525600 88640 105156 558522 71736 109409 753213 591375 432879 ,34078 35906 41915 42248 43514 44912 48254 49946 51418 52332 ,364706 525600 88640 105156 558522 71736 109409 753213 591375 432879 ,34078 35906 41915 42248 43514 44912 48254 49946 51418 52332 
656253 819489 564365 887322 794055 589125 976377 894851 193574 272390 ,55898 57826 58729 60818 61012 61273 62692 64390 64398 64398 ,656253 819489 887322 794055 589125 976377 894851 272390 193574 657416 ,55898 57826 60818 61012 61273 62692 64390 64398 64398 64453 
199508 617058 70075 120306 493494 829919 405320 321139 156079 478215 ,58823 62213 81167 81553 82958 84100 87466 89005 91193 92576 ,199508 617058 120306 493494 405320 156079 527024 540876 415728 124103 ,58823 62213 81553 82958 87466 91193 93106 93342 95115 95193 
840260 184263 385666 930916 911357 842090 907555 842132 734566 872143 ,40509 41045 41696 42196 43611 45977 45982 46988 47235 48307 ,840260 184263 385666 930916 911357 842090 907555 842132 734566 872143 ,40509 41045 41696 42196 43611 45977 45982 46988 47235 48307 
49731 627990 20646 268264 829683 380232 301575 181462 493229 808739 ,145494 224955 252266 255297 257516 263163 269217 269689 274668 291876 ,49731 627990 20646 268264 829683 380232 301575 181462 493229 808739 ,145494 224955 252266 255297 257516 263163 269217 269689 274668 291876 
520391 492058 434485 214943 491887 94181 951217 874762 634425 246370 ,65547 70798 74474 75262 76307 77499 78426 78656 80254 80535 ,434485 214943 94181 951217 634425 196755 380119 993174 682146 157721 ,74474 75262 77499 78426 80254 81447 81553 82100 82111 83175 
941163 505008 145209 781150 742959 658234 997202 119554 553456 905569 ,55129 56472 59230 63310 63605 64006 68946 70187 70210 70598 ,941163 505008 781150 742959 658234 997202 119554 553456 905569 963597 ,55129 56472 63310 63605 64006 68946 70187 70210 70598 72071 
575308 80616 290084 100510 332633 954115 344318 459244 575285 723231 ,117151 122512 136400 136868 137840 139132 140763 140848 141442 142395 ,575308 80616 290084 100510 954115 344318 459244 575285 723231 702171 ,117151 122512 136400 136868 139132 140763 140848 141442 142395 143807 
14402 13583 825322 955085 196979 886223 522185 15606 1463 531690 ,52498 52939 62357 62970 63348 65252 66821 67673 69002 69787 ,14402 13583 825322 955085 196979 886223 522185 15606 1463 531690 ,52498 52939 62357 62970 63348 65252 66821 67673 69002 69787 
490300 972835 734740 322554 671882 564764 712975 181940 58457 144999 ,117210 135699 136320 142401 144170 146250 147295 147933 149405 150382 ,490300 972835 734740 322554 671882 564764 712975 181940 58457 144999 ,117210 135699 136320 142401 144170 146250 147295 147933 149405 150382 
273865 392571 572989 11008 871173 873258 573147 843571 957209 763007 ,42122 43458 43513 44253 45974 48131 48422 48616 48616 48943 ,273865 392571 572989 11008 871173 573147 957209 843571 763007 222442 ,42122 43458 43513 44253 45974 48422 48616 48616 48943 49809 
381753 648636 411236 752351 931286 787147 722829 382828 286327 836793 ,80961 87022 90521 104511 107743 111309 114843 120829 122926 123091 ,381753 648636 411236 752351 931286 787147 722829 382828 286327 836793 ,80961 87022 90521 104511 107743 111309 114843 120829 122926 123091 
417736 765991 957123 642618 617496 222291 207794 83663 8025 770608 ,37684 47565 48680 55373 56765 58889 60732 61821 63996 64798 ,417736 765991 957123 642618 617496 222291 207794 83663 8025 770608 ,37684 47565 48680 55373 56765 58889 60732 61821 63996 64798 
214511 195575 274391 506594 491798 998568 613539 490218 2810 922490 ,42063 48369 48369 48992 50347 50955 51702 52014 52542 52764 ,214511 195575 274391 506594 491798 998568 613539 490218 2810 922490 ,42063 48369 48369 48992 50347 50955 51702 52014 52542 52764 
713875 833933 526193 482166 23926 785439 834388 497332 561929 452509 ,23693 28169 30550 33065 35627 37489 37960 38169 38343 38805 ,713875 833933 526193 482166 23926 785439 834388 497332 561929 452509 ,23693 28169 30550 33065 35627 37489 37960 38169 38343 38805 
511030 504152 21304 730377 371153 1323 365463 550885 728081 71743 ,65546 75236 75489 75765 77901 80251 80890 81458 81878 82449 ,511030 504152 21304 371153 1323 550885 728081 71743 729949 886841 ,65546 75236 75489 77901 80251 81458 81878 82449 82475 82601 
789702 75796 198149 96349 478832 135995 550448 77706 371995 429040 ,82526 99100 99423 104727 106333 108758 110384 110676 111055 111624 ,789702 75796 198149 96349 478832 135995 550448 77706 371995 429040 ,82526 99100 99423 104727 106333 108758 110384 110676 111055 111624 
517299 514390 514256 575074 517300 587327 867047 514511 542436 517440 ,20766 25468 27755 28016 28129 29742 30740 31064 31064 31459 ,517299 514390 514256 575074 517300 587327 867047 514511 542436 517440 ,20766 25468 27755 28016 28129 29742 30740 31064 31064 31459 
9521 297096 489130 739369 467170 430889 691927 312892 9555 725398 ,45520 50279 51770 52317 53798 53900 53954 54067 54881 56118 ,9521 297096 489130 739369 467170 430889 691927 312892 9555 725398 ,45520 50279 51770 52317 53798 53900 53954 54067 54881 56118 
536374 444380 668810 43693 200146 789944 54201 649487 260706 236286 ,18166 20947 27457 27521 27695 28159 28344 29261 29466 29625 ,536374 444380 668810 43693 200146 789944 54201 649487 260706 236286 ,18166 20947 27457 27521 27695 28159 28344 29261 29466 29625 
94181 380119 246073 234612 200262 369824 364199 436744 737280 322630 ,62932 64274 72501 73434 74158 76525 76726 76953 78070 79595 ,94181 380119 246073 234612 200262 369824 364199 436744 737280 322630 ,62932 64274 72501 73434 74158 76525 76726 76953 78070 79595 
232161 62199 607204 943722 103966 400671 546457 363678 645811 850646 ,35994 43968 44828 46805 47059 47986 48317 48454 50059 50390 ,400671 850646 791414 607783 637538 258217 236720 6020 794923 876908 ,47986 50390 51806 52782 55503 55958 56063 57074 58670 58721 
682790 846098 549947 682527 619877 101167 964760 81070 704969 233429 ,40294 43996 44813 45999 46087 50346 51054 51353 51819 52683 ,549947 233429 471909 722928 20765 188224 701774 81187 694557 428538 ,44813 52683 53818 54222 54656 54945 57139 57181 57631 59539 
99819 420621 694716 214749 386228 84129 81878 835648 166610 423054 ,69701 74374 79292 79913 81114 83691 83807 84786 85149 86476 ,420621 214749 84129 81878 835648 166610 423054 106981 801156 322775 ,74374 79913 83691 83807 84786 85149 86476 86485 86830 87184 
400277 645524 707179 23872 679495 267829 548761 230524 401320 531021 ,79749 80631 97264 103582 106300 107942 111192 117795 118923 119081 ,400277 645524 707179 23872 679495 267829 548761 230524 401320 531021 ,79749 80631 97264 103582 106300 107942 111192 117795 118923 119081 
949525 32977 77035 490583 90304 244148 565542 346523 943814 155312 ,65868 78528 84885 85776 86029 86214 86866 88194 89578 93745 ,949525 32977 77035 490583 90304 244148 565542 346523 943814 155312 ,65868 78528 84885 85776 86029 86214 86866 88194 89578 93745 
963967 869986 862113 512513 100451 13641 869032 847130 36388 90995 ,40567 41162 41377 46569 47111 48578 49917 49948 50758 51531 ,963967 869986 862113 512513 100451 13641 869032 847130 36388 90995 ,40567 41162 41377 46569 47111 48578 49917 49948 50758 51531 
711521 256688 600617 686927 307686 781087 977610 544666 883672 664890 ,60714 62482 63386 63959 64446 65638 65890 68607 69077 69661 ,711521 256688 600617 686927 307686 781087 977610 544666 883672 664890 ,60714 62482 63386 63959 64446 65638 65890 68607 69077 69661 
157166 415197 961483 153365 303357 875535 116812 265251 284514 721542 ,91591 94456 96060 96776 99136 99471 101331 101962 101978 103065 ,157166 415197 961483 153365 303357 875535 116812 265251 284514 721542 ,91591 94456 96060 96776 99136 99471 101331 101962 101978 103065 
254774 574065 246759 158307 406198 450595 369916 236826 900158 601859 ,16955 18502 18954 19621 19782 19786 19824 21182 21277 21284 ,254774 574065 246759 158307 406198 450595 369916 236826 900158 601859 ,16955 18502 18954 19621 19782 19786 19824 21182 21277 21284 
839309 425722 544783 837907 537253 792757 834734 908889 426829 467326 ,62894 69972 75775 81707 82496 85780 97800 101734 103704 105347 ,839309 425722 544783 837907 537253 792757 834734 908889 426829 467326 ,62894 69972 75775 81707 82496 85780 97800 101734 103704 105347 
256697 636405 135170 364698 92379 449179 146444 30385 603405 688632 ,39209 41891 43431 46338 46374 47056 47211 47578 47825 49226 ,256697 636405 135170 364698 92379 449179 146444 30385 603405 688632 ,39209 41891 43431 46338 46374 47056 47211 47578 47825 49226 
899681 207735 559515 886315 377745 46590 483481 134111 405840 565690 ,23103 29814 30520 33600 35329 37279 37507 39517 40348 40720 ,899681 207735 559515 886315 377745 46590 483481 134111 405840 565690 ,23103 29814 30520 33600 35329 37279 37507 39517 40348 40720 
419397 95611 993389 308233 906433 521183 665499 895865 307615 338843 ,46779 53398 55671 56721 62087 64720 66593 66614 66792 70126 ,419397 95611 993389 308233 906433 521183 665499 895865 307615 338843 ,46779 53398 55671 56721 62087 64720 66593 66614 66792 70126 
276982 569393 227216 215989 691061 457963 57096 709831 988873 964416 ,35148 50914 51749 51831 53597 55023 55190 57335 57476 57499 ,276982 569393 227216 215989 691061 457963 57096 709831 988873 964416 ,35148 50914 51749 51831 53597 55023 55190 57335 57476 57499 
322701 678161 484094 584093 85870 502753 928942 519112 535720 929455 ,51642 58436 61070 61284 61323 61783 62048 62159 62674 63863 ,322701 678161 484094 584093 85870 502753 928942 519112 535720 929455 ,51642 58436 61070 61284 61323 61783 62048 62159 62674 63863 
257216 573774 573277 564520 826422 326180 439249 561626 873820 342040 ,59283 65718 69087 74812 75933 76380 76683 79490 79687 79823 ,257216 573774 573277 564520 826422 326180 439249 561626 873820 342040 ,59283 65718 69087 74812 75933 76380 76683 79490 79687 79823 
497969 87757 115076 89259 472143 498962 190498 435282 84214 526297 ,38001 40400 42498 43914 44579 46862 46881 47826 48411 48664 ,497969 87757 115076 89259 472143 498962 190498 435282 84214 526297 ,38001 40400 42498 43914 44579 46862 46881 47826 48411 48664 
953903 292921 575935 120571 327896 14417 793905 171178 920615 385217 ,79792 85879 88197 89255 93411 94009 95223 95826 96209 96322 ,953903 575935 120571 327896 14417 793905 171178 920615 385217 573389 ,79792 88197 89255 93411 94009 95223 95826 96209 96322 96464 
254047 493189 327259 241124 364480 281527 125066 501841 473517 698693 ,35865 36768 40596 48388 50776 51442 52478 54749 54942 55006 ,254047 493189 327259 241124 364480 281527 125066 501841 473517 698693 ,35865 36768 40596 48388 50776 51442 52478 54749 54942 55006 
709898 334945 593597 881603 945710 320948 249771 296568 849213 636032 ,30182 33952 35022 40781 41908 42578 43471 44314 44514 45096 ,709898 334945 881603 945710 320948 249771 296568 849213 636032 556926 ,30182 33952 40781 41908 42578 43471 44314 44514 45096 45248 
98975 796574 122226 952996 459398 949763 159573 26203 98926 454430 ,33839 42738 43218 43399 44076 44577 44684 44880 45255 45278 ,98975 796574 122226 952996 459398 949763 159573 26203 98926 454430 ,33839 42738 43218 43399 44076 44577 44684 44880 45255 45278 
473441 899895 227024 408944 473404 942192 338654 876814 370830 929346 ,41268 42131 43252 43765 44300 49720 50278 51613 51874 52205 ,473441 899895 227024 408944 473404 942192 338654 876814 370830 929346 ,41268 42131 43252 43765 44300 49720 50278 51613 51874 52205 
273870 71924 634064 967695 194711 273527 766623 140027 984691 456405 ,53227 55353 56255 57535 59655 59655 60050 60255 60953 62449 ,273870 71924 634064 967695 194711 273527 766623 140027 984691 456405 ,53227 55353 56255 57535 59655 59655 60050 60255 60953 62449 
994205 71379 75366 319681 337104 440884 19774 535663 176116 284963 ,61906 63835 64021 67740 68060 68687 69415 70751 72935 73452 ,994205 71379 75366 319681 337104 440884 19774 535663 176116 284963 ,61906 63835 64021 67740 68060 68687 69415 70751 72935 73452 
538762 670256 459449 595472 849733 516496 403440 840804 298168 328669 ,62846 69028 72787 75207 75252 75351 75499 75769 76479 76962 ,538762 670256 459449 595472 849733 516496 403440 840804 298168 328669 ,62846 69028 72787 75207 75252 75351 75499 75769 76479 76962 
415594 128739 352557 545418 855238 919362 392879 532096 602594 895306 ,38255 54950 56514 59160 62328 62932 66040 67534 67933 68078 ,415594 128739 352557 545418 855238 392879 532096 602594 895306 363917 ,38255 54950 56514 59160 62328 66040 67534 67933 68078 69305 
655064 914345 216081 28974 426605 609211 906581 734124 552767 743280 ,27641 43576 47420 51427 56051 62787 65145 69663 73400 78838 ,655064 914345 216081 28974 426605 609211 906581 734124 552767 743280 ,27641 43576 47420 51427 56051 62787 65145 69663 73400 78838 
29529 951004 205077 49701 707909 402861 402020 823780 408371 868288 ,49916 52206 52640 54711 55456 57088 58200 58449 59273 59386 ,29529 951004 205077 49701 707909 402861 402020 823780 408371 868288 ,49916 52206 52640 54711 55456 57088 58200 58449 59273 59386 
979572 400683 638032 38633 855728 943102 783477 985708 55726 910582 ,26421 26537 29557 31712 32861 35945 39544 47846 49622 51914 ,979572 400683 638032 38633 855728 943102 783477 985708 55726 910582 ,26421 26537 29557 31712 32861 35945 39544 47846 49622 51914 
261621 867610 344131 109935 791945 884340 248950 602472 93629 196798 ,42829 47175 50910 51236 54910 63260 65893 67066 67911 68284 ,261621 867610 344131 109935 791945 884340 248950 602472 93629 211924 ,42829 47175 50910 51236 54910 63260 65893 67066 67911 69780 
458391 210663 281986 249450 180504 797056 380536 864975 936760 325727 ,49117 52980 53968 58870 60020 61040 61705 63399 65062 65785 ,458391 210663 281986 249450 180504 797056 380536 864975 936760 325727 ,49117 52980 53968 58870 60020 61040 61705 63399 65062 65785 
239063 919531 878667 434226 784227 417016 921192 832709 545857 775997 ,72422 73094 79859 80630 82642 83454 89628 90221 90337 91850 ,239063 919531 878667 434226 784227 417016 921192 832709 545857 775997 ,72422 73094 79859 80630 82642 83454 89628 90221 90337 91850 
461244 183648 728152 267829 96896 394442 703517 262964 17267 619985 ,92440 95915 96819 97568 98046 98438 102611 105755 109561 110214 ,461244 183648 728152 267829 96896 394442 703517 262964 17267 619985 ,92440 95915 96819 97568 98046 98438 102611 105755 109561 110214 
921221 551822 709162 467960 123290 348043 66122 511074 853283 371395 ,79878 85830 87232 89997 92325 92343 92492 93244 93658 97728 ,921221 551822 709162 467960 123290 348043 66122 511074 853283 371395 ,79878 85830 87232 89997 92325 92343 92492 93244 93658 97728 
327203 180185 78665 5202 463465 172174 267393 314680 472112 707141 ,104440 109439 110447 118372 120688 123322 124102 124606 126831 127583 ,327203 180185 78665 5202 463465 172174 267393 314680 472112 707141 ,104440 109439 110447 118372 120688 123322 124102 124606 126831 127583 
756868 841453 249352 771397 758861 900088 910092 723339 327570 584173 ,58129 78473 90953 101588 104296 104432 105997 107351 108918 111137 ,756868 841453 249352 771397 758861 900088 910092 723339 327570 584173 ,58129 78473 90953 101588 104296 104432 105997 107351 108918 111137 
42851 724301 561142 407436 162146 425240 160113 192554 623043 365081 ,106954 108535 109895 115566 116793 117311 117618 118509 118717 121559 ,42851 724301 561142 407436 162146 425240 160113 192554 623043 365081 ,106954 108535 109895 115566 116793 117311 117618 118509 118717 121559 
512998 628203 835955 589167 316316 568193 654624 619000 838744 617991 ,80469 82643 82980 85165 86251 88319 89349 89728 93454 94718 ,512998 628203 835955 589167 316316 568193 654624 619000 838744 617991 ,80469 82643 82980 85165 86251 88319 89349 89728 93454 94718 
378386 207352 839816 41719 356285 249771 378347 249290 904992 334241 ,27191 31485 32566 32979 33468 33869 34947 34987 35152 35970 ,207352 839816 41719 356285 249771 378347 249290 904992 334241 42064 ,31485 32566 32979 33468 33869 34947 34987 35152 35970 36038 
97347 862989 424576 46392 338287 686988 816590 94717 806323 717165 ,27690 32488 39033 39211 39899 40149 41259 42723 43011 43210 ,97347 862989 424576 46392 338287 686988 816590 94717 806323 717165 ,27690 32488 39033 39211 39899 40149 41259 42723 43011 43210 
337103 749077 44533 404105 523607 894201 62661 327933 955467 947405 ,44960 49472 49915 51270 51534 52663 52686 53096 56573 57080 ,337103 749077 44533 404105 523607 894201 62661 327933 955467 947405 ,44960 49472 49915 51270 51534 52663 52686 53096 56573 57080 
509121 472172 861218 464382 879508 202171 636642 916459 605622 419125 ,54795 55914 63544 65434 68572 69640 71174 72888 73414 73585 ,509121 472172 464382 879508 202171 636642 916459 605622 419125 894637 ,54795 55914 65434 68572 69640 71174 72888 73414 73585 74257 
320395 654368 563153 11116 368795 347872 553522 179230 714914 991897 ,67304 71142 75470 76579 80663 80769 80907 82028 82035 82827 ,320395 654368 563153 11116 368795 347872 553522 179230 991897 208798 ,67304 71142 75470 76579 80663 80769 80907 82028 82827 83786 
918237 281379 158755 606715 232876 907226 374609 407060 606686 46644 ,26460 28688 37402 40869 42362 42515 42652 43238 43552 43606 ,918237 281379 158755 606715 232876 907226 374609 407060 606686 46644 ,26460 28688 37402 40869 42362 42515 42652 43238 43552 43606 
345136 543304 208103 553482 342533 13781 253246 628409 747121 543411 ,43208 51300 52413 54840 55156 55327 56051 56859 57217 57594 ,345136 543304 208103 553482 13781 253246 628409 543411 510624 851999 ,43208 51300 52413 54840 55327 56051 56859 57594 58245 58535 
321165 840670 554371 727378 155011 841613 822797 860752 991708 882101 ,90112 94176 94935 95077 99582 100028 102400 102830 103432 104251 ,321165 840670 554371 727378 155011 841613 822797 860752 991708 882101 ,90112 94176 94935 95077 99582 100028 102400 102830 103432 104251 
235366 525105 291427 467062 301855 662932 30544 432648 230414 354003 ,52570 61459 71130 74986 75239 76644 77088 79379 80003 81322 ,235366 525105 291427 467062 301855 662932 30544 432648 230414 354003 ,52570 61459 71130 74986 75239 76644 77088 79379 80003 81322 
398554 199043 277859 846952 623972 751555 838659 965407 775929 177565 ,57003 57597 57597 61506 65228 66381 67215 68156 68291 68302 ,398554 199043 277859 846952 623972 751555 838659 965407 775929 177565 ,57003 57597 57597 61506 65228 66381 67215 68156 68291 68302 
841377 20844 880364 681771 394089 18098 108214 680841 734200 157112 ,102691 103207 106300 107654 108694 109323 109473 110574 112139 112205 ,841377 20844 880364 681771 394089 18098 108214 680841 734200 157112 ,102691 103207 106300 107654 108694 109323 109473 110574 112139 112205 
76281 258151 105160 52266 119696 832884 638629 560921 65307 996758 ,56583 67134 76809 79410 80552 80759 81756 82952 83220 85010 ,76281 258151 105160 52266 119696 832884 638629 560921 65307 996758 ,56583 67134 76809 79410 80552 80759 81756 82952 83220 85010 
304576 85436 158928 247960 795252 95698 529003 946903 321692 82221 ,53649 53922 55525 55618 56634 56692 57091 57269 58490 59267 ,304576 95698 946903 92860 93606 719796 289946 497681 467845 278374 ,53649 56692 57269 59863 60747 61645 62716 62887 62944 64396 
459328 932521 384655 375419 524310 95498 35732 815131 18942 552667 ,76875 82316 83869 84557 93005 94903 100500 102898 103255 103388 ,459328 932521 384655 375419 95498 35732 815131 18942 552667 636113 ,76875 82316 83869 84557 94903 100500 102898 103255 103388 105112 
207735 464967 674939 38876 553616 770467 216950 826183 558476 39007 ,16585 19750 21599 21618 23039 23618 23914 24473 25058 25072 ,207735 826183 824551 39050 39076 681789 814405 410285 442397 39086 ,16585 24473 25565 27717 28303 28834 31812 32837 33212 33378 
426525 336645 306608 426610 306892 599469 979585 491965 889261 627791 ,17903 21165 22808 23552 24967 25605 26065 27517 27876 28444 ,336645 426610 306892 979585 491965 889261 627791 305206 307853 305101 ,21165 23552 24967 26065 27517 27876 28444 29152 29438 30925 
458072 720814 327930 941298 326723 336884 249115 313434 279274 802626 ,36127 37654 39894 41007 41416 41480 42185 42786 43055 43370 ,458072 720814 336884 313434 248544 99808 352034 490668 494583 309042 ,36127 37654 41480 42786 44047 44351 44603 45138 45639 47473 
685910 635111 420312 528724 283494 68369 413829 5720 517499 603365 ,49040 54753 59578 63364 64860 64896 69770 71307 71972 75036 ,685910 635111 420312 528724 283494 68369 413829 5720 517499 603365 ,49040 54753 59578 63364 64860 64896 69770 71307 71972 75036 
849944 442886 476781 824281 694827 130073 656579 781572 807482 756768 ,58983 66330 66550 73281 74934 76483 78002 78783 79954 81019 ,849944 442886 476781 824281 694827 130073 656579 781572 807482 756768 ,58983 66330 66550 73281 74934 76483 78002 78783 79954 81019 
8085 415565 146816 556020 600202 277588 546167 276261 699477 809696 ,66323 73356 78993 83705 85687 89700 91413 93233 93375 94780 ,8085 415565 556020 600202 277588 546167 276261 699477 809696 485239 ,66323 73356 83705 85687 89700 91413 93233 93375 94780 94822 
861678 413635 885570 830756 468102 820757 790345 789058 466870 928858 ,48359 59870 60220 71488 75557 75671 76277 76773 77394 77936 ,861678 413635 885570 830756 468102 820757 790345 789058 466870 928858 ,48359 59870 60220 71488 75557 75671 76277 76773 77394 77936 
84762 559012 489368 973374 410482 53782 70954 938014 559305 558603 ,27924 35526 35989 36605 36615 36686 37800 37896 37991 40337 ,84762 559012 489368 973374 410482 53782 70954 938014 559305 558603 ,27924 35526 35989 36605 36615 36686 37800 37896 37991 40337 
146352 792403 933421 630843 482695 331958 224992 797839 542091 332180 ,112657 117627 119436 120393 120446 122376 123585 124271 126336 126809 ,146352 792403 933421 630843 482695 331958 224992 797839 542091 332180 ,112657 117627 119436 120393 120446 122376 123585 124271 126336 126809 
601192 660164 869874 602632 406620 568190 667436 802810 796591 604353 ,24659 27052 31598 33504 34423 34957 35234 35446 37101 37733 ,601192 660164 869874 602632 406620 568190 667436 802810 796591 604353 ,24659 27052 31598 33504 34423 34957 35234 35446 37101 37733 
771161 9247 228535 806392 360563 836140 488444 815034 949779 363637 ,42116 42417 47086 50715 50866 52978 53501 56902 57712 59399 ,771161 9247 228535 806392 360563 836140 488444 815034 949779 363637 ,42116 42417 47086 50715 50866 52978 53501 56902 57712 59399 
432879 525235 81704 873787 662965 509956 107972 68416 772001 718462 ,55390 67533 68644 71297 72028 73159 77675 78316 78457 78645 ,432879 525235 81704 873787 662965 509956 107972 68416 772001 718462 ,55390 67533 68644 71297 72028 73159 77675 78316 78457 78645 
35108 297057 492470 177951 777373 121004 792630 863291 359838 708563 ,55373 61476 66137 67981 68025 68639 69565 70018 71574 72069 ,35108 297057 492470 177951 777373 121004 792630 708563 990538 969508 ,55373 61476 66137 67981 68025 68639 69565 72069 72350 72828 
878164 400678 282653 628342 279137 188801 723892 180786 291896 564124 ,38590 40578 44181 44328 45175 45189 45351 48358 48427 48445 ,878164 400678 282653 628342 188801 723892 180786 291896 564124 722598 ,38590 40578 44181 44328 45189 45351 48358 48427 48445 48481 
519438 643141 447904 41565 517963 39047 442806 657126 40938 446362 ,6870 7610 7753 8133 8966 9474 10273 10786 10994 11231 ,519438 643141 447904 41565 517963 39047 442806 657126 40938 446362 ,6870 7610 7753 8133 8966 9474 10273 10786 10994 11231 
85915 296674 599186 888175 835276 20263 19974 175772 598014 485671 ,108817 117593 119532 119748 140862 143978 145969 146137 148487 149552 ,85915 296674 599186 888175 835276 20263 19974 175772 598014 485671 ,108817 117593 119532 119748 140862 143978 145969 146137 148487 149552 
497457 700283 91106 277023 70955 558923 858802 53042 37854 473797 ,39038 39775 53018 53620 55237 55421 55662 55794 56672 56849 ,497457 700283 91106 277023 70955 558923 858802 53042 37854 473797 ,39038 39775 53018 53620 55237 55421 55662 55794 56672 56849 
665706 305796 77733 208483 351964 468902 528487 531416 130996 188705 ,34381 40835 44654 47903 50195 50215 50492 50793 50982 51735 ,665706 305796 77733 208483 351964 468902 528487 531416 130996 188705 ,34381 40835 44654 47903 50195 50215 50492 50793 50982 51735 
785420 429880 175485 423109 953622 76423 30030 483662 121963 915524 ,17090 19259 19383 19644 20109 20379 20719 21159 22333 22426 ,785420 429880 175485 953622 76423 483662 121963 915524 426524 572037 ,17090 19259 19383 20109 20379 21159 22333 22426 22455 22509 
926244 802322 210694 602988 925848 791767 899565 985557 577372 801849 ,18777 19406 20561 21880 21929 22257 23822 24157 24172 24272 ,926244 802322 210694 602988 925848 791767 899565 985557 577372 801849 ,18777 19406 20561 21880 21929 22257 23822 24157 24172 24272 
996085 557823 19912 573015 857497 11924 55766 32953 329661 735939 ,100736 109063 110332 116119 122866 124655 127769 131606 136256 136538 ,996085 557823 19912 573015 857497 11924 55766 32953 329661 735939 ,100736 109063 110332 116119 122866 124655 127769 131606 136256 136538 
31127 30905 232384 632820 633123 232536 815053 635196 612744 929711 ,33267 40428 42722 43336 47412 47648 50878 51268 51322 51510 ,31127 30905 232384 632820 633123 232536 815053 635196 612744 929711 ,33267 40428 42722 43336 47412 47648 50878 51268 51322 51510 
973789 651141 756868 735531 676574 551018 954339 181765 776689 182439 ,47892 56822 66157 67234 70166 78894 78896 79702 79904 79976 ,973789 651141 756868 735531 676574 551018 954339 181765 776689 182439 ,47892 56822 66157 67234 70166 78894 78896 79702 79904 79976 
343833 977821 342709 29167 890553 43646 400653 293608 910241 603745 ,69582 69989 71537 73624 74958 77903 78582 78718 80175 81132 ,343833 977821 342709 29167 890553 43646 400653 293608 910241 603745 ,69582 69989 71537 73624 74958 77903 78582 78718 80175 81132 
302961 546787 8828 887034 210247 504256 671493 607801 354470 946663 ,52865 60336 63870 65552 65701 66097 66529 66573 70484 73783 ,302961 546787 887034 210247 504256 671493 607801 354470 946663 209117 ,52865 60336 65552 65701 66097 66529 66573 70484 73783 74963 
104771 733442 685935 763530 159874 301536 691373 63789 367174 313441 ,63987 69259 71568 74250 75059 75290 75755 76964 77464 78105 ,104771 733442 685935 763530 159874 301536 691373 63789 367174 313441 ,63987 69259 71568 74250 75059 75290 75755 76964 77464 78105 
657163 430286 929403 519032 667553 241987 755742 496677 212579 41701 ,50448 58049 61624 64348 68081 68347 69384 70118 71401 72530 ,657163 430286 929403 519032 667553 755742 496677 212579 41701 339812 ,50448 58049 61624 64348 68081 69384 70118 71401 72530 73132 
283552 408427 565773 875824 634804 932537 471927 277601 864255 554810 ,76014 91396 96129 97581 104778 105676 108437 108776 110694 111588 ,283552 408427 565773 875824 634804 932537 471927 277601 864255 554810 ,76014 91396 96129 97581 104778 105676 108437 108776 110694 111588 
458049 171685 22590 79424 792405 279766 161945 976102 307200 487903 ,64882 74131 74211 76045 77880 78188 80785 80952 81631 83117 ,458049 22590 79424 792405 279766 161945 976102 307200 487903 807785 ,64882 74211 76045 77880 78188 80785 80952 81631 83117 85565 
565332 153555 573090 930253 850810 822036 246565 241466 983401 791598 ,20376 20739 20801 22743 23164 25210 25413 25764 26106 26417 ,565332 153555 573090 930253 850810 822036 246565 241466 983401 791598 ,20376 20739 20801 22743 23164 25210 25413 25764 26106 26417 
239579 682290 628008 232715 796245 514355 648577 628130 598908 129036 ,55019 55727 56623 58624 59534 60431 62379 63461 64466 65510 ,628008 92501 522402 484589 824984 3645 843349 204568 14224 811331 ,56623 69448 73982 74132 74605 74644 74966 75468 75718 76033 
744616 699623 739031 726726 175800 560964 564210 349996 80062 560925 ,53393 55191 56181 58730 63406 67398 69796 72473 72650 72901 ,744616 699623 739031 175800 560964 564210 349996 560925 215938 700030 ,53393 55191 56181 63406 67398 69796 72473 72901 73070 73118 
297303 60623 940578 846188 204765 873348 416286 839343 30884 394813 ,69942 71645 72841 76460 76831 77268 77568 77690 78662 78715 ,297303 60623 940578 846188 204765 873348 416286 839343 30884 394813 ,69942 71645 72841 76460 76831 77268 77568 77690 78662 78715 
530886 442263 846953 575649 68472 30266 745749 781339 487851 764693 ,52975 55763 60908 64902 66208 67767 68284 68654 68694 69060 ,530886 442263 846953 575649 68472 30266 745749 781339 487851 764693 ,52975 55763 60908 64902 66208 67767 68284 68654 68694 69060 
767542 803036 381770 48205 829831 212429 872159 322554 490300 494831 ,111209 115969 127757 134631 136900 137970 139608 143135 148842 152557 ,767542 803036 381770 48205 829831 212429 872159 322554 490300 494831 ,111209 115969 127757 134631 136900 137970 139608 143135 148842 152557 
210238 843428 108267 188212 373375 105498 474529 315380 744492 301030 ,81925 82599 83820 92191 94198 95004 96440 99907 100717 102194 ,210238 843428 108267 188212 373375 105498 474529 315380 744492 301030 ,81925 82599 83820 92191 94198 95004 96440 99907 100717 102194 
214764 757213 995226 104004 674145 702862 727288 567115 938596 673810 ,82685 82910 84862 86391 86497 87096 87269 89892 89903 90301 ,214764 757213 995226 104004 674145 702862 727288 567115 938596 673810 ,82685 82910 84862 86391 86497 87096 87269 89892 89903 90301 
448829 134207 2165 173454 949550 961438 359295 291487 904833 69881 ,36588 37858 39634 41868 42114 43371 45382 45607 45851 46236 ,448829 134207 2165 173454 949550 961438 359295 291487 904833 69881 ,36588 37858 39634 41868 42114 43371 45382 45607 45851 46236 
206245 858257 988283 269270 113284 559759 934431 711469 532532 565039 ,63033 63482 64076 64771 65286 66791 67305 67852 68880 69153 ,206245 858257 988283 269270 113284 559759 934431 711469 532532 565039 ,63033 63482 64076 64771 65286 66791 67305 67852 68880 69153 
607784 309930 458715 793056 368783 393065 914698 841599 459899 238219 ,57907 86580 95710 100146 101765 103458 106118 106391 107656 109338 ,607784 309930 458715 793056 368783 393065 914698 841599 459899 238219 ,57907 86580 95710 100146 101765 103458 106118 106391 107656 109338 
857640 522283 13893 370315 256127 141165 21295 482958 829643 696611 ,70212 70272 72296 72335 74061 75416 76695 77186 77540 78266 ,857640 522283 13893 370315 256127 141165 21295 482958 829643 696611 ,70212 70272 72296 72335 74061 75416 76695 77186 77540 78266 
918791 828653 270873 541622 964387 901334 808001 869764 204694 869636 ,40493 40807 44383 45491 45553 45910 46552 47590 48471 48826 ,918791 828653 270873 541622 964387 901334 808001 204694 869636 19133 ,40493 40807 44383 45491 45553 45910 46552 48471 48826 49061 
111630 624692 481283 735623 628330 43212 726907 528083 585218 836301 ,56089 67801 68665 69110 71443 73639 74444 74685 75536 76103 ,111630 624692 481283 735623 628330 43212 726907 528083 585218 836301 ,56089 67801 68665 69110 71443 73639 74444 74685 75536 76103 
176055 285084 684369 903803 485064 615943 499988 822528 620116 569749 ,43818 61347 65938 67116 68550 69893 71038 71520 71883 72126 ,176055 285084 684369 903803 485064 615943 499988 822528 620116 569749 ,43818 61347 65938 67116 68550 69893 71038 71520 71883 72126 
716088 638557 714866 430157 892078 841621 767930 569998 189300 677129 ,38238 40184 40404 42361 45021 45453 45659 45795 46125 46820 ,716088 638557 714866 430157 892078 841621 767930 569998 189300 677129 ,38238 40184 40404 42361 45021 45453 45659 45795 46125 46820 
399822 353771 422450 391708 517468 749122 461333 78655 472342 828549 ,40513 50923 58546 60373 61278 63231 63863 64729 64913 64980 ,399822 353771 422450 391708 517468 749122 461333 78655 472342 828549 ,40513 50923 58546 60373 61278 63231 63863 64729 64913 64980 
532661 396681 727604 269397 873568 900266 359981 458220 574159 273061 ,92527 92539 96541 101173 101583 103916 104270 104375 104617 104657 ,532661 396681 727604 269397 873568 900266 359981 458220 574159 273061 ,92527 92539 96541 101173 101583 103916 104270 104375 104617 104657 
134986 819930 975847 35431 588387 46545 166605 858772 407474 531690 ,119839 131263 134302 139508 140455 140641 143340 143384 149136 149662 ,134986 819930 975847 35431 588387 46545 166605 858772 407474 531690 ,119839 131263 134302 139508 140455 140641 143340 143384 149136 149662 
197965 396065 471695 405704 312153 482760 951965 278572 646520 236147 ,56181 72222 72609 72865 73101 75852 76020 76761 78033 79602 ,197965 396065 471695 405704 312153 482760 951965 278572 646520 236147 ,56181 72222 72609 72865 73101 75852 76020 76761 78033 79602 
3971 54637 334945 897786 481962 701989 633871 372992 37450 922562 ,47289 48108 48904 53904 54375 54384 54602 55477 55636 55666 ,3971 334945 897786 481962 701989 633871 372992 37450 922562 630723 ,47289 48904 53904 54375 54384 54602 55477 55636 55666 56220 
224651 509335 503698 498876 729289 890851 869108 657186 370847 17140 ,118511 133464 166819 186423 206461 212808 220645 230581 240858 251122 ,224651 509335 503698 498876 729289 890851 869108 657186 370847 17140 ,118511 133464 166819 186423 206461 212808 220645 230581 240858 251122 
776815 809116 514746 351548 593489 699161 500969 23722 317570 513911 ,64876 64955 71135 71578 71834 72589 73442 73465 74985 75257 ,776815 809116 514746 351548 593489 699161 500969 23722 317570 513911 ,64876 64955 71135 71578 71834 72589 73442 73465 74985 75257 
236068 677301 861226 128683 940009 900780 877567 37430 88876 26909 ,108987 109788 110982 115274 118867 120962 124925 125561 126330 127643 ,236068 677301 861226 128683 940009 900780 877567 37430 88876 26909 ,108987 109788 110982 115274 118867 120962 124925 125561 126330 127643 
59230 393190 111679 439293 693672 671154 756401 505373 221849 537151 ,82282 86840 90466 90707 93300 93577 99442 99890 99953 101873 ,59230 111679 439293 693672 671154 756401 505373 221849 537151 266905 ,82282 90466 90707 93300 93577 99442 99890 99953 101873 106420 
519086 521862 380774 450653 667777 469457 464867 43073 23463 554870 ,38825 39092 40426 41654 42212 44974 45086 45299 45902 46386 ,519086 521862 380774 450653 667777 469457 464867 43073 23463 554870 ,38825 39092 40426 41654 42212 44974 45086 45299 45902 46386 
772174 819907 142248 554763 142534 403572 994524 570912 940680 141613 ,60666 67435 70357 70500 71608 72110 72323 73984 74330 75317 ,772174 819907 142248 554763 142534 994524 570912 940680 141613 699554 ,60666 67435 70357 70500 71608 72323 73984 74330 75317 76336 
834310 375725 856149 976485 765358 757479 603778 280215 846661 960506 ,41445 45133 47408 48510 48875 49171 51434 52151 52395 53254 ,834310 375725 856149 976485 765358 757479 603778 280215 846661 960506 ,41445 45133 47408 48510 48875 49171 51434 52151 52395 53254 
208461 370427 568498 321583 453510 709366 80146 418306 754906 699811 ,69854 71821 77666 79852 81562 81978 82377 82737 82867 84090 ,208461 370427 568498 321583 453510 709366 80146 418306 754906 699811 ,69854 71821 77666 79852 81562 81978 82377 82737 82867 84090 
236103 465952 486903 480463 989484 201001 746568 313373 698870 123721 ,61033 63709 65266 71450 71828 73377 73586 77966 78096 78121 ,236103 465952 486903 480463 989484 201001 746568 313373 698870 123721 ,61033 63709 65266 71450 71828 73377 73586 77966 78096 78121 
315288 476436 236295 595910 309716 151912 73706 597215 469815 308398 ,45050 52868 54326 54909 56354 56757 58198 62425 63350 64317 ,315288 476436 236295 595910 309716 151912 73706 597215 469815 308398 ,45050 52868 54326 54909 56354 56757 58198 62425 63350 64317 
422674 210559 787719 30175 211530 785233 653403 325757 543116 649955 ,21432 22706 23185 23894 24796 26030 27460 28149 28207 28852 ,422674 210559 787719 30175 211530 785233 653403 325757 543116 649955 ,21432 22706 23185 23894 24796 26030 27460 28149 28207 28852 
569288 649956 536669 473614 233719 769122 351610 282253 787856 694669 ,14192 21615 25809 27404 27787 28495 31214 31259 31426 32150 ,569288 649956 536669 473614 233719 769122 351610 282253 787856 694669 ,14192 21615 25809 27404 27787 28495 31214 31259 31426 32150 
635261 251800 980284 464493 591984 916393 155219 322305 465975 862562 ,66619 70519 70796 71432 72034 74260 75846 78526 78928 79078 ,635261 251800 980284 464493 591984 916393 155219 322305 465975 862562 ,66619 70519 70796 71432 72034 74260 75846 78526 78928 79078 
363931 355017 892700 29167 23184 645706 46608 307219 289768 216446 ,78258 85489 85590 85920 88334 90497 90804 91994 92086 96538 ,363931 355017 892700 29167 23184 645706 46608 307219 289768 216446 ,78258 85489 85590 85920 88334 90497 90804 91994 92086 96538 
464769 507095 249684 130484 665359 84838 254774 811685 756626 502678 ,29223 31696 33958 34628 34669 36430 36900 36996 37811 38006 ,464769 507095 249684 130484 665359 84838 254774 811685 756626 502678 ,29223 31696 33958 34628 34669 36430 36900 36996 37811 38006 
353060 698656 779539 254133 322640 106016 339720 633135 351147 925258 ,44484 50169 50471 50938 53776 55961 55989 56089 56113 56431 ,353060 698656 779539 254133 322640 106016 339720 633135 351147 925258 ,44484 50169 50471 50938 53776 55961 55989 56089 56113 56431 
160546 173350 595876 85144 453064 87778 878832 369078 458722 328498 ,78884 79348 79598 82833 85781 85924 88079 90047 90150 90282 ,160546 173350 595876 85144 453064 87778 878832 369078 458722 328498 ,78884 79348 79598 82833 85781 85924 88079 90047 90150 90282 
570055 363864 510256 500103 305096 817646 130901 687356 426723 599470 ,24407 25392 25441 25493 25770 26518 26711 26913 27018 27684 ,570055 79462 281751 305196 955261 642155 445037 413799 445666 423125 ,24407 32297 32928 33465 33545 33720 33736 33812 33977 34042 
606965 426756 120557 81561 517910 690452 427731 422695 634683 452228 ,28969 39916 40249 41503 41588 42892 43268 43731 44949 44969 ,606965 426756 120557 81561 517910 690452 427731 422695 634683 452228 ,28969 39916 40249 41503 41588 42892 43268 43731 44949 44969 
819638 450397 726474 450806 605259 742598 572667 450178 472234 959345 ,35977 42869 48184 49060 50695 50836 50923 50973 51077 51489 ,819638 450397 726474 450806 742598 572667 450178 472234 605446 703700 ,35977 42869 48184 49060 50836 50923 50973 51077 51644 51775 
749554 61457 801688 395048 177289 391355 912783 4845 797437 452835 ,87141 89619 92531 93840 95280 96747 97242 97319 99962 100121 ,749554 61457 395048 177289 391355 4845 797437 452835 517038 484325 ,87141 89619 93840 95280 96747 97319 99962 100121 103661 105414 
208461 617177 37424 30466 915316 689949 683822 159032 429460 348900 ,118685 132376 134236 141155 145399 147657 150270 160129 168356 175915 ,208461 617177 37424 30466 915316 689949 683822 159032 429460 348900 ,118685 132376 134236 141155 145399 147657 150270 160129 168356 175915 
418207 418337 396005 370808 468739 110330 490734 313360 699515 11304 ,52905 53864 56630 58924 59865 59979 61919 62097 62944 64130 ,418207 418337 396005 370808 468739 110330 490734 313360 699515 11304 ,52905 53864 56630 58924 59865 59979 61919 62097 62944 64130 
893658 139529 137236 127805 968727 537033 563664 112712 643948 391709 ,47300 54249 54801 57152 57372 58601 60877 61383 61807 62691 ,893658 139529 137236 127805 968727 537033 563664 112712 643948 391709 ,47300 54249 54801 57152 57372 58601 60877 61383 61807 62691 
654262 816758 791559 816804 217389 445908 667575 908126 667224 655482 ,6348 6358 7057 7362 7564 7644 7785 7963 8093 8160 ,816758 816804 667224 769482 446356 655012 517077 655028 446938 446508 ,6358 7362 8093 8467 8572 8626 8667 8780 8791 9340 
567096 322639 445123 25694 444349 143557 321891 520704 521347 800392 ,80133 93509 100751 108857 110752 110790 110798 112996 113247 113758 ,567096 322639 445123 25694 444349 143557 321891 520704 521347 800392 ,80133 93509 100751 108857 110752 110790 110798 112996 113247 113758 
996721 469096 770273 322586 474246 660881 998280 891569 585834 339016 ,24843 29835 36816 36935 37941 38828 39266 40397 42382 43111 ,996721 469096 770273 322586 474246 660881 998280 891569 585834 339016 ,24843 29835 36816 36935 37941 38828 39266 40397 42382 43111 
666229 377516 949615 93445 399707 947684 535541 688437 658095 399964 ,43673 50503 50985 54165 54912 54937 55524 55936 56199 56214 ,666229 377516 949615 93445 399707 947684 688437 658095 399964 830726 ,43673 50503 50985 54165 54912 54937 55936 56199 56214 56741 
503119 866534 45622 900730 829774 740409 495155 732250 453363 874499 ,48664 59966 60565 62208 63655 63949 64132 64233 64791 65640 ,503119 866534 45622 900730 829774 740409 732250 453363 874499 908160 ,48664 59966 60565 62208 63655 63949 64233 64791 65640 65841 
238285 858952 253853 968234 539828 811321 147498 44590 38570 610344 ,49221 50543 53803 55646 57584 59247 59602 62063 62078 62937 ,238285 858952 253853 968234 539828 811321 147498 44590 38570 610344 ,49221 50543 53803 55646 57584 59247 59602 62063 62078 62937 
295468 73999 35436 33539 24929 129731 712647 296441 459928 341277 ,60169 91011 101381 104232 108158 109165 109493 111312 111830 111947 ,73999 35436 33539 24929 129731 712647 296441 459928 341277 219263 ,91011 101381 104232 108158 109165 109493 111312 111830 111947 112918 
297003 441804 453575 289718 120521 496532 466595 466589 983495 348233 ,34519 39925 51072 51466 52036 53936 54613 56623 57323 58085 ,297003 441804 453575 289718 120521 496532 466595 466589 983495 348233 ,34519 39925 51072 51466 52036 53936 54613 56623 57323 58085 
276063 86787 155097 187072 319323 404 687983 757291 470918 850201 ,55240 56199 62572 63697 66872 68319 68859 71063 75353 76038 ,276063 86787 155097 187072 319323 404 687983 757291 470918 850201 ,55240 56199 62572 63697 66872 68319 68859 71063 75353 76038 
62440 469672 378003 143412 378443 140754 140490 292210 715694 60216 ,19221 21957 23851 24525 24620 24840 24862 27686 28943 29406 ,62440 469672 378003 143412 378443 140754 140490 292210 715694 60216 ,19221 21957 23851 24525 24620 24840 24862 27686 28943 29406 
425875 920351 822209 658881 922744 828231 769365 399693 793030 164095 ,49929 54465 56186 58891 63206 65637 67344 67649 69254 69686 ,425875 920351 822209 658881 922744 828231 769365 399693 793030 560224 ,49929 54465 56186 58891 63206 65637 67344 67649 69254 70820 
542645 513458 880549 919884 217835 554045 897286 996851 340275 571474 ,27215 28199 28270 28719 31529 32400 33377 33467 34103 35073 ,542645 513458 880549 919884 217835 554045 897286 996851 340275 571474 ,27215 28199 28270 28719 31529 32400 33377 33467 34103 35073 
794359 759702 732465 804585 572108 730014 411621 231386 262027 9986 ,51120 60342 62673 63059 63616 64208 64343 65641 66672 66767 ,794359 759702 732465 804585 572108 730014 411621 231386 262027 9986 ,51120 60342 62673 63059 63616 64208 64343 65641 66672 66767 
207501 886142 448306 888679 190635 477514 619821 540422 952642 754009 ,14044 14713 15279 16044 16327 16478 17393 17394 17773 18376 ,207501 448306 888679 190635 477514 619821 540422 952642 754009 960245 ,14044 15279 16044 16327 16478 17393 17394 17773 18376 18881 
467867 466650 20768 439242 427850 580542 570244 992381 164055 806095 ,33931 37567 38379 39768 41449 42896 43066 43279 43517 43668 ,467867 466650 20768 427850 580542 570244 992381 164055 806095 469111 ,33931 37567 38379 41449 42896 43066 43279 43517 43668 43954 
316688 355514 869428 483831 19681 908684 759295 113351 103391 885548 ,47845 51716 53242 64914 66964 67855 68976 72550 72821 74376 ,316688 355514 869428 483831 19681 908684 759295 113351 103391 885548 ,47845 51716 53242 64914 66964 67855 68976 72550 72821 74376 
919967 145638 414713 890741 984917 657186 254651 494747 793605 568193 ,59095 59301 65490 73187 81776 83231 84554 85167 86254 86389 ,919967 145638 414713 890741 984917 657186 254651 494747 793605 568193 ,59095 59301 65490 73187 81776 83231 84554 85167 86254 86389 
855093 783854 187652 676331 907132 884539 226969 555935 900098 461284 ,65020 70721 81301 84158 84830 87310 91241 94937 96532 97050 ,855093 783854 187652 676331 907132 884539 226969 555935 900098 461284 ,65020 70721 81301 84158 84830 87310 91241 94937 96532 97050 
610272 182020 275110 496098 783894 164003 990358 399288 174539 873979 ,50756 65480 76377 80091 82515 83240 83785 84458 85653 86674 ,610272 182020 275110 496098 783894 164003 990358 399288 174539 873979 ,50756 65480 76377 80091 82515 83240 83785 84458 85653 86674 
714179 36169 759166 523151 135836 220624 105244 102086 772117 826888 ,55146 58633 61062 63628 63946 65273 65561 67295 67510 67610 ,714179 36169 759166 523151 135836 220624 105244 102086 772117 826888 ,55146 58633 61062 63628 63946 65273 65561 67295 67510 67610 
276416 565748 790997 605854 990822 689646 241185 520434 7734 177228 ,71665 72077 72842 76464 77287 78720 79596 79893 80722 82081 ,276416 565748 790997 605854 990822 689646 241185 520434 7734 177228 ,71665 72077 72842 76464 77287 78720 79596 79893 80722 82081 
600758 8828 710408 472032 958804 16722 977755 508136 518326 101597 ,34478 57002 64343 66416 68258 72064 76060 77511 78370 82144 ,600758 8828 710408 472032 958804 16722 977755 508136 518326 101597 ,34478 57002 64343 66416 68258 72064 76060 77511 78370 82144 
477288 681891 646358 962731 187936 797668 182203 44221 600877 852024 ,36590 48559 49298 50071 51829 51925 52110 52816 53823 54721 ,477288 681891 646358 962731 187936 797668 182203 44221 600877 852024 ,36590 48559 49298 50071 51829 51925 52110 52816 53823 54721 
866670 966584 523615 694258 27867 807157 663489 313976 94213 413863 ,54297 54454 60064 60876 61249 61617 62299 64408 65045 65355 ,866670 966584 523615 694258 27867 663489 313976 94213 413863 450321 ,54297 54454 60064 60876 61249 62299 64408 65045 65355 65974 
952858 6997 445516 769318 448186 191254 809862 446751 446774 952643 ,3561 4591 4612 4811 5384 5699 5783 6235 6255 6348 ,952858 6997 445516 769318 448186 191254 809862 446751 446774 952643 ,3561 4591 4612 4811 5384 5699 5783 6235 6255 6348 
554690 554975 987651 795998 693922 158331 127415 966465 106481 900153 ,58400 62458 62575 65486 66666 67553 67571 67813 67828 68973 ,554690 795998 693922 900153 228744 942700 536858 611660 195335 850201 ,58400 65486 66666 68973 70421 74065 77930 79421 80719 82186 
271893 192865 667994 450491 812022 375995 873343 556155 773498 375233 ,32510 39197 42191 47135 48856 49029 50287 50535 51287 52871 ,271893 192865 667994 450491 812022 375995 873343 556155 773498 375233 ,32510 39197 42191 47135 48856 49029 50287 50535 51287 52871 
892590 77390 797118 187147 889980 711504 654768 826981 838736 759540 ,33777 40838 43966 51629 54510 55465 58611 61168 61439 61901 ,892590 77390 797118 187147 889980 711504 654768 826981 838736 759540 ,33777 40838 43966 51629 54510 55465 58611 61168 61439 61901 
610267 610307 610838 610113 9647 238013 992875 610716 658780 594256 ,26020 33555 36247 40488 45863 45917 48441 49694 50352 51080 ,610307 610113 238013 658780 545005 991871 616028 491935 406244 947094 ,33555 40488 45917 50352 52300 53472 53959 55673 55883 57323 
477069 144031 873627 332635 775101 402554 664523 613985 611600 758556 ,81692 100611 102963 108898 109004 112670 114950 116243 116281 119415 ,477069 144031 873627 332635 775101 402554 664523 613985 611600 758556 ,81692 100611 102963 108898 109004 112670 114950 116243 116281 119415 
612376 611250 611224 161037 402833 861735 404297 15410 699544 353629 ,41983 46569 56066 58797 58917 60713 60856 61205 61384 61570 ,612376 611250 611224 161037 402833 861735 404297 15410 699544 353629 ,41983 46569 56066 58797 58917 60713 60856 61205 61384 61570 
610161 611038 610552 611033 609945 141102 620318 646574 646295 199716 ,7325 22332 22972 23223 29661 34917 35169 35199 36709 37011 ,278532 649230 584858 373789 892463 995209 766916 852403 759887 576133 ,37011 38247 53263 53651 54580 55561 55772 55955 55968 56954 
848871 235018 271940 3186 839347 766224 5764 897250 538354 554218 ,51365 93886 108907 118486 122519 123582 124910 129836 133192 143946 ,848871 235018 271940 3186 839347 766224 5764 897250 538354 554218 ,51365 93886 108907 118486 122519 123582 124910 129836 133192 143946 
594909 809594 378524 396010 213790 410993 62538 347364 149374 421151 ,82113 82508 82944 90486 96907 97575 98224 98615 101542 102976 ,594909 809594 378524 396010 213790 410993 62538 347364 149374 421151 ,82113 82508 82944 90486 96907 97575 98224 98615 101542 102976 
916971 49705 375551 116660 664287 651848 430074 416393 908684 248617 ,21791 25713 25822 28473 30729 34621 35559 37639 37783 38183 ,916971 49705 375551 116660 664287 651848 430074 416393 908684 248617 ,21791 25713 25822 28473 30729 34621 35559 37639 37783 38183 
332481 372816 963466 33364 626028 259931 191320 197132 577288 624564 ,54315 60409 61202 61927 62397 63119 64891 66276 67392 67503 ,332481 372816 963466 33364 626028 259931 191320 197132 577288 624564 ,54315 60409 61202 61927 62397 63119 64891 66276 67392 67503 
409354 149836 13936 173688 139642 627331 660226 108210 612053 805377 ,85298 85344 89047 89722 91190 91834 95616 96516 97310 99422 ,409354 149836 13936 173688 139642 627331 660226 108210 612053 805377 ,85298 85344 89047 89722 91190 91834 95616 96516 97310 99422 
795101 148557 169564 55861 82788 846890 763121 503970 206785 762986 ,38166 38233 39032 39238 41619 43019 43235 44414 44663 44682 ,169564 503970 762986 2104 543207 850356 889708 799540 174371 854371 ,39032 44414 44682 45563 45996 46031 46552 47119 47289 47360 
613556 64742 630198 588835 65111 584693 584613 497919 753036 2961 ,58729 62609 73671 73769 74865 75344 76228 76350 78059 79192 ,613556 64742 630198 588835 65111 584693 584613 497919 753036 2961 ,58729 62609 73671 73769 74865 75344 76228 76350 78059 79192 
39550 771490 747343 698102 454142 294759 632019 585444 51032 248686 ,57776 59640 72129 74469 76903 77901 78245 78542 78674 79242 ,39550 771490 747343 698102 454142 294759 632019 585444 51032 248686 ,57776 59640 72129 74469 76903 77901 78245 78542 78674 79242 
611664 788930 910873 736299 122377 292627 555021 744373 444290 4914 ,5568 24717 32352 35319 37932 38824 39664 40117 40515 40637 ,611664 788930 910873 736299 122377 292627 555021 744373 444290 4914 ,5568 24717 32352 35319 37932 38824 39664 40117 40515 40637 
97240 509326 75201 497886 217864 237308 522438 194096 664590 24168 ,45732 54346 55449 56146 56518 57183 58126 58256 58331 60082 ,97240 75201 497886 217864 237308 522438 194096 664590 24168 768892 ,45732 55449 56146 56518 57183 58126 58256 58331 60082 63446 
470857 760145 626038 666424 256352 984413 639959 955020 40300 227528 ,81338 87826 89192 92315 98259 98581 101199 102235 104529 104838 ,470857 760145 626038 666424 256352 984413 639959 40300 227528 936538 ,81338 87826 89192 92315 98259 98581 101199 104529 104838 104894 
665159 327374 955219 411257 737144 695218 203419 882896 621718 979874 ,88868 93236 95866 102139 112780 122132 129784 131376 131618 132167 ,665159 327374 955219 411257 737144 695218 203419 882896 979874 195350 ,88868 93236 95866 102139 112780 122132 129784 131376 132167 133210 
611237 744178 736976 741505 716906 586262 744105 613791 827684 412388 ,32988 52317 54556 57182 57293 59581 66374 69163 70680 70717 ,611237 744178 736976 741505 716906 586262 744105 613791 827684 412388 ,32988 52317 54556 57182 57293 59581 66374 69163 70680 70717 
215626 603171 471526 191968 894909 2799 326631 821969 971537 211895 ,57305 65012 65595 66664 69703 70430 73729 74936 76022 78536 ,215626 603171 471526 191968 894909 2799 326631 821969 971537 211895 ,57305 65012 65595 66664 69703 70430 73729 74936 76022 78536 
889980 722656 892590 764800 797118 764977 77390 453128 976906 793829 ,36146 51476 52497 55411 56156 56793 57446 58568 58911 61164 ,889980 722656 892590 764800 797118 764977 77390 453128 976906 793829 ,36146 51476 52497 55411 56156 56793 57446 58568 58911 61164 
125274 221876 575390 753691 831970 592430 583066 413751 981462 563867 ,117733 119456 124199 124848 125255 125982 126002 127560 127945 129780 ,125274 221876 575390 753691 831970 592430 583066 413751 981462 563867 ,117733 119456 124199 124848 125255 125982 126002 127560 127945 129780 
802942 895222 107997 734182 449853 861157 145993 49045 743419 373635 ,62095 67745 73305 73827 76569 77842 78181 78452 78600 80592 ,802942 895222 107997 734182 449853 861157 145993 49045 743419 40257 ,62095 67745 73305 73827 76569 77842 78181 78452 78600 80895 
871806 597500 704204 288402 611509 211360 765795 671021 329385 819222 ,62426 64473 96294 100265 101934 102283 102985 103613 103861 105276 ,871806 597500 704204 288402 611509 211360 765795 671021 819222 524375 ,62426 64473 96294 100265 101934 102283 102985 103613 105276 105896 
613052 612587 612529 613296 613757 611536 612219 840516 257830 514898 ,17036 21744 22188 22837 37166 37790 38163 40300 41091 41412 ,613052 612587 612529 613296 613757 611536 612219 840516 514898 612911 ,17036 21744 22188 22837 37166 37790 38163 40300 41412 41494 
611299 740802 713054 154789 324723 854131 204855 269133 479662 518651 ,30661 36996 39518 44423 47372 48121 48977 48977 50993 51188 ,611299 740802 713054 324723 854131 204855 269133 479662 518651 432392 ,30661 36996 39518 47372 48121 48977 48977 50993 51188 51760 
673309 838091 623426 962369 567457 26999 568169 993686 567421 558023 ,28353 29283 33183 33420 37256 38707 39091 39386 39852 42015 ,673309 838091 623426 962369 567457 26999 568169 993686 567421 558023 ,28353 29283 33183 33420 37256 38707 39091 39386 39852 42015 
572436 58974 460303 451519 865503 360657 961928 674898 383373 324000 ,127243 135164 149585 154441 155019 155773 160158 160420 161709 162607 ,572436 58974 460303 451519 865503 360657 961928 674898 383373 324000 ,127243 135164 149585 154441 155019 155773 160158 160420 161709 162607 
129296 953295 172317 90645 139548 383200 78759 599698 212198 242904 ,123253 129009 138977 140665 140665 143056 143757 144054 146475 148444 ,129296 953295 172317 90645 139548 383200 78759 599698 212198 242904 ,123253 129009 138977 140665 140665 143056 143757 144054 146475 148444 
49150 694203 61973 414491 333905 939334 38030 93244 680210 228199 ,94400 120221 126002 131355 131444 132205 133118 133190 134544 135388 ,49150 694203 61973 333905 939334 38030 93244 680210 228199 621519 ,94400 120221 126002 131444 132205 133118 133190 134544 135388 136000 
738030 448357 802321 677361 991794 692886 50092 930253 536367 383531 ,70164 79809 80501 81125 83212 88451 90445 90795 91934 92146 ,738030 448357 802321 677361 991794 692886 50092 930253 536367 383531 ,70164 79809 80501 81125 83212 88451 90445 90795 91934 92146 
153631 321821 271258 7948 364539 566982 757653 517689 969622 5299 ,76292 76599 79631 83147 84388 84852 87474 87577 88613 89504 ,153631 321821 271258 7948 364539 566982 757653 517689 969622 5299 ,76292 76599 79631 83147 84388 84852 87474 87577 88613 89504 
780329 68075 941538 440175 331899 797451 467577 933823 536494 662616 ,104739 106000 111374 115276 115546 116868 118166 121010 123414 124841 ,780329 68075 941538 440175 331899 467577 933823 536494 662616 945609 ,104739 106000 111374 115276 115546 118166 121010 123414 124841 126962 
719648 693516 98840 880650 354239 467349 151470 772276 471087 14566 ,60219 62983 78191 79378 79744 80332 80368 82381 83213 83479 ,719648 693516 98840 880650 354239 467349 151470 772276 471087 14566 ,60219 62983 78191 79378 79744 80332 80368 82381 83213 83479 
612876 920975 157160 503891 273059 182457 273147 156320 259566 193365 ,65857 74568 76094 78532 78917 79631 81456 81774 83541 83554 ,612876 920975 157160 503891 273059 182457 273147 259566 193365 993789 ,65857 74568 76094 78532 78917 79631 81456 83541 83554 84955 
612468 997088 612439 666720 992550 837433 373874 899261 672629 132520 ,31915 37535 38820 40188 45805 47909 48545 50946 54443 57926 ,612468 666720 992550 899261 961017 791316 709920 674236 881684 993155 ,31915 40188 45805 50946 59673 65960 67808 70917 71281 72866 
453129 748656 320027 484031 612736 469826 277244 582121 547234 937897 ,78873 86365 93198 96160 96821 98374 98457 98966 99513 99624 ,453129 748656 320027 484031 612736 469826 277244 582121 547234 937897 ,78873 86365 93198 96160 96821 98374 98457 98966 99513 99624 
659414 145431 148304 659833 589064 65463 504218 334341 22195 101118 ,94249 103935 104780 116345 116959 121373 122464 123094 124930 125936 ,659414 145431 148304 659833 589064 65463 504218 334341 22195 101118 ,94249 103935 104780 116345 116959 121373 122464 123094 124930 125936 
760672 689365 583194 740410 143092 794920 402046 110847 552653 861756 ,78202 88790 103939 104890 106255 106940 110518 112362 115125 117211 ,760672 689365 583194 740410 143092 794920 402046 110847 552653 861756 ,78202 88790 103939 104890 106255 106940 110518 112362 115125 117211 
792780 886418 640126 994421 275820 927952 640570 766018 997169 667877 ,28122 43095 44468 46475 46892 47017 47406 48384 48763 49139 ,792780 886418 640126 994421 275820 927952 640570 766018 997169 667877 ,28122 43095 44468 46475 46892 47017 47406 48384 48763 49139 
941261 512290 525240 61520 518504 386729 869842 966787 701763 162793 ,81332 89669 97832 98188 99950 100649 102029 102242 102313 104694 ,941261 512290 525240 61520 518504 386729 869842 966787 701763 162793 ,81332 89669 97832 98188 99950 100649 102029 102242 102313 104694 
706901 484867 391506 872932 484710 4485 947002 224999 805301 245787 ,71616 83825 85203 86722 87238 87508 88464 88947 89380 90938 ,706901 484867 391506 872932 4485 947002 224999 805301 245787 36339 ,71616 83825 85203 86722 87508 88464 88947 89380 90938 91509 
972885 704593 566919 182039 752372 912520 920437 455616 496572 819537 ,58433 60768 70864 74153 74538 75042 75223 76063 76548 79034 ,972885 704593 566919 182039 752372 912520 920437 455616 496572 819537 ,58433 60768 70864 74153 74538 75042 75223 76063 76548 79034 
719686 259093 91983 389419 549722 835648 177605 514207 35513 233492 ,69327 69534 71039 73599 76931 77348 77898 79978 80059 80175 ,719686 259093 91983 389419 549722 835648 177605 514207 35513 233492 ,69327 69534 71039 73599 76931 77348 77898 79978 80059 80175 
614701 605466 469586 287694 988673 753399 474437 520568 919180 585357 ,59295 63386 66654 72786 74973 75209 75935 77028 77647 78208 ,614701 605466 469586 287694 988673 753399 474437 520568 919180 585357 ,59295 63386 66654 72786 74973 75209 75935 77028 77647 78208 
888137 253786 978075 688978 297280 957298 981861 478031 471043 38197 ,96766 106705 107889 109879 111469 112369 114428 114988 115260 115453 ,888137 253786 978075 688978 297280 957298 981861 478031 471043 38197 ,96766 106705 107889 109879 111469 112369 114428 114988 115260 115453 
639709 3462 459758 635685 293502 169921 130151 168363 237014 152707 ,61011 62440 64621 64940 65557 65892 66863 67649 67857 67876 ,639709 3462 459758 635685 293502 169921 130151 168363 237014 152707 ,61011 62440 64621 64940 65557 65892 66863 67649 67857 67876 
301034 744744 989250 909106 616694 179598 498545 204884 220677 453169 ,69924 75945 79142 79947 80742 81574 81684 82368 83160 85178 ,301034 744744 989250 909106 616694 179598 498545 204884 220677 453169 ,69924 75945 79142 79947 80742 81574 81684 82368 83160 85178 
927231 941975 3009 948628 303734 2890 543108 179850 522677 170644 ,86699 87102 89696 90263 91226 92135 93873 94925 96959 97175 ,927231 941975 3009 948628 303734 2890 543108 179850 522677 170644 ,86699 87102 89696 90263 91226 92135 93873 94925 96959 97175 
604725 774676 553982 830169 27526 830177 192364 605099 406983 666400 ,33821 34679 34778 36049 36649 36800 36934 37601 38401 38714 ,995950 655351 10492 821302 830880 612443 972601 898028 863567 925805 ,43469 46704 47737 49406 50611 50691 50943 51455 51549 51838 
148688 9836 976783 133489 841583 27753 41901 138884 102458 546297 ,58554 60495 63334 64891 65803 66692 68119 68548 70354 71394 ,148688 9836 976783 133489 841583 27753 41901 138884 102458 546297 ,58554 60495 63334 64891 65803 66692 68119 68548 70354 71394 
172111 320192 515253 344444 515050 405697 288037 386922 280174 991882 ,94824 96060 96348 97366 98296 102828 102839 104380 105389 105476 ,172111 320192 515253 344444 515050 405697 288037 386922 280174 991882 ,94824 96060 96348 97366 98296 102828 102839 104380 105389 105476 
116345 125211 182617 64584 681529 630053 400540 220378 841223 232766 ,68398 69738 71193 72830 73980 74096 74492 74756 75000 75012 ,116345 125211 182617 64584 681529 630053 400540 220378 841223 232766 ,68398 69738 71193 72830 73980 74096 74492 74756 75000 75012 
485326 484618 483970 607273 726511 188861 724993 724821 520055 256786 ,56220 57014 62937 63779 66581 66714 69013 70369 71023 71443 ,485326 484618 483970 607273 726511 188861 724821 520055 256786 107383 ,56220 57014 62937 63779 66581 66714 70369 71023 71443 72347 
557823 801059 463934 99718 712709 554474 525009 308637 329661 426874 ,95092 95145 102919 104904 105425 109539 109764 109916 114225 117126 ,557823 801059 463934 99718 712709 554474 525009 308637 329661 426874 ,95092 95145 102919 104904 105425 109539 109764 109916 114225 117126 
901067 844970 569135 131908 579702 30457 798033 990639 612720 136500 ,70802 123780 152992 171155 179566 185047 195866 204361 221621 227153 ,901067 844970 569135 131908 579702 30457 798033 990639 612720 136500 ,70802 123780 152992 171155 179566 185047 195866 204361 221621 227153 
868004 386100 573295 462645 997091 881098 850101 632681 952372 394164 ,56564 60949 61969 62731 62777 64018 64087 65129 65269 65682 ,868004 386100 573295 462645 997091 881098 850101 632681 952372 394164 ,56564 60949 61969 62731 62777 64018 64087 65129 65269 65682 
151963 548006 904157 894346 318266 412064 30543 589845 639338 584132 ,51686 64562 66557 68144 68625 69019 73298 73899 75017 76220 ,151963 548006 904157 894346 318266 412064 30543 589845 639338 584132 ,51686 64562 66557 68144 68625 69019 73298 73899 75017 76220 
227817 930192 204895 105674 868698 604016 162146 401300 973678 941222 ,123904 124378 128471 133846 136458 137414 138771 141187 141484 142915 ,227817 930192 204895 105674 868698 604016 162146 401300 973678 941222 ,123904 124378 128471 133846 136458 137414 138771 141187 141484 142915 
486448 386780 334095 198644 277460 350371 402283 898386 142648 468098 ,74382 86563 90234 92646 92646 92794 93686 94755 95888 96456 ,386780 350371 402283 898386 142648 528257 29532 194260 885090 963335 ,86563 92794 93686 94755 95888 96594 96809 97370 97873 98299 
999412 372239 372758 48563 944075 998302 34096 488728 491269 160385 ,63190 66993 73755 75655 78765 79206 79699 80892 83187 83739 ,999412 372239 372758 48563 944075 998302 34096 488728 491269 160385 ,63190 66993 73755 75655 78765 79206 79699 80892 83187 83739 
614224 475508 880306 935759 76273 777686 829674 788202 15372 877982 ,45339 83785 89564 90227 90423 93235 94230 95394 97144 98654 ,614224 475508 880306 935759 76273 777686 829674 788202 15372 877982 ,45339 83785 89564 90227 90423 93235 94230 95394 97144 98654 
381782 590418 655253 255895 890192 592627 944686 938183 215926 106294 ,78645 82919 85491 86745 89180 89700 90027 90501 90821 91208 ,381782 590418 655253 255895 890192 592627 944686 938183 215926 106294 ,78645 82919 85491 86745 89180 89700 90027 90501 90821 91208 
549429 82183 122870 846098 262710 499611 122317 538728 426094 634519 ,29053 34794 35252 37919 42476 42613 44951 46264 46426 46440 ,549429 82183 122870 846098 262710 499611 122317 538728 426094 634519 ,29053 34794 35252 37919 42476 42613 44951 46264 46426 46440 
226991 351592 179493 170275 264607 903055 342594 619986 740480 122647 ,66290 68885 73433 78799 81352 83155 86820 91238 94388 94408 ,226991 351592 179493 170275 264607 903055 342594 619986 740480 122647 ,66290 68885 73433 78799 81352 83155 86820 91238 94388 94408 
608742 542816 19895 111326 625746 297467 463831 166461 280858 288792 ,77938 90733 91963 92088 94204 94644 95072 96125 96789 97035 ,608742 542816 19895 625746 297467 463831 166461 280858 288792 786866 ,77938 90733 91963 94204 94644 95072 96125 96789 97035 99485 
474224 724726 280784 594008 369579 576067 922090 100939 972568 427672 ,59399 60925 63324 63466 63805 64023 65593 65823 66123 67239 ,474224 724726 280784 594008 369579 576067 922090 100939 972568 427672 ,59399 60925 63324 63466 63805 64023 65593 65823 66123 67239 
153935 389808 739139 389822 80191 669785 264743 79415 50957 94820 ,32397 32490 32546 32549 33494 33670 34417 35021 35105 35428 ,153935 389808 739139 389822 80191 669785 264743 79415 50957 94820 ,32397 32490 32546 32549 33494 33670 34417 35021 35105 35428 
996571 541375 373860 900805 952858 447173 445852 809862 814576 849383 ,7505 8259 8658 8928 9331 9580 9858 10117 10313 10344 ,996571 541375 373860 900805 952858 447173 445852 809862 814576 849383 ,7505 8259 8658 8928 9331 9580 9858 10117 10313 10344 
374085 853147 373852 652821 373915 755592 446754 763278 447338 651671 ,5814 6116 7000 7523 8814 9302 9602 10466 10634 10691 ,374085 853147 373852 652821 373915 755592 446754 763278 447338 651671 ,5814 6116 7000 7523 8814 9302 9602 10466 10634 10691 
757324 753539 962511 669449 375016 375379 61522 669167 986888 812511 ,39135 43576 44439 44547 45461 46182 46361 48385 48405 48409 ,757324 753539 962511 669449 375016 375379 61522 986888 812511 671819 ,39135 43576 44439 44547 45461 46182 46361 48405 48409 49453 
662725 694728 933947 488761 411057 324330 547091 337021 237004 20707 ,58617 71539 76452 77656 78017 80155 81125 81401 82204 82546 ,662725 694728 933947 488761 411057 324330 547091 337021 237004 20707 ,58617 71539 76452 77656 78017 80155 81125 81401 82204 82546 
205213 993434 277726 522530 785069 983453 281264 278113 338568 667531 ,39444 42758 46631 48407 48721 49188 49323 50556 51038 51199 ,205213 993434 277726 522530 785069 983453 281264 338568 667531 904867 ,39444 42758 46631 48407 48721 49188 49323 51038 51199 54969 
296299 637551 421998 101338 746399 681887 773404 290814 486146 397212 ,33477 36047 37722 39332 39945 41250 41747 44304 46487 47993 ,296299 637551 421998 101338 746399 681887 773404 290814 486146 397212 ,33477 36047 37722 39332 39945 41250 41747 44304 46487 47993 
656852 957684 90504 277726 978498 701009 839077 532440 278460 100444 ,56772 58359 60516 61334 62747 63680 64129 64885 67065 67755 ,656852 957684 90504 277726 978498 701009 532440 278460 100444 228937 ,56772 58359 60516 61334 62747 63680 64885 67065 67755 68924 
795361 855557 150706 492282 4717 18858 72636 903475 354566 283392 ,65485 70678 80476 81805 89107 90425 90600 91372 92467 94188 ,795361 855557 150706 492282 4717 72636 903475 354566 283392 229496 ,65485 70678 80476 81805 89107 90600 91372 92467 94188 94685 
77848 946015 475264 216340 920723 349344 454011 52119 478673 11614 ,53066 56051 62028 63579 64535 67673 69484 71184 72671 72982 ,77848 946015 475264 216340 920723 349344 454011 52119 478673 11614 ,53066 56051 62028 63579 64535 67673 69484 71184 72671 72982 
7166 400572 133477 27681 853624 471143 789890 915926 609771 43945 ,30761 34107 37689 40781 42326 43057 44776 45013 45682 46421 ,7166 400572 133477 27681 853624 471143 789890 915926 609771 43945 ,30761 34107 37689 40781 42326 43057 44776 45013 45682 46421 
444860 852239 867730 857459 443324 853635 768804 985439 225299 984373 ,10957 13080 13694 17016 17349 20932 22372 24580 26846 31093 ,444860 852239 867730 857459 443324 853635 768804 985439 225299 984373 ,10957 13080 13694 17016 17349 20932 22372 24580 26846 31093 
68377 179133 180385 730056 5758 122747 94526 4724 48483 204952 ,38812 40914 49474 49710 49910 50319 50705 51108 53565 53727 ,68377 179133 180385 730056 5758 122747 94526 4724 48483 204952 ,38812 40914 49474 49710 49910 50319 50705 51108 53565 53727 
849653 302337 894693 52832 444033 110698 159340 348517 73529 187629 ,48527 49748 56820 59619 62619 63718 66044 66718 66919 68005 ,849653 302337 894693 52832 444033 110698 159340 348517 73529 187629 ,48527 49748 56820 59619 62619 63718 66044 66718 66919 68005 
56273 477629 645717 546598 574221 510007 616835 919497 452839 944604 ,24276 37218 41780 42018 48568 52011 52736 52806 52828 53545 ,56273 477629 645717 574221 616835 919497 452839 944604 479173 56245 ,24276 37218 41780 48568 52736 52806 52828 53545 53700 55975 
425282 609149 276151 197008 469624 848858 663621 937028 160784 65563 ,39852 53035 55016 55567 56186 57288 58058 58491 59805 60219 ,425282 276151 197008 469624 848858 663621 160784 65563 102716 52113 ,39852 55016 55567 56186 57288 58058 59805 60219 61010 61358 
235144 547528 336682 670164 429627 430138 653204 159174 278975 350635 ,37002 39120 40698 41510 43324 44547 45775 45886 45961 46017 ,235144 547528 336682 670164 429627 430138 653204 278975 350635 307753 ,37002 39120 40698 41510 43324 44547 45775 45961 46017 46529 
114485 343767 534844 189174 31401 389328 559668 445104 615407 485769 ,81760 92331 93309 93483 97684 99792 100685 101009 101254 101452 ,343767 534844 189174 31401 389328 559668 445104 615407 25801 159211 ,92331 93309 93483 97684 99792 100685 101009 101254 101528 102594 
47362 162053 613165 376153 987344 548077 927850 214515 169412 550058 ,100903 108105 108939 109134 109806 121468 122251 123467 124167 125533 ,47362 162053 613165 376153 987344 548077 927850 214515 169412 550058 ,100903 108105 108939 109134 109806 121468 122251 123467 124167 125533 
838872 338924 783952 880587 171646 88559 41145 962339 185158 827108 ,63929 74468 75940 76145 77279 77327 78077 78186 78327 78837 ,838872 338924 783952 880587 171646 88559 41145 962339 185158 827108 ,63929 74468 75940 76145 77279 77327 78077 78186 78327 78837 
826305 856060 911346 997178 851406 873692 856988 853167 103709 824121 ,21919 24233 24507 25514 25974 26521 26805 27031 27124 27252 ,826305 856060 911346 997178 851406 873692 856988 853167 103709 824121 ,21919 24233 24507 25514 25974 26521 26805 27031 27124 27252 
534601 228642 2052 776054 567232 533412 936807 569977 842129 947357 ,88191 92694 98533 106899 113045 113432 116994 117410 119038 119192 ,534601 228642 2052 776054 567232 533412 936807 569977 842129 947357 ,88191 92694 98533 106899 113045 113432 116994 117410 119038 119192 
809683 5788 230031 896305 538257 542214 878025 520784 829714 472033 ,33436 37099 48288 48581 49393 53133 54064 55093 62971 65882 ,809683 5788 230031 896305 538257 542214 878025 520784 829714 472033 ,33436 37099 48288 48581 49393 53133 54064 55093 62971 65882 
76867 504476 227012 607088 490008 664778 576957 409862 633030 522031 ,78956 84339 84906 86268 89682 92604 96620 99984 100410 100603 ,76867 504476 227012 607088 490008 664778 576957 409862 633030 522031 ,78956 84339 84906 86268 89682 92604 96620 99984 100410 100603 
997058 607924 190693 885672 846138 873721 915620 191116 606701 855866 ,23840 24062 24999 25320 25364 26130 26546 26708 27113 27621 ,997058 607924 190693 885672 846138 873721 915620 191116 606701 855866 ,23840 24062 24999 25320 25364 26130 26546 26708 27113 27621 
773285 762348 774751 581644 773403 848774 404378 853467 536288 964017 ,49840 51651 55445 56293 58374 59106 61801 62564 62667 63229 ,774751 581644 853467 750630 225099 763493 857795 298505 900730 286366 ,55445 56293 62564 68289 69573 70710 71980 72278 73290 73732 
41063 519043 807663 70630 555636 569178 311503 340342 950998 737200 ,35252 38375 40306 41447 47601 47645 47681 47775 48460 49087 ,41063 519043 807663 70630 555636 569178 311503 340342 950998 737200 ,35252 38375 40306 41447 47601 47645 47681 47775 48460 49087 
627302 702292 543053 260629 959798 830507 593869 132331 915456 892804 ,53634 54126 60833 61741 63019 68197 69187 69766 70137 72464 ,627302 702292 543053 260629 959798 830507 593869 132331 915456 892804 ,53634 54126 60833 61741 63019 68197 69187 69766 70137 72464 
756919 375778 839701 392811 810610 852148 217149 462813 36369 357074 ,47294 50364 53390 54479 55558 56076 57246 57842 59347 60525 ,756919 375778 839701 392811 810610 852148 217149 462813 36369 357074 ,47294 50364 53390 54479 55558 56076 57246 57842 59347 60525 
250064 760869 907122 359668 571827 979857 798785 923663 500235 792889 ,40838 41376 44272 45230 45502 47365 50820 52438 52780 52817 ,979857 798785 904776 426231 602284 548416 80831 56363 610454 972287 ,47365 50820 53546 53765 54127 59450 59520 60995 61001 62488 
502178 599066 188794 852093 292025 350511 237417 59542 662628 519439 ,43181 45031 46806 47618 48007 48395 50479 50594 50775 51198 ,502178 599066 188794 852093 292025 350511 237417 59542 662628 519439 ,43181 45031 46806 47618 48007 48395 50479 50594 50775 51198 
521160 808949 812532 59394 683283 667147 50340 755242 753871 597316 ,18316 24147 25043 26403 26978 27535 27711 27784 27924 28664 ,521160 808949 59394 683283 667147 50340 755242 753871 597316 708124 ,18316 24147 26403 26978 27535 27711 27784 27924 28664 28784 
720708 422983 834700 467095 927234 524905 903803 432879 169945 952633 ,56134 63477 66411 67191 67308 67446 67528 68985 69093 69616 ,720708 422983 834700 467095 927234 524905 903803 432879 169945 952633 ,56134 63477 66411 67191 67308 67446 67528 68985 69093 69616 
418338 272354 791224 194865 321427 787080 505627 107528 490010 670126 ,68910 69688 71590 72686 79031 79609 80202 82026 82604 83137 ,418338 272354 791224 194865 321427 787080 505627 107528 490010 670126 ,68910 69688 71590 72686 79031 79609 80202 82026 82604 83137 
117942 405154 907864 920197 754285 273047 475070 715930 990407 12723 ,42682 46068 50932 54108 56058 56420 57757 58775 59704 59926 ,405154 907864 990407 833719 206908 19896 196899 590888 744907 736204 ,46068 50932 59704 60288 61267 61372 62100 62616 65060 65484 
189871 427502 5354 560635 823406 139411 697875 31211 748619 343156 ,35386 38548 40656 40957 41009 44195 44374 44383 44933 44953 ,189871 427502 5354 560635 823406 139411 697875 31211 748619 343156 ,35386 38548 40656 40957 41009 44195 44374 44383 44933 44953 
958137 274997 351437 772165 824766 772668 717589 690317 160080 929821 ,55813 64876 67069 68247 68399 68967 70353 70466 71367 71438 ,958137 274997 351437 772165 824766 772668 717589 690317 160080 929821 ,55813 64876 67069 68247 68399 68967 70353 70466 71367 71438 
435841 14566 208989 452670 488432 287660 915571 510190 484530 528827 ,33543 38812 39048 39967 40673 44509 44683 44709 46131 47320 ,435841 208989 452670 488432 287660 510190 484530 528827 322992 100762 ,33543 39048 39967 40673 44509 44709 46131 47320 48793 48805 
732833 29559 311346 902256 137755 903810 561589 327429 356849 477512 ,48226 49081 52989 53753 53883 55112 55320 56508 57071 57701 ,980279 540112 147497 477455 218374 312101 704043 231079 477128 269576 ,66598 68978 70274 71036 73474 73672 75352 76428 76516 77002 
169247 617775 229628 587235 522198 246362 631747 513298 389048 566439 ,40029 42402 42561 46942 48597 48878 49483 49812 50046 50346 ,169247 617775 229628 587235 522198 246362 631747 513298 389048 566439 ,40029 42402 42561 46942 48597 48878 49483 49812 50046 50346 
70954 904441 428106 541205 688541 822794 735947 84369 147500 505176 ,77172 77184 78003 83018 89583 91819 94041 96634 97488 97694 ,70954 904441 428106 541205 688541 822794 735947 84369 147500 505176 ,77172 77184 78003 83018 89583 91819 94041 96634 97488 97694 
955383 904811 863257 930249 739121 787609 226291 225944 916777 856660 ,21968 28248 29306 30043 32520 33829 33973 35420 35620 37176 ,955383 904811 863257 930249 739121 787609 226291 225944 916777 856660 ,21968 28248 29306 30043 32520 33829 33973 35420 35620 37176 
809840 134242 382646 361755 361335 255870 136536 373615 201412 265690 ,60419 64941 67908 69501 70783 71211 76131 85884 87466 87466 ,809840 134242 382646 361755 361335 255870 136536 373615 265690 201412 ,60419 64941 67908 69501 70783 71211 76131 85884 87466 87466 
833349 915470 562750 658583 595059 125978 899654 2039 539289 968648 ,45795 47448 48466 49139 49252 50116 50229 50490 51165 51208 ,833349 562750 658583 595059 125978 899654 2039 539289 968648 277523 ,45795 48466 49139 49252 50116 50229 50490 51165 51208 52605 
540566 572180 721261 559972 43504 788741 740632 63167 57852 694187 ,69947 76496 81128 82089 84415 88159 89874 89946 92227 92688 ,540566 572180 721261 559972 788741 740632 63167 57852 694187 548802 ,69947 76496 81128 82089 88159 89874 89946 92227 92688 92842 
867843 889242 885978 546768 951400 683017 857708 983197 220040 868519 ,19000 31120 42368 42631 42826 44199 48844 49077 49164 52635 ,867843 889242 885978 546768 951400 683017 857708 983197 220040 868519 ,19000 31120 42368 42631 42826 44199 48844 49077 49164 52635 
97354 618355 865729 773061 957530 926561 611828 673743 708012 159370 ,78465 79863 81408 83116 90269 91131 92003 93487 95730 97454 ,97354 618355 865729 773061 957530 926561 611828 673743 708012 159370 ,78465 79863 81408 83116 90269 91131 92003 93487 95730 97454 
857603 483405 1619 826707 723620 676167 962017 741674 509335 895992 ,73510 93467 96634 98034 101063 112746 113301 113699 115300 115369 ,857603 483405 1619 826707 723620 676167 962017 741674 509335 895992 ,73510 93467 96634 98034 101063 112746 113301 113699 115300 115369 
42403 725498 842082 15223 997634 415182 162323 66195 406048 522147 ,47633 54758 55736 57805 58299 59033 60383 60537 60665 60741 ,42403 725498 842082 15223 997634 415182 162323 66195 406048 522147 ,47633 54758 55736 57805 58299 59033 60383 60537 60665 60741 
825871 177157 41208 622629 686113 131301 338179 14783 835360 400418 ,61324 61399 63342 64108 64143 66136 66828 67628 68571 68776 ,825871 177157 41208 622629 686113 131301 338179 14783 835360 400418 ,61324 61399 63342 64108 64143 66136 66828 67628 68571 68776 
620676 579563 911351 355809 345166 620243 14007 357244 220290 668241 ,54879 59834 64875 70707 71564 72962 73383 74471 77093 78667 ,620676 579563 911351 355809 620243 14007 357244 220290 668241 364722 ,54879 59834 64875 70707 72962 73383 74471 77093 78667 79365 
845774 763424 854662 990219 982604 13228 989855 763116 850412 989882 ,25905 32392 37344 38989 39029 39225 39431 39569 39801 39899 ,845774 763424 854662 990219 982604 13228 989855 850412 989882 990162 ,25905 32392 37344 38989 39029 39225 39431 39801 39899 40283 
540445 660204 698781 202982 531929 668233 868000 399484 72989 868698 ,49246 51515 51520 51746 51822 52621 53394 53888 53951 54053 ,540445 660204 698781 202982 531929 668233 868000 399484 72989 868698 ,49246 51515 51520 51746 51822 52621 53394 53888 53951 54053 
902472 224561 857481 868167 61101 573856 902803 869609 257643 771645 ,40269 42234 42812 45944 46126 46892 49727 50870 51400 51651 ,902472 224561 857481 868167 573856 902803 869609 257643 771645 157201 ,40269 42234 42812 45944 46892 49727 50870 51400 51651 51661 
224828 946961 931707 147 207111 985209 861620 947240 998054 112513 ,35530 39786 40847 42768 44907 45762 47116 47293 47395 47563 ,224828 946961 931707 147 207111 985209 861620 947240 998054 112513 ,35530 39786 40847 42768 44907 45762 47116 47293 47395 47563 
40831 620796 868637 655572 837414 140980 265956 965382 763725 244921 ,55964 60210 62426 63104 63733 64115 64283 64341 65303 66791 ,40831 620796 868637 837414 140980 965382 244921 656760 111311 670622 ,55964 60210 62426 63733 64115 64341 66791 67451 69881 72374 
686649 433393 16544 363474 686590 65218 834668 202577 354239 548417 ,51618 55134 57856 60739 61854 62584 62864 63227 63305 63351 ,686649 433393 16544 363474 686590 65218 834668 354239 548417 157428 ,51618 55134 57856 60739 61854 62584 62864 63305 63351 63786 
330659 975847 976322 140976 141925 568552 976037 311261 136890 657046 ,87550 92032 97247 98558 98976 101482 101643 115042 117233 118408 ,330659 975847 976322 140976 141925 568552 976037 311261 136890 657046 ,87550 92032 97247 98558 98976 101482 101643 115042 117233 118408 
773125 773772 973459 114624 234593 963712 828939 668487 336288 372905 ,28430 29380 29930 30031 32247 32258 33233 33465 34000 34241 ,773125 773772 973459 114624 234593 963712 828939 668487 336288 372905 ,28430 29380 29930 30031 32247 32258 33233 33465 34000 34241 
516168 903268 247228 799316 777991 410028 986985 671284 735423 735596 ,48622 53537 53976 56777 56876 57285 59065 59091 59319 59328 ,516168 903268 247228 799316 777991 410028 986985 671284 735423 735596 ,48622 53537 53976 56777 56876 57285 59065 59091 59319 59328 
271491 979372 830621 350054 330616 777040 218890 5737 422864 41893 ,38943 39880 43113 43761 43978 44573 45222 46288 47295 47940 ,271491 979372 830621 350054 330616 777040 218890 5737 422864 41893 ,38943 39880 43113 43761 43978 44573 45222 46288 47295 47940 
708781 423695 684590 923727 711426 272022 126490 491770 213817 192565 ,44744 45998 46895 48165 50573 50787 51921 52252 54645 54722 ,708781 423695 684590 923727 711426 272022 126490 491770 213817 192565 ,44744 45998 46895 48165 50573 50787 51921 52252 54645 54722 
399901 40799 27209 942516 241674 652490 865542 889294 652520 607282 ,46428 48653 50241 51747 53716 55585 56137 56669 57343 57888 ,399901 40799 27209 942516 241674 652490 865542 889294 652520 607282 ,46428 48653 50241 51747 53716 55585 56137 56669 57343 57888 
469985 733136 329886 525968 283950 415429 228573 453510 459567 723745 ,38386 41685 47975 50947 50980 51129 51353 52488 52512 54933 ,469985 733136 329886 525968 283950 415429 228573 459567 723745 442184 ,38386 41685 47975 50947 50980 51129 51353 52512 54933 55300 
103078 755086 916083 264727 720801 199196 841055 360983 359899 251462 ,80686 90276 90282 90944 93100 94582 96053 97123 99228 99770 ,103078 755086 916083 264727 720801 199196 841055 360983 359899 251462 ,80686 90276 90282 90944 93100 94582 96053 97123 99228 99770 
480646 579304 16342 381456 963671 692792 103363 393077 392515 616772 ,75266 78783 78850 79167 79220 81716 82105 83323 84802 85531 ,480646 579304 16342 381456 963671 692792 103363 393077 392515 616772 ,75266 78783 78850 79167 79220 81716 82105 83323 84802 85531 
983413 973446 853564 397435 974720 47357 340802 859944 576919 586072 ,82719 85553 87119 87699 89868 90192 91912 94857 95048 95503 ,983413 973446 853564 397435 974720 47357 340802 859944 576919 586072 ,82719 85553 87119 87699 89868 90192 91912 94857 95048 95503 
111 982949 580971 757652 561355 514461 670944 648 89600 160 ,64877 70225 70597 72329 73845 74111 74208 75399 75982 75990 ,111 982949 580971 561355 514461 670944 648 89600 160 703152 ,64877 70225 70597 73845 74111 74208 75399 75982 75990 76959 
990705 749055 990716 252991 491553 167316 621712 786022 989651 631407 ,46470 52318 52884 55629 59322 59746 62966 63802 63841 64528 ,990705 749055 990716 252991 491553 621712 786022 989651 631407 534073 ,46470 52318 52884 55629 59322 62966 63802 63841 64528 64701 
979645 551164 519472 550816 553442 622531 619861 911448 920786 869132 ,38305 47449 48609 49010 49950 51095 51347 53072 53189 53702 ,979645 551164 519472 550816 553442 622531 911448 920786 869132 526684 ,38305 47449 48609 49010 49950 51095 53072 53189 53702 53938 
755152 851757 852387 208242 405884 986077 11070 886121 880063 886000 ,19851 20000 20695 21593 22967 23667 24172 24427 25327 25816 ,496767 11063 224755 512690 902152 405089 857300 883263 207082 191113 ,26582 26637 27575 27632 27799 27887 28426 28558 28865 28890 
887039 361141 598856 843162 313426 619895 790270 886577 598814 826575 ,67279 69365 71967 72236 73343 77808 78170 79379 80930 81002 ,887039 361141 598856 843162 313426 790270 886577 598814 826575 883454 ,67279 69365 71967 72236 73343 78170 79379 80930 81002 81899 
219749 890885 886957 864468 541444 531690 162053 62538 43808 123330 ,96258 97731 120854 122436 131761 135477 137092 139768 144914 147962 ,219749 890885 886957 864468 541444 531690 162053 62538 43808 123330 ,96258 97731 120854 122436 131761 135477 137092 139768 144914 147962 
191718 505192 197228 665084 455508 353767 586236 137863 895826 822718 ,60748 67419 76663 80112 82365 85296 85358 86699 87600 87719 ,191718 197228 665084 455508 353767 586236 137863 895826 822718 505581 ,60748 76663 80112 82365 85296 85358 86699 87600 87719 87767 
598347 513843 401353 910030 463411 308068 710668 528897 97604 87209 ,73230 106251 108158 108216 116925 127318 132485 136746 137127 141599 ,598347 513843 401353 910030 463411 308068 710668 528897 97604 87209 ,73230 106251 108158 108216 116925 127318 132485 136746 137127 141599 
620945 198999 277815 637815 152248 689841 844208 719395 79810 707410 ,56434 58444 58444 64275 64811 65013 66255 66453 67897 69906 ,277815 198999 637815 152248 689841 844208 719395 79810 707410 344223 ,58444 58444 64275 64811 65013 66255 66453 67897 69906 70554 
736195 687615 484350 665160 248736 157781 64930 766714 181333 248418 ,45724 46533 46602 47085 47518 47737 48162 48458 48515 48818 ,736195 687615 484350 665160 248736 157781 64930 766714 181333 248418 ,45724 46533 46602 47085 47518 47737 48162 48458 48515 48818 
244135 244564 318506 98996 613916 536374 68730 697188 922284 725310 ,31775 33366 37873 37987 41616 41927 42792 43090 43949 44190 ,244135 244564 318506 98996 613916 536374 68730 697188 922284 725310 ,31775 33366 37873 37987 41616 41927 42792 43090 43949 44190 
62537 619145 331084 20391 174013 489139 882953 883653 14992 864010 ,75569 79126 80779 83158 86460 86468 86518 87687 88616 89492 ,62537 619145 331084 20391 174013 489139 882953 883653 14992 864010 ,75569 79126 80779 83158 86460 86468 86518 87687 88616 89492 
271030 685122 772385 775442 402836 474031 966338 255992 552206 822365 ,69468 69812 71553 71889 74328 80992 82035 84622 84857 85369 ,271030 685122 772385 775442 402836 474031 966338 255992 552206 822365 ,69468 69812 71553 71889 74328 80992 82035 84622 84857 85369 
229185 281371 712668 2140 683582 85607 601449 405773 680658 631012 ,68163 68542 72314 76057 77432 78287 78600 81156 83247 83309 ,229185 281371 712668 2140 683582 85607 601449 405773 680658 631012 ,68163 68542 72314 76057 77432 78287 78600 81156 83247 83309 
720867 294056 527490 570628 770976 177943 102044 943629 781457 712258 ,40596 41260 41794 42525 43286 44000 44065 46193 47136 48423 ,720867 294056 527490 570628 770976 177943 102044 943629 781457 712258 ,40596 41260 41794 42525 43286 44000 44065 46193 47136 48423 
856661 856752 914458 858603 877334 910034 903268 117260 957511 836534 ,40933 45093 48592 53712 54973 55383 55978 58267 58863 58911 ,856661 856752 914458 877334 910034 903268 117260 957511 836534 545775 ,40933 45093 48592 54973 55383 55978 58267 58863 58911 60723 
103638 485148 391398 324744 539606 162905 564323 728727 973994 618472 ,77382 83047 83495 84086 86853 87754 88982 89568 89697 89812 ,103638 485148 391398 324744 539606 162905 564323 728727 973994 618472 ,77382 83047 83495 84086 86853 87754 88982 89568 89697 89812 
564316 594635 561202 137863 482092 227104 421803 93968 539997 478673 ,35275 35978 36290 36531 38768 39356 40108 40456 42032 43993 ,564316 594635 561202 137863 482092 227104 421803 93968 539997 478673 ,35275 35978 36290 36531 38768 39356 40108 40456 42032 43993 
773047 338987 8173 345226 340521 342759 689934 663782 103880 756321 ,30008 30529 32610 33545 33640 37755 40260 40302 40391 41728 ,773047 338987 8173 345226 342759 689934 663782 103880 756321 773817 ,30008 30529 32610 33545 37755 40260 40302 40391 41728 42042 
876673 768901 595170 229034 14718 734898 592980 390504 539247 943245 ,64022 74381 106102 117630 121859 133158 136497 136893 137187 137980 ,876673 768901 595170 229034 14718 734898 592980 390504 539247 943245 ,64022 74381 106102 117630 121859 133158 136497 136893 137187 137980 
778522 977548 96924 988640 106890 852675 764631 981890 852712 96624 ,58131 58254 58844 62871 63601 64016 64468 65282 65913 67351 ,977548 96924 988640 106890 852675 764631 981890 96624 257836 765078 ,58254 58844 62871 63601 64016 64468 65282 67351 67745 67881 
46617 452449 394277 986902 520223 891833 236466 227072 75072 140470 ,49716 50716 51587 52967 53527 54507 54557 55137 56083 56250 ,46617 452449 394277 986902 520223 891833 236466 227072 75072 140470 ,49716 50716 51587 52967 53527 54507 54557 55137 56083 56250 
858568 841549 60699 680119 253238 225054 99453 857486 759933 918284 ,69395 85387 89648 92907 93828 95133 97286 97499 100299 102042 ,858568 841549 60699 680119 253238 225054 99453 857486 759933 918284 ,69395 85387 89648 92907 93828 95133 97286 97499 100299 102042 
736551 635024 635173 45683 712978 724774 99273 251064 15564 73897 ,37895 37931 38550 39176 42170 42506 42898 44324 44361 44393 ,736551 635024 635173 45683 712978 724774 99273 15564 73897 110091 ,37895 37931 38550 39176 42170 42506 42898 44361 44393 44494 
33720 619144 222208 91936 434645 323319 706689 454503 960428 324421 ,51326 65787 65844 68227 73289 74220 74780 75147 75736 76280 ,33720 619144 222208 91936 434645 323319 706689 454503 960428 324421 ,51326 65787 65844 68227 73289 74220 74780 75147 75736 76280 
751516 206434 134976 810187 81694 91355 595702 567115 419684 836087 ,86801 91125 100092 100207 101351 102454 102714 103922 105800 107696 ,751516 206434 134976 810187 81694 91355 595702 567115 419684 836087 ,86801 91125 100092 100207 101351 102454 102714 103922 105800 107696 
594076 660804 338410 229078 934529 60363 768881 455958 226415 411809 ,70228 74637 76058 78385 79963 79969 80958 81539 82436 84509 ,594076 660804 338410 229078 934529 60363 768881 455958 226415 411809 ,70228 74637 76058 78385 79963 79969 80958 81539 82436 84509 
487694 192983 468613 101456 67851 233011 338986 288699 659924 391688 ,69426 78496 84559 87503 87686 90568 91795 91804 95034 95205 ,487694 192983 101456 67851 233011 338986 288699 659924 391688 82372 ,69426 78496 87503 87686 90568 91795 91804 95034 95205 95829 
982309 415754 415800 629353 909116 978544 968874 631019 29635 562733 ,22382 23530 26321 27376 31958 32074 34311 34389 37620 38231 ,978544 631019 415360 186409 790495 876480 898906 789109 218574 777535 ,32074 34389 45371 45495 47373 51973 52230 54174 57100 59910 
513017 863052 499923 374512 166433 184829 201590 839658 775819 400990 ,59810 59888 60600 61321 61868 61935 62248 62759 63203 64107 ,513017 863052 499923 374512 166433 184829 201590 839658 775819 400990 ,59810 59888 60600 61321 61868 61935 62248 62759 63203 64107 
262174 723377 331368 663065 662929 691655 271673 581748 836488 424778 ,75541 85395 88988 89065 91292 91566 91880 92001 92433 92570 ,262174 723377 331368 663065 662929 691655 271673 836488 424778 321756 ,75541 85395 88988 89065 91292 91566 91880 92433 92570 92716 
436120 763413 140359 678947 604084 710260 142312 612152 748806 715974 ,75935 79091 79110 83981 85142 90609 91329 91802 91897 93588 ,436120 763413 140359 678947 604084 710260 142312 612152 748806 715974 ,75935 79091 79110 83981 85142 90609 91329 91802 91897 93588 
413940 50563 500125 577958 59029 734710 337021 820733 84485 665422 ,51652 52447 67875 75780 77009 77405 77777 79910 80744 83838 ,413940 50563 500125 577958 59029 734710 337021 820733 84485 665422 ,51652 52447 67875 75780 77009 77405 77777 79910 80744 83838 
461478 393065 928869 393904 505427 148073 951830 368588 24978 541885 ,87360 100374 111076 113319 124397 125217 127669 127998 129319 129637 ,461478 393065 928869 393904 505427 148073 951830 368588 24978 541885 ,87360 100374 111076 113319 124397 125217 127669 127998 129319 129637 
620488 561216 565542 985690 777503 629976 652476 293530 863375 11588 ,57850 59261 61864 71486 74661 74812 75045 76010 76470 77175 ,620488 561216 565542 985690 777503 629976 652476 293530 863375 11588 ,57850 59261 61864 71486 74661 74812 75045 76010 76470 77175 
417726 477568 666876 129279 850297 447033 207218 477946 721248 190171 ,19353 20423 21103 21236 21339 22337 23481 23507 24842 25834 ,417726 477568 666876 129279 850297 447033 207218 477946 721248 190171 ,19353 20423 21103 21236 21339 22337 23481 23507 24842 25834 
473442 289634 247254 91806 92910 225347 99628 847881 731262 224303 ,55958 70986 74325 74368 77388 77878 78286 79031 79876 80594 ,473442 289634 247254 91806 92910 225347 99628 847881 731262 224303 ,55958 70986 74325 74368 77388 77878 78286 79031 79876 80594 
348428 840584 634951 560846 800396 194983 273799 634874 905883 574968 ,44739 45239 45482 45943 49574 50931 50931 51158 51539 51818 ,348428 840584 634951 560846 800396 194983 273799 634874 905883 574968 ,44739 45239 45482 45943 49574 50931 50931 51158 51539 51818 
24139 101748 649050 910919 256835 825507 464288 444472 648072 653067 ,29506 29969 30443 32392 33667 33668 33824 36111 36200 36375 ,24139 649050 910919 256835 825507 464288 444472 648072 653067 647849 ,29506 30443 32392 33667 33668 33824 36111 36200 36375 36427 
215343 123585 911105 859023 916413 890706 766681 833440 758157 594678 ,33692 38724 40229 40629 43104 43403 44425 44492 44628 44906 ,215343 123585 911105 859023 916413 890706 766681 833440 758157 594678 ,33692 38724 40229 40629 43104 43403 44425 44492 44628 44906 
208221 955826 467990 688297 905174 410013 589597 634651 68757 248547 ,50731 50948 50984 53756 56095 56654 57490 58510 59556 59664 ,208221 955826 467990 688297 905174 410013 589597 634651 68757 248547 ,50731 50948 50984 53756 56095 56654 57490 58510 59556 59664 
986082 231890 179531 885827 868827 911129 873583 180778 640273 212322 ,59650 63379 66500 68614 68957 69703 69872 69974 72330 72491 ,986082 231890 179531 885827 868827 911129 873583 180778 640273 212322 ,59650 63379 66500 68614 68957 69703 69872 69974 72330 72491 
885362 885566 741955 494582 837511 907224 436964 245662 542645 824668 ,61608 75974 81510 83154 83297 85136 85823 86472 86976 88978 ,885362 885566 741955 494582 837511 907224 436964 245662 542645 824668 ,61608 75974 81510 83154 83297 85136 85823 86472 86976 88978 
161273 162021 861454 349977 101740 512240 869731 537744 584314 576645 ,31437 38363 39015 43593 44556 46090 46090 48185 48432 48434 ,161273 162021 861454 349977 101740 869731 512240 537744 584314 576645 ,31437 38363 39015 43593 44556 46090 46090 48185 48432 48434 
852722 20946 184393 175684 547247 744472 810042 433463 299888 684699 ,51134 54367 54565 55448 58402 58932 59566 59987 61037 61128 ,852722 20946 184393 175684 547247 744472 810042 433463 299888 684699 ,51134 54367 54565 55448 58402 58932 59566 59987 61037 61128 
983642 562527 216192 767699 813205 741074 841607 80315 583362 734978 ,59344 73616 83803 84072 85191 91623 94607 96301 96411 102591 ,983642 562527 216192 767699 813205 741074 841607 80315 583362 734978 ,59344 73616 83803 84072 85191 91623 94607 96301 96411 102591 
219800 748324 214551 298455 833205 142274 530838 903235 261574 153012 ,40165 40378 41274 42152 43133 44389 46310 46350 47084 48700 ,219800 748324 214551 298455 833205 142274 530838 903235 261574 153012 ,40165 40378 41274 42152 43133 44389 46310 46350 47084 48700 
842764 561384 318454 117558 973414 705935 9093 395558 618561 705506 ,80655 81576 83968 85579 85966 87434 87841 89215 90194 90935 ,842764 561384 318454 117558 973414 705935 9093 395558 618561 705506 ,80655 81576 83968 85579 85966 87434 87841 89215 90194 90935 
157804 419460 325141 193863 98467 126466 307652 309005 299068 945619 ,59873 67677 68648 68989 73668 75024 75221 78931 79099 79554 ,157804 419460 325141 193863 98467 126466 307652 309005 299068 945619 ,59873 67677 68648 68989 73668 75024 75221 78931 79099 79554 
357443 322643 481841 808149 237727 451642 587448 339309 978951 546104 ,92836 95693 96209 97726 102542 103356 104667 105381 105481 105568 ,357443 322643 481841 808149 237727 451642 587448 339309 978951 546104 ,92836 95693 96209 97726 102542 103356 104667 105381 105481 105568 
913947 74727 893745 437133 409016 622003 192438 605121 864352 244223 ,59758 61960 65522 66043 69952 71063 73636 74038 75741 76603 ,913947 74727 893745 437133 409016 622003 192438 605121 864352 244223 ,59758 61960 65522 66043 69952 71063 73636 74038 75741 76603 
620910 415106 972408 535595 972886 964038 254922 41096 775707 539828 ,20167 25041 26559 26938 27702 29423 29985 30547 31833 32179 ,620910 415106 972408 535595 972886 964038 254922 41096 775707 963874 ,20167 25041 26559 26938 27702 29423 29985 30547 31833 33524 
608878 812069 752678 288194 718780 606701 282164 483646 6003 76396 ,50247 56044 66217 66874 70365 75602 80747 80776 81863 82188 ,608878 812069 752678 288194 718780 606701 282164 483646 6003 76396 ,50247 56044 66217 66874 70365 75602 80747 80776 81863 82188 
881263 779336 852392 143220 880341 488222 815576 604719 751461 890885 ,51593 53480 61567 62031 66034 67628 68463 68613 70126 71641 ,881263 779336 852392 143220 880341 488222 815576 604719 751461 890885 ,51593 53480 61567 62031 66034 67628 68463 68613 70126 71641 
416286 723078 855121 547264 71672 846188 461222 904079 13630 983018 ,48638 53458 54295 63371 66516 67622 68939 71483 72261 72422 ,416286 723078 855121 547264 71672 846188 461222 904079 13630 983018 ,48638 53458 54295 63371 66516 67622 68939 71483 72261 72422 
856150 539284 539242 204188 268466 769140 265983 979943 437969 121894 ,34732 39123 39166 39313 39313 40473 40874 41053 41149 41491 ,856150 539284 539242 204188 268466 769140 265983 979943 437969 121894 ,34732 39123 39166 39313 39313 40473 40874 41053 41149 41491 
621141 41065 938267 259834 497178 262411 219767 64993 366653 97414 ,81906 82361 83511 84358 84585 87064 91060 92653 92918 93715 ,621141 41065 938267 259834 497178 262411 219767 366653 97414 274378 ,81906 82361 83511 84358 84585 87064 91060 92918 93715 95229 
249002 227194 898929 144617 541274 80582 10104 566376 363760 221962 ,17308 17470 18395 19310 19593 20334 20440 21132 21485 21787 ,898929 144617 10104 566376 363760 369825 238056 497809 247472 55224 ,18395 19310 20440 21132 21485 23981 23983 24071 24400 24418 
951428 939745 886291 756749 373703 431604 900473 154575 545305 545240 ,84726 90681 90939 93247 96750 100020 100295 102352 103877 104303 ,951428 939745 886291 756749 373703 431604 900473 154575 545305 545240 ,84726 90681 90939 93247 96750 100020 100295 102352 103877 104303 
545597 361239 817585 164011 45800 412190 224819 645079 168367 968262 ,57269 58599 61013 67308 69031 70837 72148 75383 76534 77681 ,545597 361239 817585 164011 45800 412190 224819 645079 168367 968262 ,57269 58599 61013 67308 69031 70837 72148 75383 76534 77681 
654463 190846 422916 421541 39822 674665 609885 446245 901561 833160 ,12656 15118 16125 16641 16827 18408 18877 19058 22823 27602 ,654463 190846 422916 421541 39822 674665 609885 446245 901561 833160 ,12656 15118 16125 16641 16827 18408 18877 19058 22823 27602 
208877 968778 516322 307014 23872 88956 735017 931498 510449 500277 ,51693 59675 60702 61063 62853 63594 63862 64782 65174 65575 ,208877 968778 516322 307014 23872 88956 735017 931498 510449 500277 ,51693 59675 60702 61063 62853 63594 63862 64782 65174 65575 
436300 541137 509712 411121 558082 802301 129793 537093 766093 559306 ,63189 71540 73376 77030 82137 82626 85219 86394 88563 88909 ,436300 541137 509712 411121 558082 802301 129793 537093 766093 559306 ,63189 71540 73376 77030 82137 82626 85219 86394 88563 88909 
650758 303460 649047 760219 562458 542037 867659 373931 440345 825415 ,22291 22498 23314 25599 26618 26946 27142 27292 27421 28085 ,650758 303460 649047 760219 562458 542037 867659 373931 440345 825415 ,22291 22498 23314 25599 26618 26946 27142 27292 27421 28085 
565542 69055 549888 918309 542793 76049 483329 797239 437825 934571 ,71919 88961 94985 96045 96644 98697 101498 104058 104700 105221 ,565542 69055 549888 918309 542793 76049 483329 797239 437825 934571 ,71919 88961 94985 96045 96644 98697 101498 104058 104700 105221 
65763 78206 628752 307251 629207 518483 632199 930719 804250 694089 ,47109 58804 62136 62714 63202 63452 63471 64674 65102 66366 ,65763 78206 628752 307251 629207 518483 632199 930719 804250 694089 ,47109 58804 62136 62714 63202 63452 63471 64674 65102 66366 
430252 168062 337092 503954 426463 515651 428863 969865 112203 804072 ,58522 65018 65371 65404 68183 70430 70925 71716 72457 72915 ,430252 168062 337092 503954 426463 515651 428863 969865 112203 804072 ,58522 65018 65371 65404 68183 70430 70925 71716 72457 72915 
976037 712755 976322 562095 766085 702862 332085 83633 819930 795793 ,92130 94498 94712 100629 109582 110459 112934 113369 115030 116244 ,976037 712755 976322 562095 766085 702862 332085 83633 819930 795793 ,92130 94498 94712 100629 109582 110459 112934 113369 115030 116244 
19480 168883 755124 245138 181920 99093 809503 751858 538402 70484 ,75027 78681 79398 79999 80214 80829 83358 84186 84972 86490 ,19480 168883 755124 245138 181920 99093 809503 751858 538402 70484 ,75027 78681 79398 79999 80214 80829 83358 84186 84972 86490 
386813 905647 478643 984293 513458 698762 190678 950954 903852 896507 ,25478 28282 32251 33072 37225 39388 42277 42879 44141 45030 ,386813 905647 478643 984293 513458 698762 190678 950954 903852 896507 ,25478 28282 32251 33072 37225 39388 42277 42879 44141 45030 
618521 370524 884860 454562 392921 888563 876654 742265 625081 626030 ,61866 65237 67513 68486 70067 71917 71937 72248 73745 74020 ,618521 370524 884860 454562 392921 888563 742265 625081 626030 629515 ,61866 65237 67513 68486 70067 71917 72248 73745 74020 74084 
491967 266417 412773 141346 201568 926997 565977 540975 928247 462594 ,62437 74425 80349 80859 81082 81149 83349 90206 90546 90990 ,491967 266417 412773 141346 201568 926997 565977 540975 928247 462594 ,62437 74425 80349 80859 81082 81149 83349 90206 90546 90990 
209339 364076 401294 103954 212176 568499 384717 770642 208790 339249 ,108053 109129 111088 112423 112754 114787 115611 118757 119426 120573 ,209339 364076 401294 103954 212176 568499 384717 770642 208790 339249 ,108053 109129 111088 112423 112754 114787 115611 118757 119426 120573 
140444 20273 842243 492283 502073 61808 887848 227880 799960 152818 ,67244 69603 72733 73307 73903 74229 74348 74884 75231 75239 ,140444 20273 842243 492283 502073 61808 887848 227880 799960 152818 ,67244 69603 72733 73307 73903 74229 74348 74884 75231 75239 
613902 344774 360909 104087 466969 961868 670874 49998 839141 612381 ,51734 54531 54837 57347 58679 69717 71544 71813 72087 72831 ,613902 344774 360909 104087 466969 961868 670874 49998 839141 612381 ,51734 54531 54837 57347 58679 69717 71544 71813 72087 72831 
752525 351047 609042 653523 351584 931784 586619 353746 143460 350981 ,70042 74535 76008 80701 80900 81053 81275 82052 82919 83422 ,752525 351047 609042 653523 351584 931784 586619 353746 143460 350981 ,70042 74535 76008 80701 80900 81053 81275 82052 82919 83422 
193737 12964 18791 441989 942417 365124 913950 961928 81260 227946 ,65675 67398 70130 70482 70888 70995 71780 72495 75515 76174 ,193737 12964 18791 441989 942417 365124 913950 961928 81260 227946 ,65675 67398 70130 70482 70888 70995 71780 72495 75515 76174 
869398 105538 61118 745820 831280 948000 225735 123170 105736 269617 ,51889 52789 53851 55578 55662 56418 57239 57377 57662 57690 ,869398 105538 61118 745820 831280 105736 129694 225978 729153 248817 ,51889 52789 53851 55578 55662 57662 58011 58411 59927 61733 
908397 789799 189979 775687 814078 996083 786397 642479 886921 374411 ,31932 33856 34510 34535 34717 36583 36837 36969 37287 37345 ,908397 789799 189979 775687 814078 996083 786397 642479 886921 374411 ,31932 33856 34510 34535 34717 36583 36837 36969 37287 37345 
797469 580766 914881 921967 579088 774124 848708 845502 144836 359933 ,35457 35643 39290 39586 39906 42246 42970 43649 46236 46857 ,797469 580766 914881 921967 579088 774124 848708 845502 144836 359933 ,35457 35643 39290 39586 39906 42246 42970 43649 46236 46857 
794747 909162 956462 82230 878604 588716 981854 474075 14341 204944 ,54182 65678 66595 66703 67593 68451 70644 71158 71374 72920 ,794747 909162 956462 82230 878604 588716 474075 14341 204944 212954 ,54182 65678 66595 66703 67593 68451 71158 71374 72920 73993 
701924 516022 144305 819173 491223 127525 616931 430361 2578 220725 ,76137 87282 90608 93473 94384 96055 96086 96790 97448 97888 ,701924 516022 144305 819173 491223 127525 616931 430361 2578 220725 ,76137 87282 90608 93473 94384 96055 96086 96790 97448 97888 
682037 633608 280511 933342 206115 270393 45502 100444 571631 858957 ,65559 68284 68494 68787 69484 69484 71282 72231 75351 76228 ,682037 633608 280511 933342 206115 270393 45502 100444 571631 858957 ,65559 68284 68494 68787 69484 69484 71282 72231 75351 76228 
734249 629717 541231 554985 760899 833575 647072 663771 830899 658442 ,24272 25598 29796 33861 33910 35694 36529 36849 37055 37885 ,734249 629717 541231 554985 760899 833575 647072 663771 830899 658442 ,24272 25598 29796 33861 33910 35694 36529 36849 37055 37885 
935830 703123 572130 498100 630895 302350 398068 826082 590814 416823 ,57404 58555 59239 62905 63076 63147 63762 64490 65425 65640 ,935830 703123 572130 498100 302350 398068 590814 416823 938163 313219 ,57404 58555 59239 62905 63147 63762 65425 65640 65902 65998 
781565 40422 262964 267829 854420 275855 466734 225334 27015 174242 ,104567 111517 116894 116953 118746 119221 122610 123788 124589 125501 ,781565 40422 262964 267829 854420 275855 466734 225334 27015 174242 ,104567 111517 116894 116953 118746 119221 122610 123788 124589 125501 
760822 147434 324050 158355 778468 621494 196869 275685 984660 683788 ,66911 68906 69605 69726 70043 70722 71298 71298 71371 71791 ,760822 147434 324050 158355 778468 621494 275685 196869 984660 683788 ,66911 68906 69605 69726 70043 70722 71298 71298 71371 71791 
290729 991708 388975 47771 866269 153443 2570 972912 727150 417436 ,61462 62977 74297 76149 76361 77966 78860 80198 81230 82510 ,290729 991708 388975 47771 153443 2570 972912 727150 417436 226214 ,61462 62977 74297 76149 77966 78860 80198 81230 82510 83822 
628749 102003 687663 630673 213102 765403 723868 48228 533134 677202 ,47005 52955 53452 53483 56005 58404 58802 58815 60289 60767 ,628749 102003 687663 630673 213102 765403 723868 48228 533134 677202 ,47005 52955 53452 53483 56005 58404 58802 58815 60289 60767 
515354 355169 364259 549165 903659 951771 695826 477824 507476 965569 ,56247 58579 59262 61699 61912 63398 64361 65406 65568 66155 ,515354 355169 549165 903659 951771 695826 477824 965569 510620 96010 ,56247 58579 61699 61912 63398 64361 65406 66155 67896 68257 
839173 870686 759196 758954 468790 447630 862271 139384 778075 469115 ,31385 34796 37227 39334 40675 42242 42773 43241 44778 45308 ,839173 870686 759196 758954 468790 447630 862271 139384 778075 469115 ,31385 34796 37227 39334 40675 42242 42773 43241 44778 45308 
562076 18003 506291 616905 377459 15795 926758 706918 505283 286363 ,74475 78234 79658 81426 82561 83898 84601 85296 86237 86253 ,562076 18003 506291 616905 377459 15795 926758 706918 505283 286363 ,74475 78234 79658 81426 82561 83898 84601 85296 86237 86253 
304819 17561 347452 149502 531191 326093 723973 929774 77907 124644 ,69239 70007 72716 73158 73605 73622 73772 73927 74570 74817 ,304819 17561 347452 149502 531191 326093 723973 929774 77907 124644 ,69239 70007 72716 73158 73605 73622 73772 73927 74570 74817 
434222 618811 878332 115976 596839 416979 59881 783808 985804 670630 ,82129 83966 85114 92837 92986 94663 95003 95474 96248 96321 ,434222 618811 878332 115976 596839 416979 59881 985804 140530 869458 ,82129 83966 85114 92837 92986 94663 95003 96248 96953 99766 
797838 798638 155262 313599 577488 316055 578111 589632 75413 803922 ,55783 57513 58264 59666 59768 59908 59996 60869 60931 61747 ,797838 798638 155262 313599 577488 316055 578111 589632 75413 803922 ,55783 57513 58264 59666 59768 59908 59996 60869 60931 61747 
673810 757963 594397 219580 375021 147178 468846 926100 960568 961715 ,49769 51066 51344 60118 65297 65920 66410 67786 69932 69989 ,673810 757963 594397 219580 375021 147178 468846 926100 960568 961715 ,49769 51066 51344 60118 65297 65920 66410 67786 69932 69989 
984917 269202 290165 946032 839704 675371 796870 410434 733948 345346 ,54292 69869 70267 70296 75532 78081 78275 80537 80560 81738 ,984917 269202 290165 946032 839704 675371 796870 410434 733948 345346 ,54292 69869 70267 70296 75532 78081 78275 80537 80560 81738 
265956 995951 114347 666188 983671 683454 976504 833026 420471 192365 ,50346 51286 52102 52672 53270 57502 60054 62449 62823 63314 ,265956 995951 114347 666188 983671 683454 976504 833026 420471 192365 ,50346 51286 52102 52672 53270 57502 60054 62449 62823 63314 
404856 847124 770008 682796 39119 37848 377474 616526 537915 381413 ,44137 44396 47785 48450 58691 59607 60816 60831 60891 61960 ,404856 847124 770008 682796 39119 37848 377474 616526 537915 381413 ,44137 44396 47785 48450 58691 59607 60816 60831 60891 61960 
982776 386729 694633 379667 486369 11319 22627 192720 170267 809503 ,85830 86719 92266 93450 94465 96299 97198 98864 99237 99573 ,982776 386729 694633 379667 486369 11319 22627 192720 170267 809503 ,85830 86719 92266 93450 94465 96299 97198 98864 99237 99573 
453122 377762 466007 580703 691754 118844 455797 622008 752138 242418 ,65999 71549 78422 80045 80227 81424 81445 83027 84015 84164 ,453122 377762 466007 691754 118844 455797 622008 459645 990697 872229 ,65999 71549 78422 80227 81424 81445 83027 84633 84691 85076 
963490 81197 261531 483158 475320 983775 960518 651735 709936 797917 ,63949 64891 66598 67029 68013 69505 69861 70536 71061 71353 ,963490 81197 261531 483158 475320 983775 960518 651735 709936 797917 ,63949 64891 66598 67029 68013 69505 69861 70536 71061 71353 
194350 602032 455106 353964 423765 807192 613160 459034 224033 518852 ,72350 77231 83714 83815 83825 84253 84525 85728 86516 89024 ,194350 602032 455106 353964 423765 807192 613160 459034 224033 518852 ,72350 77231 83714 83815 83825 84253 84525 85728 86516 89024 
4076 432921 343433 400375 284238 929942 107069 522171 531828 420973 ,59134 65021 71340 81877 83497 86272 88906 90394 91633 94809 ,4076 432921 343433 400375 284238 929942 107069 522171 531828 420973 ,59134 65021 71340 81877 83497 86272 88906 90394 91633 94809 
798968 8828 169088 770378 731274 637146 797604 85914 90315 104788 ,58068 64751 68433 69859 69907 70514 70915 71150 71360 72164 ,798968 169088 770378 731274 637146 797604 85914 90315 104788 104383 ,58068 68433 69859 69907 70514 70915 71150 71360 72164 72204 
520511 839707 529579 335469 718044 387885 726289 698706 523364 115255 ,46354 52609 53422 53853 54335 54345 55979 56003 56093 56229 ,520511 529579 335469 718044 387885 726289 698706 523364 115255 850389 ,46354 53422 53853 54335 54345 55979 56003 56093 56229 56351 
290029 380443 513173 274620 790549 388566 597688 108917 863989 633608 ,64716 75966 79888 80580 81341 81582 81693 81806 81897 82613 ,290029 513173 274620 790549 388566 597688 108917 863989 65166 988877 ,64716 79888 80580 81341 81582 81693 81806 81897 84430 85131 
929970 154876 915477 143764 6514 559067 917530 226149 462167 69202 ,57780 63302 63539 64639 66272 69252 69714 72940 75149 76167 ,154876 915477 143764 6514 917530 226149 462167 69202 434671 102980 ,63302 63539 64639 66272 69714 72940 75149 76167 79071 79161 
147260 861281 546362 614715 205087 269365 751511 782293 698083 126226 ,67029 68711 69344 74293 74608 74608 76659 76785 77957 78331 ,147260 861281 546362 614715 205087 269365 751511 782293 698083 126226 ,67029 68711 69344 74293 74608 74608 76659 76785 77957 78331 
623028 300610 710351 659791 9655 163226 801801 401349 811029 33363 ,52465 52620 58200 62802 65977 66232 66558 67035 69915 72544 ,623028 300610 710351 659791 9655 163226 801801 401349 811029 33363 ,52465 52620 58200 62802 65977 66232 66558 67035 69915 72544 
126543 675916 937829 541087 992539 747973 226701 504174 496638 342709 ,78304 80251 80348 81408 83036 83631 84355 89553 91072 92437 ,126543 675916 937829 541087 992539 747973 226701 504174 496638 342709 ,78304 80251 80348 81408 83036 83631 84355 89553 91072 92437 
251264 622307 140332 954910 346588 613333 219898 963585 845510 348632 ,54991 61325 61743 62132 63259 64732 67103 67872 68238 69610 ,622307 140332 954910 613333 219898 963585 845510 348632 672782 761318 ,61325 61743 62132 64732 67103 67872 68238 69610 70473 71207 
47879 48003 671327 737932 332257 892575 671430 716853 652611 668878 ,40217 43232 53884 61028 63194 64709 67301 69092 69206 70389 ,47879 48003 671327 737932 332257 892575 671430 716853 652611 668878 ,40217 43232 53884 61028 63194 64709 67301 69092 69206 70389 
259381 384253 837923 545822 223351 719675 687765 517683 620987 678139 ,85575 93047 95508 96146 96848 97360 97455 99224 100917 101494 ,259381 384253 837923 545822 223351 719675 517683 620987 678139 150044 ,85575 93047 95508 96146 96848 97360 99224 100917 101494 101565 
301513 897879 739897 92073 217006 950337 146501 917290 393235 277934 ,77472 83011 83937 85515 87054 89539 90439 90602 92404 92920 ,301513 897879 739897 92073 217006 950337 146501 917290 393235 277934 ,77472 83011 83937 85515 87054 89539 90439 90602 92404 92920 
262174 313305 103367 698375 578179 523652 760484 411631 353858 473369 ,76962 81079 82104 83230 86646 90860 91002 93974 94973 99150 ,262174 313305 103367 698375 578179 523652 760484 411631 353858 473369 ,76962 81079 82104 83230 86646 90860 91002 93974 94973 99150 
631095 388809 658074 492444 612238 432711 185703 965365 483641 625204 ,85676 87903 91537 91601 94199 94584 96080 96285 96912 96964 ,631095 388809 658074 492444 612238 432711 185703 965365 483641 625204 ,85676 87903 91537 91601 94199 94584 96080 96285 96912 96964 
410654 230396 310863 759618 583405 651766 89880 252604 464664 724352 ,80582 85122 85133 85729 85733 87480 91995 93413 93581 93781 ,410654 230396 310863 759618 583405 651766 89880 252604 464664 724352 ,80582 85122 85133 85729 85733 87480 91995 93413 93581 93781 
154482 254339 973566 969200 854812 632443 212335 761072 973372 933612 ,48285 54763 56315 57493 57749 58057 58311 58761 59006 60386 ,154482 254339 973566 969200 632443 973372 933612 918663 764515 885702 ,48285 54763 56315 57493 58057 59006 60386 60818 61367 61401 
997380 861592 713830 752678 747996 21192 561581 955085 233542 974760 ,50158 63406 67561 70308 74386 78848 79951 79957 82681 82992 ,997380 861592 713830 752678 747996 21192 561581 955085 233542 974760 ,50158 63406 67561 70308 74386 78848 79951 79957 82681 82992 
372387 402252 339961 944621 524304 435789 551424 289805 654458 343295 ,94413 103216 105889 114010 115987 118370 120706 121869 122959 125629 ,372387 402252 339961 944621 524304 435789 551424 289805 654458 343295 ,94413 103216 105889 114010 115987 118370 120706 121869 122959 125629 
744929 645101 740714 148499 975018 414394 306234 392395 976191 284330 ,54576 72567 73582 78649 81372 82052 82303 82394 82459 83495 ,744929 645101 740714 148499 975018 414394 306234 392395 976191 284330 ,54576 72567 73582 78649 81372 82052 82303 82394 82459 83495 
670893 857652 737441 45983 763193 492972 603937 853516 801824 973445 ,46136 47080 49794 50017 51590 51862 53004 55145 55459 56553 ,670893 857652 737441 45983 763193 492972 603937 853516 801824 973445 ,46136 47080 49794 50017 51590 51862 53004 55145 55459 56553 
484856 761735 949828 624106 805012 988513 162771 620041 596647 971433 ,72171 79921 81279 89224 97209 98267 98621 98930 100363 101432 ,484856 761735 949828 624106 805012 988513 162771 620041 596647 971433 ,72171 79921 81279 89224 97209 98267 98621 98930 100363 101432 
602045 849017 692705 934667 241211 117780 963434 418912 240158 392306 ,69777 86406 87092 88463 88850 91228 91748 92194 92761 94721 ,602045 849017 692705 934667 241211 117780 963434 418912 240158 392306 ,69777 86406 87092 88463 88850 91228 91748 92194 92761 94721 
264813 248235 687339 929396 224553 170423 950915 264946 844736 114494 ,64689 67273 69057 69388 71956 73435 77663 77776 81416 81572 ,264813 248235 687339 929396 224553 170423 950915 264946 844736 160858 ,64689 67273 69057 69388 71956 73435 77663 77776 81416 83628 
378232 212429 276441 899067 239722 110838 474073 124325 297558 426124 ,76001 78683 78777 80970 84585 85894 86311 87663 88923 88945 ,378232 212429 276441 899067 239722 110838 474073 124325 297558 426124 ,76001 78683 78777 80970 84585 85894 86311 87663 88923 88945 
636063 193943 947849 949290 508925 228917 3997 890109 252919 920612 ,64743 66971 73711 76228 80304 80614 81400 81482 83894 84019 ,636063 193943 947849 949290 508925 228917 3997 890109 252919 920612 ,64743 66971 73711 76228 80304 80614 81400 81482 83894 84019 
162536 60070 822849 223976 386237 274990 843822 159167 117996 512448 ,84497 90655 94250 94601 94911 96031 97077 97388 101027 102259 ,162536 60070 822849 223976 386237 274990 843822 159167 117996 512448 ,84497 90655 94250 94601 94911 96031 97077 97388 101027 102259 
628284 949983 34184 731413 943770 994944 655036 945689 427946 885452 ,70295 71030 74850 76064 76151 78231 78600 78613 79124 79239 ,628284 34184 731413 943770 994944 655036 945689 885452 127029 900672 ,70295 74850 76064 76151 78231 78600 78613 79239 79585 80281 
821925 413322 435313 821936 602482 832465 232149 693783 448771 603207 ,65310 67790 69043 69787 70516 71780 72879 73204 73399 73641 ,821925 413322 435313 821936 602482 832465 693783 448771 766672 436053 ,65310 67790 69043 69787 70516 71780 73204 73399 74593 74739 
861982 63874 589768 229945 74403 65336 947497 910414 179322 861756 ,96322 108024 114960 116462 119117 119800 120222 120835 123417 124981 ,861982 63874 589768 229945 74403 65336 947497 910414 179322 861756 ,96322 108024 114960 116462 119117 119800 120222 120835 123417 124981 
938139 954766 581 343616 730840 1641 438603 548708 118361 394095 ,79718 83110 83605 85443 85616 89255 89981 90044 90966 91078 ,938139 954766 581 343616 730840 1641 438603 548708 118361 989428 ,79718 83110 83605 85443 85616 89255 89981 90044 90966 91601 
435674 470800 321048 76481 19345 792724 95706 153498 383373 771471 ,53448 57503 60807 63837 65139 66169 66397 66635 66976 67284 ,435674 470800 321048 76481 19345 792724 95706 153498 383373 771471 ,53448 57503 60807 63837 65139 66169 66397 66635 66976 67284 
267373 697222 185745 18617 996663 705604 376161 843306 910119 189423 ,63338 68792 74499 74705 74937 75032 75153 75576 76146 76205 ,267373 697222 185745 18617 996663 705604 376161 843306 910119 189423 ,63338 68792 74499 74705 74937 75032 75153 75576 76146 76205 
926018 742524 682248 773061 62879 96744 276395 215541 283956 855708 ,74120 80158 92221 100820 110941 111071 111284 113306 114524 115628 ,926018 742524 682248 773061 62879 96744 276395 215541 283956 855708 ,74120 80158 92221 100820 110941 111071 111284 113306 114524 115628 
677434 643568 871604 388628 767552 41156 616354 554250 887603 887067 ,58567 60244 62392 63458 63459 64091 64414 64640 64781 65122 ,677434 643568 871604 388628 767552 41156 616354 554250 887603 887067 ,58567 60244 62392 63458 63459 64091 64414 64640 64781 65122 
499446 94112 54023 451641 403494 439429 348342 457306 597429 33539 ,95959 99204 105161 112525 113206 118856 119768 119824 120639 121217 ,499446 94112 54023 451641 403494 439429 348342 457306 597429 33539 ,95959 99204 105161 112525 113206 118856 119768 119824 120639 121217 
413286 658083 590898 676788 673524 590658 381388 238301 613706 655380 ,62184 67539 71317 72296 72423 72883 73399 74591 75629 76540 ,413286 658083 590898 676788 673524 590658 381388 238301 613706 655380 ,62184 67539 71317 72296 72423 72883 73399 74591 75629 76540 
853764 477115 205873 222287 721174 598967 520976 885498 478373 652335 ,83954 90296 92396 92412 94079 95537 96260 100558 101362 101507 ,853764 477115 205873 222287 721174 598967 520976 885498 478373 652335 ,83954 90296 92396 92412 94079 95537 96260 100558 101362 101507 
677945 95796 210528 96846 431746 943898 678069 853622 139503 846862 ,77587 79509 81426 81929 82414 82505 83217 83281 83619 84086 ,853622 139503 485313 15690 137099 486233 822280 302511 209885 855799 ,83281 83619 86503 87489 88902 88941 89691 90116 90562 91831 
895045 837281 837635 838332 895381 206392 270670 969469 963848 233840 ,50123 54693 54944 55195 59454 59606 59606 59925 60789 61137 ,895045 837281 837635 838332 895381 206392 270670 969469 963848 233840 ,50123 54693 54944 55195 59454 59606 59606 59925 60789 61137 
987899 681548 251277 51668 399455 89344 233297 872878 539890 680741 ,91940 105816 107177 112913 113378 113575 113974 115075 115858 116767 ,987899 681548 251277 51668 399455 89344 233297 872878 539890 680741 ,91940 105816 107177 112913 113378 113575 113974 115075 115858 116767 
60639 382312 405403 274270 541682 523964 432069 205337 575737 359905 ,62875 65351 72982 75172 75984 76456 77966 78290 79042 81397 ,60639 382312 405403 274270 541682 523964 432069 205337 575737 359905 ,62875 65351 72982 75172 75984 76456 77966 78290 79042 81397 
991911 875956 875192 240074 14299 486508 639650 241909 728092 160289 ,65303 66777 67173 67850 69050 75848 77095 79116 80313 81902 ,991911 875192 240074 14299 486508 639650 241909 728092 160289 490650 ,65303 67173 67850 69050 75848 77095 79116 80313 81902 83590 
542371 965605 706431 966405 453679 957988 842594 842861 840043 4245 ,58508 62869 63861 64525 64830 65299 67481 68098 68506 68919 ,542371 965605 706431 966405 453679 957988 842594 842861 840043 4245 ,58508 62869 63861 64525 64830 65299 67481 68098 68506 68919 
383373 550264 372401 338698 663238 84527 498447 214845 238223 532645 ,70471 73463 77194 77978 79977 80092 80157 80710 81449 82551 ,383373 550264 372401 338698 663238 84527 498447 214845 238223 532645 ,70471 73463 77194 77978 79977 80092 80157 80710 81449 82551 
476714 217221 939206 55879 424591 44083 477378 410363 424597 54803 ,17227 17896 18483 18490 19052 19458 19745 20016 20159 21087 ,54803 54608 430098 979246 52947 754158 467733 57333 979753 44440 ,21087 26750 28994 29014 30327 30786 31172 31702 31932 33677 
595563 674863 852537 842360 844491 879963 39836 749625 488140 13020 ,53377 55381 56309 56599 59056 60839 61593 62007 62027 62517 ,595563 852537 844491 879963 39836 749625 488140 923571 316 842456 ,53377 56309 59056 60839 61593 62007 62027 62706 63270 63441 
13053 95024 88251 95440 138940 871862 896485 704711 566658 227560 ,79432 82063 83897 89061 90833 91658 92974 93042 95405 95620 ,13053 95024 88251 95440 138940 871862 704711 566658 227560 129961 ,79432 82063 83897 89061 90833 91658 93042 95405 95620 95659 
521310 724646 79704 81858 82930 502296 264070 823678 525784 350946 ,31542 36951 37558 37900 38085 38216 38373 39332 39523 39677 ,521310 724646 79704 81858 82930 502296 264070 823678 525784 350946 ,31542 36951 37558 37900 38085 38216 38373 39332 39523 39677 
987365 816758 615192 655568 424122 656347 974852 446735 5459 913420 ,12806 12864 15293 15449 15546 15745 16170 16942 18421 18435 ,987365 816758 615192 655568 424122 656347 974852 446735 5459 913420 ,12806 12864 15293 15449 15546 15745 16170 16942 18421 18435 
307139 869213 525487 754012 497866 307371 584402 516842 7123 916647 ,41865 47995 50018 55395 56581 56925 60167 60356 61989 62056 ,307139 869213 525487 754012 497866 307371 584402 516842 7123 916647 ,41865 47995 50018 55395 56581 56925 60167 60356 61989 62056 
64645 705084 726149 664614 663661 67522 964387 522388 629953 704110 ,72553 77991 78405 79320 79697 80353 81233 81567 82662 82701 ,64645 705084 726149 664614 663661 67522 964387 522388 629953 704110 ,72553 77991 78405 79320 79697 80353 81233 81567 82662 82701 
23850 23871 411525 627920 323347 645127 370649 399366 763261 80143 ,37113 37436 39109 41983 42023 42227 42540 43053 43615 43649 ,23850 23871 411525 627920 323347 645127 370649 399366 763261 80143 ,37113 37436 39109 41983 42023 42227 42540 43053 43615 43649 
938134 966180 115471 514402 521 338087 738486 376122 442123 366908 ,73962 88262 91475 94975 99369 99888 100682 101112 102543 102815 ,938134 966180 115471 514402 521 338087 738486 376122 442123 366908 ,73962 88262 91475 94975 99369 99888 100682 101112 102543 102815 
979569 984182 984947 631369 681634 395685 979159 352560 631898 53260 ,18157 29097 29222 30076 30169 35221 36537 38515 39225 40406 ,979569 984182 984947 631369 681634 979159 352560 631898 53260 483989 ,18157 29097 29222 30076 30169 36537 38515 39225 40406 41561 
11427 200937 830856 122423 804043 542437 542426 724102 526308 351362 ,42913 47946 49268 51080 52686 52752 53722 54380 54681 56324 ,11427 200937 830856 122423 804043 542437 542426 724102 526308 351362 ,42913 47946 49268 51080 52686 52752 53722 54380 54681 56324 
366957 506694 175706 594298 387255 128345 367762 537503 214747 377463 ,61883 62833 64173 64596 66375 67072 67686 67688 69043 69503 ,366957 506694 175706 594298 387255 128345 367762 537503 214747 377463 ,61883 62833 64173 64596 66375 67072 67686 67688 69043 69503 
628184 287555 628429 903992 903791 934457 620605 154012 853763 599790 ,10997 48721 52638 59457 60808 61434 61644 62155 64690 67879 ,628184 628429 903992 903791 934457 620605 154012 853763 599790 725200 ,10997 52638 59457 60808 61434 61644 62155 64690 67879 68279 
246897 714979 708056 718305 684712 348216 835914 859895 236593 780219 ,30541 33821 35018 37222 38382 38789 40318 40402 41232 41614 ,246897 714979 708056 718305 684712 348216 835914 859895 236593 780219 ,30541 33821 35018 37222 38382 38789 40318 40402 41232 41614 
748739 230781 537533 53214 634694 186712 478685 477957 328346 635100 ,52230 52488 53624 53983 54244 54653 55238 55284 56668 57078 ,748739 230781 537533 53214 634694 186712 478685 477957 328346 869303 ,52230 52488 53624 53983 54244 54653 55238 55284 56668 57426 
54476 851720 69634 796438 779053 159370 244917 950908 719489 426372 ,61306 64626 64831 67565 67610 68057 68848 69034 69363 69642 ,54476 851720 69634 796438 779053 159370 244917 950908 719489 426372 ,61306 64626 64831 67565 67610 68057 68848 69034 69363 69642 
628947 628334 333788 597408 775593 488068 323761 15012 616482 286192 ,26522 35922 52100 59681 59819 60673 61532 62524 62711 63912 ,628947 628334 333788 597408 775593 488068 15012 616482 286192 371411 ,26522 35922 52100 59681 59819 60673 62524 62711 63912 64379 
390996 913062 724520 724522 342660 232757 8913 726374 927979 85440 ,57016 62194 63336 66998 71831 71950 73138 73270 74756 76504 ,390996 913062 724520 724522 232757 8913 726374 927979 85440 557140 ,57016 62194 63336 66998 71950 73138 73270 74756 76504 77361 
754129 284573 714544 392301 754102 63307 811685 237295 703888 717189 ,49453 49542 50225 51305 52440 52702 53870 54413 55140 55307 ,754129 714544 811685 237295 717189 365415 326545 962123 502402 295760 ,49453 50225 53870 54413 55307 56286 56989 57099 57954 58270 
220667 325004 52136 678316 809284 385489 460277 23388 963460 396376 ,49613 54808 55802 56351 57853 58350 58913 59481 60040 60078 ,220667 325004 52136 678316 809284 385489 460277 23388 963460 204123 ,49613 54808 55802 56351 57853 58350 58913 59481 60040 60168 
628895 628928 629174 724628 25401 645311 487681 605902 390434 589178 ,7619 9563 22377 54138 54510 54992 55389 57200 57947 58480 ,628895 628928 629174 724628 25401 645311 487681 605902 390434 589178 ,7619 9563 22377 54138 54510 54992 55389 57200 57947 58480 
992410 36014 839139 836645 567129 835263 761724 956550 741134 757389 ,58915 58922 65347 67509 70442 73221 74334 75116 75372 76016 ,992410 36014 839139 836645 567129 835263 761724 956550 741134 757389 ,58915 58922 65347 67509 70442 73221 74334 75116 75372 76016 
628440 100736 505661 725247 653566 883119 12786 887341 736020 868684 ,46565 57407 59177 61003 61309 61493 63266 63542 63583 63604 ,628440 100736 505661 725247 653566 883119 12786 887341 868684 597626 ,46565 57407 59177 61003 61309 61493 63266 63542 63604 63762 
882969 836596 836993 834827 645300 890545 933961 896096 283872 417306 ,56363 61368 67012 67472 82203 84621 84647 90784 91050 92753 ,882969 836596 836993 834827 645300 933961 896096 283872 415770 656988 ,56363 61368 67012 67472 82203 84647 90784 91050 93054 94178 
13085 314873 145127 452000 13123 505499 15249 698269 112047 14908 ,79664 79711 80282 80405 80735 80792 81166 81657 81687 82826 ,13085 145127 452000 13123 15249 698269 112047 14908 554931 839660 ,79664 80282 80405 80735 81166 81657 81687 82826 84428 85233 
209147 303260 611800 278492 6408 174276 450363 549165 489410 295225 ,102084 105695 106326 109421 110154 112049 112356 113078 113450 114625 ,209147 303260 611800 278492 6408 174276 450363 549165 489410 295225 ,102084 105695 106326 109421 110154 112049 112356 113078 113450 114625 
903035 4949 615108 427005 69917 5621 5946 587178 4932 312538 ,40840 40991 42314 42926 43221 45175 45942 46026 46166 46465 ,903035 4949 615108 427005 69917 5621 5946 587178 4932 312538 ,40840 40991 42314 42926 43221 45175 45942 46026 46166 46465 
873223 469802 849180 10710 374907 687376 788271 664848 152768 443977 ,39236 43761 48506 50519 53219 55247 56937 60092 60106 64618 ,873223 469802 849180 10710 687376 788271 664848 152768 443977 52782 ,39236 43761 48506 50519 55247 56937 60092 60106 64618 64807 
956836 870253 712079 798470 520227 2113 916035 628627 594654 16156 ,43479 47509 49294 50125 50590 52501 54272 54296 56561 56965 ,956836 870253 712079 798470 520227 2113 916035 594654 16156 560764 ,43479 47509 49294 50125 50590 52501 54272 56561 56965 57939 
586610 629103 555160 865543 262216 332635 261907 555640 80727 141689 ,30939 32867 39164 43495 43706 44389 46278 46285 47152 47547 ,586610 555160 865543 262216 332635 261907 555640 80727 141689 112969 ,30939 39164 43495 43706 44389 46278 46285 47152 47547 47633 
693991 205371 269649 712016 693958 72514 802827 385092 266721 379489 ,55376 57004 57004 57031 57209 57862 58129 59330 59551 59810 ,693991 205371 269649 712016 693958 72514 802827 385092 266721 379489 ,55376 57004 57004 57031 57209 57862 58129 59330 59551 59810 
680354 737283 208417 686285 483641 374669 389907 433012 247374 522255 ,71365 73547 74672 76531 76805 78692 78795 79211 80945 81898 ,680354 208417 686285 483641 374669 389907 433012 247374 522255 80864 ,71365 74672 76531 76805 78692 78795 79211 80945 81898 82712 
66531 483641 938124 550657 397647 167994 530503 11120 849501 91470 ,70693 70807 71951 74693 75240 76813 78007 78522 78635 78913 ,66531 483641 938124 550657 397647 167994 530503 11120 849501 91470 ,70693 70807 71951 74693 75240 76813 78007 78522 78635 78913 
916110 534672 244015 763780 910749 831364 85667 288434 122514 530415 ,45017 46403 49031 51123 51151 51428 51642 52877 53052 53278 ,534672 763780 910749 831364 85667 288434 530415 242422 521871 105988 ,46403 51123 51151 51428 51642 52877 53278 53338 53672 54689 
597243 952756 859843 654477 913272 534589 674450 488562 76075 996145 ,72788 81032 82660 85821 86044 89856 89968 92723 94533 95868 ,597243 952756 859843 654477 913272 534589 674450 488562 76075 996145 ,72788 81032 82660 85821 86044 89856 89968 92723 94533 95868 
628817 628481 377261 402613 621419 533797 589546 860557 809510 436475 ,25159 43183 55650 62203 66945 66975 67653 71213 72205 72387 ,628817 628481 377261 402613 621419 533797 589546 860557 809510 436475 ,25159 43183 55650 62203 66945 66975 67653 71213 72205 72387 
23350 182827 636744 474271 203192 398208 880920 316204 269215 196475 ,45173 47874 55193 55295 56747 57403 57730 58955 58989 59080 ,23350 182827 636744 474271 203192 398208 880920 316204 269215 196475 ,45173 47874 55193 55295 56747 57403 57730 58955 58989 59080 
683784 162431 46393 597820 128601 132350 677379 501085 378496 59305 ,111933 112473 124632 126993 129221 130319 134377 135284 143582 144160 ,683784 162431 46393 597820 128601 132350 677379 501085 378496 59305 ,111933 112473 124632 126993 129221 130319 134377 135284 143582 144160 
129319 225742 224233 16604 830953 516149 69021 542063 882927 448421 ,37765 49515 52413 53269 54923 56084 56386 56909 57048 57610 ,129319 225742 224233 16604 830953 69021 542063 882927 448421 257643 ,37765 49515 52413 53269 54923 56386 56909 57048 57610 57819 
719542 940581 903076 351301 95605 237396 181869 282578 965462 772994 ,46290 49880 51517 51659 52912 53657 54093 55425 56406 56912 ,719542 940581 903076 95605 237396 181869 282578 965462 772994 905331 ,46290 49880 51517 52912 53657 54093 55425 56406 56912 57397 
681260 874100 172509 12780 512647 596633 522914 166385 336305 415133 ,107564 108234 114129 115849 118319 120794 122355 127829 130160 130442 ,681260 874100 172509 12780 512647 596633 522914 166385 336305 415133 ,107564 108234 114129 115849 118319 120794 122355 127829 130160 130442 
383577 904022 270556 902391 85472 766001 214680 952882 736051 111679 ,74782 76771 82058 83302 83666 84716 85158 85530 85859 87272 ,383577 904022 270556 902391 85472 766001 214680 952882 736051 111679 ,74782 76771 82058 83302 83666 84716 85158 85530 85859 87272 
790121 306489 945188 358064 738254 549600 758951 202639 245519 299001 ,91568 95676 97590 99364 99463 105420 108004 111807 112961 114234 ,790121 306489 945188 358064 738254 549600 758951 202639 245519 299001 ,91568 95676 97590 99364 99463 105420 108004 111807 112961 114234 
631073 372285 253488 563332 34589 512268 789868 205109 805692 34688 ,25468 67544 72717 77288 80036 87283 88147 88272 89341 89384 ,563332 34589 844374 268249 66018 597553 91135 631274 315594 98029 ,77288 80036 90113 94170 95265 95673 95708 99964 100371 101339 
900817 495964 700407 307868 689140 688321 824674 254968 418509 899219 ,27389 31558 36523 36874 37325 38932 39585 41067 41467 42209 ,900817 495964 700407 307868 689140 688321 824674 254968 418509 899219 ,27389 31558 36523 36874 37325 38932 39585 41067 41467 42209 
772499 414713 83061 8740 80954 375303 616968 63524 890741 945282 ,73389 79349 79353 79688 80210 80868 81434 81784 82196 83515 ,772499 414713 83061 8740 80954 375303 616968 63524 890741 945282 ,73389 79349 79353 79688 80210 80868 81434 81784 82196 83515 
631520 905060 531166 158477 848995 37573 823006 560726 469746 428270 ,22063 45081 45137 54022 54120 54730 55658 56060 57188 57858 ,631520 905060 531166 158477 848995 37573 823006 560726 469746 428270 ,22063 45081 45137 54022 54120 54730 55658 56060 57188 57858 
455454 736808 733395 796757 126979 954842 571885 857038 947959 62905 ,76013 79916 82280 83551 83984 85502 86376 86557 88661 89893 ,455454 736808 733395 796757 126979 954842 571885 857038 947959 62905 ,76013 79916 82280 83551 83984 85502 86376 86557 88661 89893 
550426 575013 745807 867503 747996 973848 561302 509215 61030 210262 ,52693 73792 75871 77643 79545 80232 80495 81872 82312 83322 ,550426 575013 745807 867503 747996 973848 561302 509215 61030 210262 ,52693 73792 75871 77643 79545 80232 80495 81872 82312 83322 
180139 698632 462411 909162 43313 499751 72454 789159 328254 577949 ,79406 79590 81672 83031 85721 87702 88997 89547 90134 90432 ,180139 698632 462411 909162 43313 499751 72454 789159 328254 577949 ,79406 79590 81672 83031 85721 87702 88997 89547 90134 90432 
977796 66780 233660 557354 86902 319687 781939 927124 20844 317959 ,92620 94434 99397 102265 105198 107354 107541 110663 112593 112672 ,977796 66780 233660 557354 86902 319687 781939 927124 20844 317959 ,92620 94434 99397 102265 105198 107354 107541 110663 112593 112672 
630959 630983 909814 144089 29529 319107 261388 207971 319587 681995 ,32953 39805 43732 47545 48893 49537 50852 51720 54256 54544 ,144089 29529 261388 931193 999956 527180 361682 920482 671697 333851 ,47545 48893 50852 57763 60319 60607 61172 63081 64756 66728 
631453 123818 261054 23926 236740 278830 321504 839052 540870 295216 ,21001 31961 31961 32662 32755 32795 33017 33619 34130 34200 ,631453 261054 123818 23926 278830 321504 839052 295216 41309 432888 ,21001 31961 31961 32662 32795 33017 33619 34200 34700 34768 
454604 597311 810856 360313 372154 648692 116576 804994 664953 83835 ,46101 46954 51112 51251 51968 55219 56874 57996 61869 63176 ,454604 597311 810856 360313 372154 648692 116576 804994 664953 83835 ,46101 46954 51112 51251 51968 55219 56874 57996 61869 63176 
808187 731395 897962 932384 822335 96716 471591 532293 824463 791804 ,58478 60995 66303 66330 66383 67025 69315 70060 72420 72628 ,808187 731395 897962 932384 822335 96716 471591 532293 791804 941368 ,58478 60995 66303 66330 66383 67025 69315 70060 72628 73148 
298011 498985 341326 749620 963864 107109 87256 423453 340115 404280 ,48222 48843 49834 51841 53826 54758 55183 57252 58604 59834 ,298011 498985 341326 749620 963864 107109 87256 423453 340115 404280 ,48222 48843 49834 51841 53826 54758 55183 57252 58604 59834 
631529 72264 693194 587379 138608 76355 89298 696082 189257 722520 ,50592 58049 63418 64329 67553 72871 73201 73371 74483 74925 ,631529 72264 693194 587379 138608 76355 89298 696082 189257 722520 ,50592 58049 63418 64329 67553 72871 73201 73371 74483 74925 
694943 227384 267749 499799 705964 688687 698998 280184 631597 138840 ,61625 65191 66638 67336 67628 70466 71562 71960 72066 72222 ,694943 227384 267749 499799 705964 688687 698998 280184 631597 138840 ,61625 65191 66638 67336 67628 70466 71562 71960 72066 72222 
419738 724435 754966 83543 450659 542015 41157 602319 470480 304056 ,52513 54372 56328 56351 57360 57379 57436 58081 58553 58691 ,419738 724435 754966 83543 450659 542015 41157 602319 470480 304056 ,52513 54372 56328 56351 57360 57379 57436 58081 58553 58691 
524350 197653 454536 64534 240822 502843 660244 64610 619423 865272 ,63689 67596 75388 77024 77637 78744 78747 82285 82519 83647 ,524350 197653 454536 64534 240822 502843 660244 64610 619423 865272 ,63689 67596 75388 77024 77637 78744 78747 82285 82519 83647 
373175 355682 780464 309342 108453 656924 357730 82434 361817 518635 ,41984 51775 61190 63296 63851 66264 66600 67247 67357 67800 ,373175 355682 780464 309342 108453 656924 357730 82434 361817 518635 ,41984 51775 61190 63296 63851 66264 66600 67247 67357 67800 
884544 760266 70556 617987 686559 994603 186318 556021 150694 749310 ,63540 76903 80539 81926 82756 82793 83854 84466 84917 86100 ,884544 760266 70556 617987 686559 994603 186318 556021 150694 749310 ,63540 76903 80539 81926 82756 82793 83854 84466 84917 86100 
564579 561957 60485 41134 125349 154736 402554 670185 62391 126448 ,38646 46832 48198 53574 55286 57132 57241 57242 57521 58303 ,564579 561957 60485 41134 154736 670185 62391 789838 313378 969710 ,38646 46832 48198 53574 57132 57242 57521 58925 59015 60166 
481386 698800 838256 391697 416726 466148 528911 997733 522972 529357 ,38401 38916 42988 44414 45079 45808 46686 46921 47428 47428 ,481386 698800 838256 391697 466148 528911 997733 522972 529357 362505 ,38401 38916 42988 44414 45808 46686 46921 47428 47428 47647 
879596 657874 281710 720443 446639 250327 724106 32352 688898 625806 ,164751 169624 176239 179684 186349 189412 189621 196513 197235 197441 ,879596 657874 281710 720443 446639 250327 724106 32352 688898 625806 ,164751 169624 176239 179684 186349 189412 189621 196513 197235 197441 
841377 887616 955085 696621 541822 880274 213151 392147 724442 854526 ,89932 92897 99075 100020 103718 104934 107394 114956 115203 116049 ,841377 887616 955085 696621 541822 880274 213151 392147 724442 854526 ,89932 92897 99075 100020 103718 104934 107394 114956 115203 116049 
405698 678707 544700 224397 812084 51834 60376 359275 990071 57533 ,54129 55366 55518 57857 58560 58886 59806 59806 60103 61003 ,405698 678707 544700 224397 812084 51834 60376 359275 990071 57533 ,54129 55366 55518 57857 58560 58886 59806 59806 60103 61003 
631815 631938 787573 629653 440418 125284 432911 366249 751952 751002 ,2085 11746 24642 25761 27961 28200 28428 28719 28993 29423 ,631815 631938 787573 629653 440418 125284 432911 366249 751952 751002 ,2085 11746 24642 25761 27961 28200 28428 28719 28993 29423 
532792 975957 9552 275882 628637 628185 24069 842144 208111 977696 ,58830 61388 64395 64659 65535 66392 66844 66991 67118 67522 ,532792 975957 9552 628637 628185 24069 842144 208111 977696 690337 ,58830 61388 64395 65535 66392 66844 66991 67118 67522 69758 
426368 52611 518194 482130 600386 16017 527051 932405 563196 421628 ,32755 35377 38713 39114 39384 40458 40541 41689 42747 43433 ,426368 52611 518194 482130 600386 16017 527051 932405 563196 421628 ,32755 35377 38713 39114 39384 40458 40541 41689 42747 43433 
481267 106529 899354 180722 226140 71195 531035 199149 277965 408157 ,34158 40720 42353 42946 43369 44073 44809 46569 46569 46790 ,106529 899354 180722 226140 71195 531035 199149 277965 704424 966434 ,40720 42353 42946 43369 44073 44809 46569 46569 47685 48830 
761092 673482 342301 94163 303331 85528 285911 142511 70551 654394 ,63290 67431 68467 70174 74237 77113 79839 81808 82203 82345 ,761092 673482 342301 94163 303331 85528 285911 142511 70551 654394 ,63290 67431 68467 70174 74237 77113 79839 81808 82203 82345 
507807 276843 449457 189713 336500 948938 710204 318974 512387 76318 ,69737 75385 78295 78815 80177 80719 81459 81483 81696 82203 ,507807 276843 449457 189713 336500 948938 318974 512387 76318 354399 ,69737 75385 78295 78815 80177 80719 81483 81696 82203 82590 
396939 833781 397007 343559 998822 511810 175344 114090 548800 977349 ,65442 67388 67779 76295 77835 78907 79182 79706 81022 81069 ,396939 833781 397007 343559 998822 511810 175344 114090 548800 977349 ,65442 67388 67779 76295 77835 78907 79182 79706 81022 81069 
534366 56316 257539 107427 411576 58197 913258 154876 392733 486197 ,36112 52621 53740 55898 57625 59129 60925 63839 64635 65849 ,534366 56316 257539 107427 411576 58197 913258 154876 392733 486197 ,36112 52621 53740 55898 57625 59129 60925 63839 64635 65849 
738937 88883 263872 342669 742041 663465 89423 969192 623892 223954 ,34103 39286 40201 42172 42382 43301 44336 45067 45682 46068 ,738937 88883 263872 342669 742041 663465 89423 969192 623892 223954 ,34103 39286 40201 42172 42382 43301 44336 45067 45682 46068 
635212 606081 127187 724086 826793 270961 799322 836333 434055 629238 ,53350 57393 58849 63438 63955 64999 66868 67307 68059 70682 ,606081 127187 724086 826793 270961 799322 836333 433073 527947 678577 ,57393 58849 63438 63955 64999 66868 67307 71537 72416 73071 
458604 598917 280129 249 739069 355568 842271 433911 853228 918643 ,88779 103901 107599 118702 128466 128893 131465 131799 132214 134385 ,458604 598917 280129 249 739069 355568 842271 433911 853228 918643 ,88779 103901 107599 118702 128466 128893 131465 131799 132214 134385 
503555 682503 198704 204361 268523 425492 821770 836251 129028 272354 ,85998 101075 109935 115165 122999 123266 126741 128362 128512 130450 ,503555 682503 198704 204361 268523 425492 821770 836251 129028 272354 ,85998 101075 109935 115165 122999 123266 126741 128362 128512 130450 
518085 603207 830084 415294 420148 56020 788383 606976 100159 107891 ,64315 64496 64764 66237 67404 68023 69303 72328 72637 72929 ,518085 603207 830084 415294 420148 56020 788383 606976 100159 107891 ,64315 64496 64764 66237 67404 68023 69303 72328 72637 72929 
532542 551806 804133 548616 519653 380774 734002 190484 177470 450372 ,54886 56419 57386 57664 58448 59800 60413 60779 61610 64306 ,532542 551806 804133 548616 519653 380774 734002 190484 177470 450372 ,54886 56419 57386 57664 58448 59800 60413 60779 61610 64306 
352194 598002 462964 225139 721501 908217 386073 591387 503642 424014 ,58253 60753 60837 61849 62562 63281 65407 65594 65955 66550 ,352194 598002 462964 225139 721501 908217 386073 591387 503642 424014 ,58253 60753 60837 61849 62562 63281 65407 65594 65955 66550 
369947 369192 973241 66684 821262 919769 527279 738626 291544 806315 ,48818 55732 59430 59439 61476 63419 63708 63971 64136 64361 ,369947 821262 527279 291544 806315 698409 748377 513911 307276 229655 ,48818 61476 63708 64136 64361 67600 67935 68249 68267 68351 
520660 198598 520829 197944 597190 630287 83070 168793 196974 340124 ,69095 70272 74266 74948 76945 77448 80509 81558 82589 82752 ,520660 198598 520829 197944 597190 630287 83070 168793 196974 340124 ,69095 70272 74266 74948 76945 77448 80509 81558 82589 82752 
726478 953165 507614 725454 12038 272831 3899 136451 945263 658615 ,56912 61428 62427 62824 63011 63753 64373 65062 65716 65772 ,726478 953165 507614 725454 12038 272831 3899 136451 945263 658615 ,56912 61428 62427 62824 63011 63753 64373 65062 65716 65772 
305891 305120 295216 525404 899948 338132 667400 955277 292991 636784 ,31226 31696 32934 34335 34880 35167 35382 35454 36096 36554 ,305891 305120 295216 525404 899948 338132 667400 955277 292991 636784 ,31226 31696 32934 34335 34880 35167 35382 35454 36096 36554 
837536 200060 264338 815083 112357 58549 355296 964761 791653 815120 ,17984 20007 20007 22564 23096 23472 25095 25191 26913 27054 ,837536 264338 791653 191332 819179 869377 663496 947743 740274 615223 ,17984 20007 26913 27207 27552 27969 28427 29127 30673 31092 
678288 341070 549172 106937 931329 701291 59180 644911 153329 393455 ,76917 85116 89440 89848 90761 91386 92247 94176 94679 95838 ,678288 341070 549172 106937 931329 701291 59180 644911 153329 393455 ,76917 85116 89440 89848 90761 91386 92247 94176 94679 95838 
847076 8540 193639 272455 39579 513328 279932 482013 822279 854203 ,49648 53460 53723 53723 54204 54543 54623 55216 55248 56639 ,847076 8540 193639 272455 39579 513328 279932 482013 822279 854203 ,49648 53460 53723 53723 54204 54543 54623 55216 55248 56639 
265100 953434 203029 140106 7630 107964 434676 178294 330332 775754 ,57265 61602 62676 68239 70795 71209 71503 72375 72488 73921 ,265100 953434 203029 7630 107964 434676 178294 330332 775754 9883 ,57265 61602 62676 70795 71209 71503 72375 72488 73921 73938 
309973 325690 742835 263928 517229 826394 887024 827757 934933 751606 ,71306 78924 94074 100470 104230 105393 107897 119626 122601 124964 ,309973 325690 742835 263928 517229 826394 887024 827757 934933 751606 ,71306 78924 94074 100470 104230 105393 107897 119626 122601 124964 
459816 336724 773853 748662 307586 58798 226734 685953 780455 789357 ,48052 48562 55052 55488 56104 56309 58353 59525 60436 60921 ,459816 336724 773853 748662 307586 58798 226734 685953 789357 662305 ,48052 48562 55052 55488 56104 56309 58353 59525 60921 62484 
547305 522525 516500 280354 124382 493207 353757 327010 359850 279129 ,35662 38485 39009 39129 39144 39951 40603 40877 41418 41711 ,547305 522525 516500 280354 124382 493207 353757 327010 359850 279129 ,35662 38485 39009 39129 39144 39951 40603 40877 41418 41711 
784985 265100 947061 434416 884779 822811 202269 365152 6507 299014 ,75883 77500 77888 80013 83644 85172 85420 86000 87298 87698 ,784985 265100 947061 434416 884779 822811 202269 365152 6507 299014 ,75883 77500 77888 80013 83644 85172 85420 86000 87298 87698 
20627 219635 60002 389698 956852 545484 459038 670466 141828 714058 ,44650 46540 48533 48989 49253 49425 52948 53525 53650 54906 ,20627 219635 60002 389698 956852 545484 459038 670466 141828 714058 ,44650 46540 48533 48989 49253 49425 52948 53525 53650 54906 
322294 313413 22880 911287 329479 514140 61771 324820 151227 932650 ,68579 74050 78234 80497 82571 83512 83592 84182 84372 85333 ,322294 313413 22880 911287 329479 514140 61771 324820 151227 932650 ,68579 74050 78234 80497 82571 83512 83592 84182 84372 85333 
382688 386906 502723 991875 545561 699728 79027 482847 846910 385279 ,62459 62488 63828 64043 65845 65896 66083 66135 67415 67867 ,382688 386906 502723 991875 545561 699728 79027 482847 846910 385279 ,62459 62488 63828 64043 65845 65896 66083 66135 67415 67867 
487654 124623 237271 812876 597460 526957 22339 307278 185490 480417 ,45920 48687 54246 55070 55434 57066 57924 58373 59387 61825 ,487654 124623 237271 812876 597460 526957 22339 307278 185490 480417 ,45920 48687 54246 55070 55434 57066 57924 58373 59387 61825 
721213 293626 648411 992495 750598 489626 797783 853608 841982 758861 ,73425 73537 78753 79863 80852 84813 85568 85717 85797 86179 ,721213 293626 648411 992495 750598 489626 797783 853608 841982 758861 ,73425 73537 78753 79863 80852 84813 85568 85717 85797 86179 
68583 519798 610497 673323 534803 16793 834320 530688 917855 516113 ,34154 38084 40335 40620 41095 42202 42413 42584 42916 43394 ,68583 519798 610497 673323 534803 16793 834320 530688 917855 516113 ,34154 38084 40335 40620 41095 42202 42413 42584 42916 43394 
18369 948669 51357 995052 260351 700265 38060 605521 108453 305131 ,61851 61983 62561 65145 67289 67504 68105 68388 68573 68897 ,18369 948669 51357 995052 260351 700265 38060 605521 305131 307259 ,61851 61983 62561 65145 67289 67504 68105 68388 68897 69039 
247016 233324 409991 453540 189865 702246 422911 101484 603362 964998 ,36892 41472 46036 46143 46266 46270 48249 49723 49750 50707 ,233324 409991 453540 702246 422911 214884 238056 42522 247599 459655 ,41472 46036 46143 46270 48249 52020 53068 53073 53192 53248 
916323 295649 363753 552667 928174 783719 533157 79478 102616 229136 ,48373 60509 61235 62395 63285 63614 64391 64684 65243 65640 ,916323 295649 363753 552667 928174 783719 79478 102616 385391 133677 ,48373 60509 61235 62395 63285 63614 64684 65243 66161 66174 
853099 535734 13225 631357 33255 520746 12271 524059 513417 740480 ,63593 71380 71440 74521 75254 76330 77493 78828 79527 79784 ,853099 535734 13225 631357 33255 520746 12271 524059 513417 740480 ,63593 71380 71440 74521 75254 76330 77493 78828 79527 79784 
250226 205755 520244 397977 139296 149715 166404 600104 74665 477900 ,66050 75741 80428 80826 82241 82793 84285 84523 84526 84942 ,250226 205755 520244 397977 139296 149715 600104 74665 477900 402750 ,66050 75741 80428 80826 82241 82793 84523 84526 84942 85148 
415214 514238 176711 893170 213333 595391 726324 221942 436405 247380 ,75006 75646 77806 80470 82484 83218 83762 87319 88233 88404 ,415214 514238 176711 893170 213333 595391 726324 221942 436405 247380 ,75006 75646 77806 80470 82484 83218 83762 87319 88233 88404 
40662 926542 898804 199706 894496 63523 238608 670805 858 264731 ,40865 42836 43064 43533 45828 48540 48813 54643 55532 55550 ,40662 926542 898804 199706 894496 63523 238608 670805 858 264731 ,40865 42836 43064 43533 45828 48540 48813 54643 55532 55550 
477903 455917 469376 142754 469143 836209 113191 538037 239955 647738 ,66600 69652 74996 76911 83958 84134 84854 85221 87088 89402 ,836209 411742 141698 505191 601138 7774 186416 472703 405430 516115 ,84134 94285 96269 100207 101533 102194 103604 104147 104429 104980 
410314 887825 807883 552133 808293 332814 7018 856578 411275 519556 ,59961 65297 67493 73622 74928 77938 79797 80544 81250 81570 ,410314 887825 807883 552133 808293 332814 7018 856578 411275 519556 ,59961 65297 67493 73622 74928 77938 79797 80544 81250 81570 
757178 521126 6207 673284 667098 254924 590899 83835 79071 812364 ,50021 66464 72200 72207 81613 81898 89223 103098 104180 110676 ,757178 521126 6207 673284 667098 254924 590899 83835 79071 812364 ,50021 66464 72200 72207 81613 81898 89223 103098 104180 110676 
711823 719795 408210 430354 305739 572180 82170 490868 68416 549650 ,62245 66391 71418 78645 80717 84775 86373 87342 88446 89068 ,711823 719795 408210 430354 305739 572180 82170 490868 68416 549650 ,62245 66391 71418 78645 80717 84775 86373 87342 88446 89068 
828420 721974 727024 293269 32002 575645 915223 734684 698478 817349 ,76343 113451 150936 180924 183655 187789 191621 192892 197685 201877 ,828420 721974 727024 293269 32002 575645 915223 734684 698478 817349 ,76343 113451 150936 180924 183655 187789 191621 192892 197685 201877 
39067 906817 905578 446143 785909 447437 446194 905633 191346 447871 ,4022 4694 5232 5305 5335 6097 6181 6257 6331 6455 ,39067 906817 905578 446143 785909 447437 446194 905633 191346 447871 ,4022 4694 5232 5305 5335 6097 6181 6257 6331 6455 
637349 351093 785100 338770 742642 237825 85509 356807 322274 552234 ,7470 18312 19963 21073 22064 22110 22632 22950 22989 23773 ,637349 351093 785100 338770 742642 237825 85509 356807 322274 552234 ,7470 18312 19963 21073 22064 22110 22632 22950 22989 23773 
536901 517077 824226 636826 446247 517963 415699 657721 657164 411601 ,12434 12526 14252 14334 14376 14698 15282 15631 15716 15884 ,536901 517077 824226 446247 517963 415699 657721 657164 411601 40916 ,12434 12526 14252 14376 14698 15282 15631 15716 15884 17081 
426891 355288 615534 423269 52575 102241 226681 675304 222402 921035 ,38309 40766 54016 55697 64416 69614 75709 77721 79850 82748 ,426891 355288 615534 423269 52575 102241 226681 675304 222402 921035 ,38309 40766 54016 55697 64416 69614 75709 77721 79850 82748 
368735 461523 452995 733365 281332 627915 55617 826998 656755 41658 ,31740 34233 35012 40139 41850 41870 42955 43754 46169 48048 ,368735 461523 452995 733365 281332 627915 55617 826998 656755 41658 ,31740 34233 35012 40139 41850 41870 42955 43754 46169 48048 
443649 853881 444551 881147 666702 640009 877039 443872 640445 854490 ,16661 16903 17094 18569 18591 24565 25287 25339 25942 27085 ,443649 853881 444551 881147 666702 640009 877039 443872 640445 854490 ,16661 16903 17094 18569 18591 24565 25287 25339 25942 27085 
554751 240791 348505 343966 240462 351167 194292 273108 233759 554785 ,27742 30624 32715 35776 36640 37507 37676 37676 39942 40278 ,554751 240791 348505 343966 240462 351167 273108 233759 554785 352174 ,27742 30624 32715 35776 36640 37507 37676 39942 40278 40664 
211828 435103 19912 285731 411304 213823 386729 55553 508462 894096 ,112071 122424 149860 155117 162420 170592 174266 178144 179113 179288 ,211828 435103 19912 285731 411304 213823 386729 55553 508462 894096 ,112071 122424 149860 155117 162420 170592 174266 178144 179113 179288 
51711 87730 906002 891485 388460 527344 925943 559142 895674 467992 ,62294 63754 76967 78226 79962 82619 82860 82966 83169 85386 ,51711 87730 906002 891485 388460 527344 925943 559142 895674 467992 ,62294 63754 76967 78226 79962 82619 82860 82966 83169 85386 
653871 560052 877142 305120 5711 279777 448650 351174 602480 448697 ,54621 67116 67586 69936 74727 75338 75459 76013 76200 80228 ,653871 560052 877142 305120 5711 279777 448650 351174 602480 448697 ,54621 67116 67586 69936 74727 75338 75459 76013 76200 80228 
788310 792073 112303 519032 445788 655528 816704 70338 659613 654862 ,14874 19010 25139 26387 28561 29201 32587 33739 34518 35086 ,788310 792073 112303 519032 445788 655528 816704 70338 659613 654862 ,14874 19010 25139 26387 28561 29201 32587 33739 34518 35086 
785032 602174 444295 637490 444642 443637 609803 911118 787933 242274 ,8283 8577 10968 10972 11429 12108 12487 12782 12915 13047 ,785032 602174 444295 637490 444642 443637 609803 911118 787933 242274 ,8283 8577 10968 10972 11429 12108 12487 12782 12915 13047 
805451 583744 803879 427439 21506 4941 389618 464929 944366 134404 ,61097 68503 74868 76480 78798 80541 81510 82108 82697 83239 ,805451 583744 803879 427439 21506 4941 389618 464929 944366 134404 ,61097 68503 74868 76480 78798 80541 81510 82108 82697 83239 
770725 953101 37898 558405 38842 446315 37678 447225 37685 569463 ,4904 5374 5865 6729 6737 6763 6791 6820 6873 7045 ,447225 37685 5774 823505 768132 447567 816550 655568 446679 767967 ,6820 6873 7262 7941 8199 8973 8987 9234 9886 10386 
191142 764899 837317 216735 640230 640123 643266 640855 640910 639902 ,61399 68401 69174 71553 72134 72432 72610 75852 76368 78067 ,191142 764899 837317 216735 640230 640123 643266 640855 640910 639902 ,61399 68401 69174 71553 72134 72432 72610 75852 76368 78067 
502968 573533 545011 343300 986369 392375 368859 131045 225702 988174 ,70670 71242 71948 72868 76983 77164 80970 81105 81675 81731 ,502968 573533 545011 343300 986369 392375 131045 225702 988174 86940 ,70670 71242 71948 72868 76983 77164 81105 81675 81731 82079 
384757 495815 754283 550770 117786 160743 13778 447909 67722 704593 ,73773 90465 98529 106332 109091 114258 114565 114860 115880 116084 ,384757 495815 754283 550770 117786 160743 13778 447909 67722 704593 ,73773 90465 98529 106332 109091 114258 114565 114860 115880 116084 
923568 555298 883509 51079 235146 23350 528209 890780 505525 100816 ,103520 107212 107698 109024 110566 115114 118609 120477 120897 122984 ,923568 555298 883509 51079 235146 23350 528209 890780 505525 100816 ,103520 107212 107698 109024 110566 115114 118609 120477 120897 122984 
794213 153659 717722 519032 188839 301362 128068 664599 39432 45096 ,34176 39677 40684 41066 45736 46056 46491 46975 48073 48543 ,794213 153659 717722 519032 188839 128068 664599 39432 45096 476935 ,34176 39677 40684 41066 45736 46491 46975 48073 48543 48845 
923780 895084 923933 964229 804753 846485 604252 995269 612823 765713 ,28227 30684 31799 36101 38137 38393 38744 39694 39875 40097 ,923780 895084 923933 964229 804753 846485 604252 995269 612823 765713 ,28227 30684 31799 36101 38137 38393 38744 39694 39875 40097 
891630 188793 871415 210613 188811 873088 504678 502746 637502 188920 ,32661 34783 35732 37422 38026 40573 40970 41102 41472 41642 ,891630 188793 871415 210613 188811 873088 504678 502746 637502 188920 ,32661 34783 35732 37422 38026 40573 40970 41102 41472 41642 
637241 416487 686016 833675 186307 611142 894425 354474 808554 540458 ,16750 40967 41425 43545 44687 44909 45443 45805 46433 48078 ,637241 416487 686016 833675 186307 611142 894425 354474 808554 540458 ,16750 40967 41425 43545 44687 44909 45443 45805 46433 48078 
951512 145608 416525 557976 982671 944312 196066 209655 110651 93541 ,62591 71853 82297 82634 84136 84493 84825 87074 87886 88566 ,951512 145608 416525 557976 982671 944312 196066 209655 110651 93541 ,62591 71853 82297 82634 84136 84493 84825 87074 87886 88566 
9928 834676 259574 15859 390165 690648 668590 668514 488519 738260 ,73723 75714 79241 79736 81091 84259 85471 86561 87618 88236 ,9928 834676 259574 390165 690648 668590 668514 488519 738260 227111 ,73723 75714 79241 81091 84259 85471 86561 87618 88236 89419 
5087 815392 815375 815519 446882 46437 420682 337243 305323 310413 ,21376 23560 24426 25815 25905 27224 28111 28755 30580 30651 ,5087 815392 815375 815519 446882 46437 420682 337243 305323 310413 ,21376 23560 24426 25815 25905 27224 28111 28755 30580 30651 
546387 152796 304999 363477 637099 295632 806082 305080 152795 522278 ,13785 15389 16019 16488 17877 18444 18511 18599 18706 18948 ,546387 152796 304999 363477 637099 295632 806082 305080 152795 522278 ,13785 15389 16019 16488 17877 18444 18511 18599 18706 18948 
776844 463705 358407 244884 394414 632459 655889 459867 698963 632330 ,53747 61515 64145 65543 66794 67846 69908 70449 70816 71004 ,776844 463705 358407 244884 394414 632459 655889 459867 698963 632330 ,53747 61515 64145 65543 66794 67846 69908 70449 70816 71004 
640565 700078 820691 53302 446315 544984 907323 11863 864841 467326 ,32428 33006 33813 35419 36683 37978 38052 38336 39196 39236 ,640565 700078 820691 53302 446315 544984 907323 11863 864841 467326 ,32428 33006 33813 35419 36683 37978 38052 38336 39196 39236 
806145 63929 698954 464987 787889 2422 723434 23638 756150 161286 ,40403 43342 44773 46641 46757 47002 47260 47538 48751 48789 ,806145 63929 698954 464987 787889 2422 723434 23638 756150 161286 ,40403 43342 44773 46641 46757 47002 47260 47538 48751 48789 
785533 781115 924861 119304 347106 473892 762397 445636 785401 995030 ,49692 51184 53016 53649 55643 56553 56699 57001 57844 58065 ,785533 781115 924861 119304 347106 473892 762397 445636 785401 446448 ,49692 51184 53016 53649 55643 56553 56699 57001 57844 58658 
656289 571371 649219 824819 981636 982156 599856 122497 738493 567640 ,26391 33211 34385 35014 35504 35997 36682 36687 36803 37819 ,571371 981636 982156 599856 122497 738493 567640 826167 582434 566548 ,33211 35504 35997 36682 36687 36803 37819 37931 38413 38436 
994609 100669 279283 736445 791319 607002 994676 191398 280557 637937 ,25650 26880 27285 27489 27728 28831 29286 29353 29573 29891 ,994609 791319 994676 191398 280557 637937 715435 716769 423741 400762 ,25650 27728 29286 29353 29573 29891 30017 32433 32523 33048 
288026 604812 758202 756316 673876 141809 674330 860468 112181 847839 ,57634 68402 69074 74885 75303 75775 78265 82541 83437 87990 ,288026 604812 758202 756316 673876 141809 674330 860468 112181 610898 ,57634 68402 69074 74885 75303 75775 78265 82541 83437 88088 
51971 655292 617613 968233 944814 447925 146155 567529 249355 667147 ,41684 66126 67703 67862 71253 72857 84683 88218 90438 92200 ,51971 655292 617613 968233 944814 447925 146155 567529 249355 667147 ,41684 66126 67703 67862 71253 72857 84683 88218 90438 92200 
786318 4734 195343 489672 504174 969884 328944 353030 104911 824684 ,46815 47895 49264 56095 57518 57987 59249 59821 60347 60639 ,786318 4734 195343 489672 504174 969884 328944 353030 104911 824684 ,46815 47895 49264 56095 57518 57987 59249 59821 60347 60639 
50632 73069 379159 559023 58327 421562 592990 994267 237778 448302 ,29530 31540 32505 32618 37590 39024 39399 40550 40768 41158 ,50632 73069 379159 559023 58327 421562 592990 994267 237778 448302 ,29530 31540 32505 32618 37590 39024 39399 40550 40768 41158 
232899 467547 203759 233114 245616 232909 90712 294411 489526 322689 ,37184 37673 37807 39770 40101 41213 42213 42981 43883 43947 ,232899 467547 203759 233114 232909 90712 294411 489526 322689 19729 ,37184 37673 37807 39770 41213 42213 42981 43883 43947 44428 
843302 19407 905416 910069 931594 496776 273932 207486 933112 748184 ,29217 34612 36852 40931 41663 42101 42572 43292 43339 43617 ,843302 19407 905416 910069 931594 496776 273932 207486 933112 748184 ,29217 34612 36852 40931 41663 42101 42572 43292 43339 43617 
968209 850820 920823 249830 555570 587456 298361 450464 700593 633290 ,110689 122033 123349 123706 129430 139290 139487 140143 148234 149717 ,968209 850820 920823 249830 555570 587456 298361 450464 700593 633290 ,110689 122033 123349 123706 129430 139290 139487 140143 148234 149717 
481248 575972 777453 23070 282281 437958 28811 731325 228271 295055 ,74422 78334 83726 83913 85395 85460 86088 87673 89229 90339 ,481248 575972 777453 23070 282281 437958 28811 731325 228271 295055 ,74422 78334 83726 83913 85395 85460 86088 87673 89229 90339 
293857 302227 293876 449192 389805 534448 600804 214705 98848 400620 ,27656 31251 31397 33093 36014 36831 37328 37339 39931 40024 ,293857 302227 293876 449192 389805 534448 600804 214705 98848 400620 ,27656 31251 31397 33093 36014 36831 37328 37339 39931 40024 
776367 638425 788837 604424 759147 619290 244232 99013 863567 144784 ,56821 62021 66180 66193 66557 66826 67827 68490 71386 71948 ,776367 638425 788837 604424 759147 619290 244232 99013 863567 144784 ,56821 62021 66180 66193 66557 66826 67827 68490 71386 71948 
447419 994200 788000 654321 667609 656375 791558 445561 655649 442760 ,7569 9742 10937 11081 11380 12627 13127 13582 13618 13666 ,447419 994200 788000 654321 667609 656375 791558 445561 655649 442760 ,7569 9742 10937 11081 11380 12627 13127 13582 13618 13666 
574817 368003 764026 7433 452975 815073 840977 985962 839112 22807 ,45768 47500 60375 62669 63140 63215 64335 64761 65938 66241 ,764026 7433 452975 815073 840977 985962 839112 22807 674083 51869 ,60375 62669 63140 63215 64335 64761 65938 66241 67866 69753 
983272 843107 184872 642010 486326 545008 772485 575526 511245 143690 ,98042 109355 113261 128100 128475 129123 132875 133342 134237 135803 ,983272 843107 184872 642010 486326 545008 772485 575526 511245 143690 ,98042 109355 113261 128100 128475 129123 132875 133342 134237 135803 
910395 994565 683367 676331 900936 773311 594588 738961 555935 943450 ,67373 69698 72543 73614 77639 79333 90934 91619 92855 95964 ,910395 994565 683367 676331 900936 773311 594588 738961 555935 943450 ,67373 69698 72543 73614 77639 79333 90934 91619 92855 95964 
953183 953152 953358 762145 688031 819501 60368 800835 653474 338147 ,30407 35127 42575 43501 44927 45801 51299 51594 52427 52842 ,953183 953152 953358 762145 819501 60368 800835 653474 338147 163517 ,30407 35127 42575 43501 45801 51299 51594 52427 52842 53149 
747602 505231 734660 740022 420006 716942 403009 711706 145703 535976 ,71816 76313 76410 78258 81819 87807 89523 90288 91203 91237 ,747602 505231 734660 740022 420006 716942 403009 711706 145703 535976 ,71816 76313 76410 78258 81819 87807 89523 90288 91203 91237 
837949 943276 802072 220116 365241 228346 928265 657397 794381 192574 ,48517 50447 50544 59681 62124 62582 64167 64906 65201 65228 ,837949 943276 802072 220116 365241 228346 928265 657397 794381 192574 ,48517 50447 50544 59681 62124 62582 64167 64906 65201 65228 
550983 168746 516276 841400 13005 210333 171222 1154 222237 231519 ,56616 56988 58912 59894 60256 60273 60323 60829 61072 62004 ,550983 168746 516276 841400 13005 210333 171222 1154 222237 231519 ,56616 56988 58912 59894 60256 60273 60323 60829 61072 62004 
315581 630822 531690 414316 495791 912537 176535 425656 41811 945114 ,70226 71842 72939 76007 76521 78427 79806 80243 80919 81613 ,315581 630822 414316 495791 912537 176535 425656 41811 945114 493797 ,70226 71842 76007 76521 78427 79806 80243 80919 81613 82697 
880137 189034 643720 598146 839461 45990 36329 515571 60233 441760 ,69348 69616 70949 77206 80295 81160 82176 83475 85447 86508 ,880137 189034 643720 598146 839461 45990 36329 515571 60233 441760 ,69348 69616 70949 77206 80295 81160 82176 83475 85447 86508 
389466 12252 550847 569180 412188 217960 418263 218054 332949 159083 ,48134 59429 60795 69884 73059 75463 81509 82670 84680 87419 ,389466 12252 550847 569180 412188 217960 418263 218054 332949 159083 ,48134 59429 60795 69884 73059 75463 81509 82670 84680 87419 
732084 453673 508113 352181 398742 921790 778350 303396 255707 700684 ,41055 53770 57102 58025 58119 58676 58977 59441 60510 60932 ,732084 453673 508113 352181 398742 921790 778350 255707 700684 959535 ,41055 53770 57102 58025 58119 58676 58977 60510 60932 61449 
470118 405056 263706 707858 315108 408680 381715 829862 860409 756711 ,62471 64401 68683 72422 74211 76253 76396 76429 78335 78860 ,470118 405056 263706 707858 315108 408680 381715 829862 860409 756711 ,62471 64401 68683 72422 74211 76253 76396 76429 78335 78860 
263019 307886 82600 664264 83311 175140 535717 101629 110380 930028 ,38341 42864 42886 43472 43573 44913 45417 45694 45736 46227 ,263019 82600 83311 175140 535717 101629 110380 930028 368875 192732 ,38341 42886 43573 44913 45417 45694 45736 46227 46302 46461 
233065 561833 609913 566768 419532 86669 637553 218963 23085 601447 ,36237 37782 38004 40613 41739 42068 42746 43735 43786 44390 ,233065 561833 609913 566768 419532 86669 637553 218963 23085 601447 ,36237 37782 38004 40613 41739 42068 42746 43735 43786 44390 
210432 496507 374351 501087 413121 137970 12766 869181 52097 561416 ,65776 71288 80057 82079 83203 84668 86976 87466 87546 89941 ,210432 496507 374351 501087 413121 137970 12766 869181 52097 561416 ,65776 71288 80057 82079 83203 84668 86976 87466 87546 89941 
950327 496105 259505 66501 106337 485948 745753 860610 323061 903490 ,41561 42959 43861 44399 44495 47047 47183 47819 48133 48576 ,950327 496105 259505 66501 485948 745753 860610 903490 944298 821715 ,41561 42959 43861 44399 47047 47183 47819 48576 49922 51106 
680446 934468 11313 295240 215428 326471 397109 591874 847264 805288 ,78700 80536 83922 83943 84748 85937 87816 89447 89711 90300 ,680446 934468 11313 295240 215428 326471 397109 591874 847264 805288 ,78700 80536 83922 83943 84748 85937 87816 89447 89711 90300 
954914 533007 624678 307283 376967 622064 116403 465625 571941 467215 ,39290 40951 41607 42207 42515 42753 42887 44993 45187 45368 ,954914 624678 307283 376967 622064 116403 465625 571941 467215 585186 ,39290 41607 42207 42515 42753 42887 44993 45187 45368 46009 
111921 527397 428531 42714 601541 719507 278656 404635 5555 529057 ,31253 32651 32776 33927 35388 36346 36509 36924 37091 37128 ,111921 527397 428531 42714 601541 719507 278656 404635 5555 529057 ,31253 32651 32776 33927 35388 36346 36509 36924 37091 37128 
768076 907132 309759 770940 789070 576535 568086 869346 568134 830755 ,35489 38062 38512 38959 39989 40341 43238 43671 44448 44509 ,768076 907132 309759 770940 789070 576535 568086 869346 568134 830755 ,35489 38062 38512 38959 39989 40341 43238 43671 44448 44509 
638625 638716 639420 639165 639309 639328 639277 57839 908681 639113 ,46189 47986 49211 50682 52468 55881 57168 58960 60159 61393 ,638625 639165 908681 499869 93742 999523 537033 552767 661690 611177 ,46189 50682 60159 62119 63249 67888 68173 68348 71357 72252 
911677 215632 911919 762354 786397 167907 23926 424070 79456 413932 ,34999 36637 50821 51663 56214 67200 73020 76724 78515 81449 ,911677 215632 911919 762354 786397 167907 23926 424070 79456 413932 ,34999 36637 50821 51663 56214 67200 73020 76724 78515 81449 
637349 323184 502646 637736 943218 974077 102984 974398 322865 502368 ,24209 24681 25067 25111 26213 26249 27427 27546 27771 27873 ,637349 323184 502646 637736 943218 974077 102984 974398 322865 502368 ,24209 24681 25067 25111 26213 26249 27427 27546 27771 27873 
476760 891421 295655 417533 971647 9067 903664 988093 52696 377694 ,40911 42933 42972 43898 46932 46959 47321 47659 47739 48040 ,476760 891421 295655 417533 971647 9067 903664 988093 52696 377694 ,40911 42933 42972 43898 46932 46959 47321 47659 47739 48040 
19084 366609 835604 92873 63779 1449 293173 69538 521995 220185 ,32211 32900 34088 34687 34718 34878 35969 36478 36482 36648 ,19084 366609 835604 92873 63779 1449 293173 69538 521995 220185 ,32211 32900 34088 34687 34718 34878 35969 36478 36482 36648 
220972 859901 165912 311034 942473 205206 926426 498876 36591 792688 ,86563 91107 101719 106525 109720 114757 116462 121136 121956 122227 ,220972 859901 165912 311034 942473 205206 926426 498876 36591 792688 ,86563 91107 101719 106525 109720 114757 116462 121136 121956 122227 
442345 776128 373474 781316 41080 644029 900816 760309 991113 655131 ,31293 32083 33257 34461 35998 36066 36186 37848 38163 39006 ,442345 776128 373474 781316 41080 644029 900816 760309 991113 655131 ,31293 32083 33257 34461 35998 36066 36186 37848 38163 39006 
499408 803848 558524 30035 499801 146238 698385 437887 719456 560326 ,26385 34144 36080 36188 36208 36609 36886 37627 38063 38855 ,499408 803848 558524 30035 499801 146238 698385 437887 719456 560326 ,26385 34144 36080 36188 36208 36609 36886 37627 38063 38855 
445568 446198 814365 446249 446247 445618 446683 447620 446308 446049 ,927 1180 1276 1287 1293 1411 1457 1475 1601 1621 ,446247 446958 446816 446160 446137 446240 446176 446245 639995 821437 ,1293 1820 1992 2099 2277 2297 2346 2606 2835 3041 
447529 963677 667043 279530 790825 446450 667142 42678 575267 446300 ,7102 16958 21683 23839 24243 24496 24673 25347 26106 26526 ,215632 423562 444785 445431 912945 446892 104906 423539 656256 674682 ,30312 30686 31158 31838 33067 33714 33943 34458 35645 36288 
641618 996417 443651 102617 849688 890662 102877 826205 885782 641846 ,18694 19375 20003 21412 23076 23697 24371 24737 27363 28204 ,641618 996417 443651 102617 849688 890662 102877 826205 885782 641846 ,18694 19375 20003 21412 23076 23697 24371 24737 27363 28204 
920233 539613 448127 9875 373462 42112 979572 216019 38633 216215 ,26690 27142 27971 30447 30566 30776 30906 30992 31181 31931 ,920233 539613 448127 9875 373462 42112 979572 216019 38633 216215 ,26690 27142 27971 30447 30566 30776 30906 30992 31181 31931 
639995 215914 446896 656107 445866 667170 817108 953137 446551 641385 ,4324 4556 4994 5215 5751 5872 6078 6872 7610 7988 ,639995 215914 446896 656107 445866 667170 817108 953137 446551 641385 ,4324 4556 4994 5215 5751 5872 6078 6872 7610 7988 
640921 640927 641019 640208 640636 641328 215783 656037 641948 876873 ,22183 22431 25510 26130 28293 30510 36687 37173 37550 38647 ,640921 640927 641019 640208 640636 641328 215783 656037 641948 876873 ,22183 22431 25510 26130 28293 30510 36687 37173 37550 38647 
809628 261542 838189 733102 60439 802399 87945 101611 342693 73517 ,61015 72557 73460 73564 73806 74381 79547 80095 81039 81817 ,809628 261542 838189 733102 60439 802399 87945 101611 342693 73517 ,61015 72557 73460 73564 73806 74381 79547 80095 81039 81817 
887850 768132 823505 816550 447225 655507 657153 656107 814299 445981 ,7497 10706 10734 11492 11905 12470 12605 12772 13307 13497 ,887850 768132 823505 816550 447225 655507 657153 656107 814299 445981 ,7497 10706 10734 11492 11905 12470 12605 12772 13307 13497 
640235 839360 659936 565916 656358 822414 816801 979430 41307 7078 ,8582 22254 23002 23146 23379 23555 23997 24167 24441 25382 ,640235 839360 659936 565916 656358 822414 816801 41307 7078 804394 ,8582 22254 23002 23146 23379 23555 23997 24441 25382 26314 
639958 640087 640344 640537 640596 641205 640025 642168 640990 640463 ,6991 22120 24897 25162 26136 27100 27272 30508 30793 31388 ,639958 640087 640344 640537 640596 641205 640025 642168 640990 640463 ,6991 22120 24897 25162 26136 27100 27272 30508 30793 31388 
675128 182180 935063 914 821227 677026 472538 437104 442497 899076 ,81182 91194 96546 97054 103723 108948 111360 111688 111707 114228 ,675128 182180 935063 914 821227 677026 472538 437104 442497 899076 ,81182 91194 96546 97054 103723 108948 111360 111688 111707 114228 
449367 639863 644024 245879 540730 189034 544899 640155 863063 889450 ,46654 54709 58565 59221 59406 60552 60961 64811 65955 66007 ,449367 639863 644024 245879 540730 189034 544899 640155 889450 915752 ,46654 54709 58565 59221 59406 60552 60961 64811 66007 66664 
639903 639921 642254 640214 640030 554529 639880 642351 834192 88082 ,9505 21561 22834 23245 26908 27834 29134 29217 31827 31836 ,639903 639921 642254 640214 640030 554529 639880 834192 88082 632894 ,9505 21561 22834 23245 26908 27834 29134 31827 31836 32611 
862271 863410 861772 207753 830248 655299 375177 950300 217402 824161 ,49277 50753 57622 59764 61142 61277 61877 62118 62800 63242 ,862271 863410 861772 207753 830248 655299 375177 950300 217402 824161 ,49277 50753 57622 59764 61142 61277 61877 62118 62800 63242 
641820 647302 562297 919242 809178 876832 824751 766549 486146 853807 ,24418 34377 41078 42235 43277 44228 44452 44770 44903 46127 ,641820 647302 562297 919242 809178 876832 824751 766549 486146 853807 ,24418 34377 41078 42235 43277 44228 44452 44770 44903 46127 
642981 649149 675021 604089 643208 909612 647210 759238 647493 652206 ,14643 49201 51179 57233 57566 58042 58980 59367 61340 63815 ,642981 649149 675021 604089 643208 909612 647210 759238 647493 652206 ,14643 49201 51179 57233 57566 58042 58980 59367 61340 63815 
6836 642944 217219 881105 996176 893682 471783 911029 516149 634919 ,29053 32093 33973 35843 39628 40275 42238 43410 43720 43764 ,6836 642944 217219 881105 996176 893682 471783 911029 516149 634919 ,29053 32093 33973 35843 39628 40275 42238 43410 43720 43764 
641028 998899 103476 817896 969048 6288 814239 119803 103482 536314 ,10523 15983 17249 17389 17416 17477 17536 17958 18128 18202 ,998899 103476 817896 969048 6288 814239 119803 103482 654707 770360 ,15983 17249 17389 17416 17477 17536 17958 18128 18690 18709 
39167 479207 112368 770208 817945 655584 673291 446314 446307 101624 ,19130 20944 25727 25772 30522 32137 33410 33516 34127 34554 ,39167 479207 112368 770208 817945 655584 673291 446314 446307 101624 ,19130 20944 25727 25772 30522 32137 33410 33516 34127 34554 
639976 640068 641507 640020 918905 640708 642528 641490 642484 596512 ,15413 20831 23028 26180 31445 33964 34830 35717 35738 35822 ,641507 918905 640708 993599 918876 887569 834300 669240 517758 824707 ,23028 31445 33964 36931 37043 39338 40053 41052 41515 41631 
994117 640520 640277 728179 543714 657269 995525 682933 649410 657440 ,17901 22795 40109 40455 45160 45511 49773 52104 54074 54550 ,994117 640520 640277 728179 543714 657269 995525 682933 649410 657440 ,17901 22795 40109 40455 45160 45511 49773 52104 54074 54550 
642832 640598 642689 642538 611133 640614 7374 640770 640261 640381 ,16097 19656 22407 22531 23129 25059 25088 25362 25614 25618 ,642689 640473 605840 965629 641391 644743 512640 899384 899110 612721 ,22407 31157 34948 35010 37969 37979 40082 40639 41406 41677 
642270 640908 641944 641547 642102 669031 642866 958435 971265 99410 ,25752 29913 30556 36347 38688 44457 46477 46532 51944 53840 ,642270 640908 641944 641547 642102 669031 642866 958435 971265 99410 ,25752 29913 30556 36347 38688 44457 46477 46532 51944 53840 
40595 189268 642712 640241 254804 641917 158755 40845 40588 189069 ,23210 29452 30957 32506 33263 33400 34231 34285 34359 34410 ,40595 189268 642712 640241 254804 641917 158755 40845 40588 189069 ,23210 29452 30957 32506 33263 33400 34231 34285 34359 34410 
215783 674130 674591 674703 837305 890885 911948 652984 992412 615325 ,39382 55544 66559 67552 68661 70780 83982 87000 90631 93071 ,215783 674130 674591 674703 837305 890885 911948 652984 992412 615325 ,39382 55544 66559 67552 68661 70780 83982 87000 90631 93071 
641243 640821 640927 640129 641011 640769 640921 640969 640982 640855 ,32006 34685 36024 36656 37031 38406 38496 40021 41791 42265 ,640889 969451 642354 969291 640182 640231 969168 996245 211331 673367 ,46781 52580 55321 55486 55837 56753 57335 58797 59753 61315 
642887 643946 640691 644461 644025 641909 643300 643967 611133 643240 ,15666 16201 17645 25495 27803 30467 31972 32567 40130 40327 ,642887 643946 640691 644461 644025 641909 643300 643967 611133 643240 ,15666 16201 17645 25495 27803 30467 31972 32567 40130 40327 
616262 657114 716461 906190 611034 642295 924558 775021 643909 893023 ,26103 28123 29209 29455 30287 32738 33109 35795 36345 38010 ,616262 657114 716461 906190 611034 642295 924558 775021 643909 893023 ,26103 28123 29209 29455 30287 32738 33109 35795 36345 38010 
423754 426231 715482 787768 540096 883331 416653 222217 777472 536587 ,30752 35980 38316 40619 40732 40844 41286 42411 43167 43589 ,423754 426231 715482 787768 540096 883331 416653 222217 777472 536587 ,30752 35980 38316 40619 40732 40844 41286 42411 43167 43589 
444198 444188 849267 895395 641224 646238 851503 849135 824972 641784 ,7647 16591 24660 25951 26014 27839 28284 31074 32435 34669 ,444198 444188 849267 895395 641224 646238 851503 849135 824972 641784 ,7647 16591 24660 25951 26014 27839 28284 31074 32435 34669 
5551 6611 448343 768290 826647 891344 446326 38788 673059 536441 ,13795 17539 18601 21358 21893 22558 22642 23373 23437 23674 ,5551 6611 448343 768290 826647 891344 446326 38788 673059 536441 ,13795 17539 18601 21358 21893 22558 22642 23373 23437 23674 
502297 907724 603655 768341 627915 423001 46189 354462 816801 793722 ,31983 35107 39406 40161 41495 45356 51853 51959 53994 66486 ,502297 907724 603655 768341 627915 423001 46189 354462 816801 793722 ,31983 35107 39406 40161 41495 45356 51853 51959 53994 66486 
825686 641452 443563 443745 643155 641820 881574 644317 444202 640110 ,6592 7168 8183 8261 8704 9135 11088 11405 11598 11967 ,825686 641452 443563 443745 643155 641820 881574 644317 444202 640110 ,6592 7168 8183 8261 8704 9135 11088 11405 11598 11967 
74082 738208 345018 545736 471605 715274 846681 623563 689971 127850 ,100595 103263 105129 105866 107794 108749 109866 111594 112277 112545 ,74082 738208 345018 545736 471605 715274 846681 623563 689971 127850 ,100595 103263 105129 105866 107794 108749 109866 111594 112277 112545 
643144 643361 642994 643476 906660 637767 642766 474373 641121 429749 ,74516 87576 92608 94377 97564 97601 102134 102908 103439 105075 ,643361 643476 906660 637767 474373 641121 429749 189882 728989 220185 ,87576 94377 97564 97601 102908 103439 105075 108506 109012 110096 
641507 640176 640616 993599 640483 518486 641529 640782 606653 379618 ,15160 20431 24295 24325 25237 25499 27257 28874 29129 30126 ,641507 640176 640616 993599 640483 518486 641529 640782 606653 379618 ,15160 20431 24295 24325 25237 25499 27257 28874 29129 30126 
640130 639869 639911 640881 643104 640120 885702 640620 544898 640707 ,12251 14151 21339 22992 23085 23826 26094 28684 28909 31482 ,639869 639911 640881 640120 640254 640484 642002 851279 916187 642573 ,14151 21339 22992 23826 33255 33941 34211 35814 36588 39873 
642110 448875 641328 641948 996245 640257 994879 640927 640231 892393 ,12869 41216 43153 43381 44383 44523 48661 49062 49235 50404 ,642110 448875 641328 641948 996245 640257 994879 640927 640231 892393 ,12869 41216 43153 43381 44383 44523 48661 49062 49235 50404 
644163 953550 568848 559694 949036 405555 886388 42025 806849 655697 ,43254 58523 60866 61247 63402 63806 68805 68852 68879 71328 ,644163 953550 568848 559694 949036 405555 886388 42025 806849 655697 ,43254 58523 60866 61247 63402 63806 68805 68852 68879 71328 
640248 825594 959120 854617 764085 837555 412037 610361 443908 612810 ,36847 46485 47595 48517 51725 54003 54573 56192 58361 58673 ,640248 825594 959120 854617 764085 837555 412037 610361 443908 612810 ,36847 46485 47595 48517 51725 54003 54573 56192 58361 58673 
116898 273920 249181 362956 656648 380896 249041 796859 866220 268618 ,108789 111954 112553 114171 117978 120633 121227 121386 121607 121655 ,116898 273920 249181 362956 656648 249041 796859 866220 268618 897521 ,108789 111954 112553 114171 117978 121227 121386 121607 121655 122082 
641899 642378 609298 649796 642648 26509 609021 983820 592149 827419 ,32260 40488 55132 55843 60154 63530 64709 65187 66377 70182 ,641899 609298 26509 609021 983820 592149 827419 757652 814162 889151 ,32260 55132 63530 64709 65187 66377 70182 70496 70814 73017 
729344 62545 213823 164547 906010 670935 249000 975014 54018 442879 ,85073 90032 105772 105861 110246 111849 112549 112930 113572 114846 ,729344 62545 213823 164547 906010 670935 249000 975014 54018 442879 ,85073 90032 105772 105861 110246 111849 112549 112930 113572 114846 
643617 643758 643743 643174 640579 98255 217956 116439 187697 493383 ,25531 33087 44445 50455 66551 67354 67621 68318 72705 72789 ,643758 643743 643174 640579 98255 217956 116439 187697 537612 380206 ,33087 44445 50455 66551 67354 67621 68318 72705 73695 74616 
911938 373303 781570 735869 885589 754220 900932 537048 211715 286377 ,48314 68447 72033 72266 74118 75923 75981 78015 78145 80327 ,911938 781570 885589 754220 900932 907801 912099 899734 250455 975166 ,48314 72033 74118 75923 75981 82160 83114 86293 89520 90503 
642150 640132 640613 641328 640856 643043 642538 40054 610127 640394 ,12398 34141 46465 52105 52980 54461 54815 57872 59112 59552 ,640132 640613 641328 640856 643043 642538 40054 610127 640394 640691 ,34141 46465 52105 52980 54461 54815 57872 59112 59552 63318 
643271 643356 643034 644413 892497 983817 643403 901657 463092 222407 ,39890 48079 57860 69184 71775 82235 82303 87136 92476 98312 ,643271 643034 644413 892497 983817 643403 901657 463092 222407 497521 ,39890 57860 69184 71775 82235 82303 87136 92476 98312 105005 
640344 640025 640463 640537 642737 643946 640691 640990 642944 642730 ,6269 11668 13712 17478 18059 20207 21529 22577 25610 25625 ,640344 640025 640463 640537 642737 643946 640691 640990 642944 642730 ,6269 11668 13712 17478 18059 20207 21529 22577 25610 25625 
774948 470479 839309 855192 855060 911939 398688 615995 923395 217202 ,30472 32355 35251 36897 37817 38087 39914 40423 42003 42074 ,774948 470479 839309 855192 855060 911939 398688 615995 923395 217202 ,30472 32355 35251 36897 37817 38087 39914 40423 42003 42074 
640652 39377 422299 901561 900987 767893 912073 654377 643948 770759 ,16012 22790 24261 24574 26192 26313 27447 27754 28114 28370 ,640652 422299 901561 900987 767893 912073 654377 643948 770759 556312 ,16012 24261 24574 26192 26313 27447 27754 28114 28370 30438 
881697 923392 806070 776033 316723 989680 496995 112944 877632 791973 ,89167 89273 92657 93030 94160 94526 94556 95485 96813 97093 ,881697 923392 806070 776033 316723 989680 496995 112944 877632 791973 ,89167 89273 92657 93030 94160 94526 94556 95485 96813 97093 
976705 882176 6269 603339 643193 677574 908317 638915 637000 789776 ,43824 44907 48399 48748 49406 49942 50774 51413 51775 52429 ,976705 882176 6269 603339 643193 677574 908317 638915 637000 789776 ,43824 44907 48399 48748 49406 49942 50774 51413 51775 52429 
641109 641154 641071 876874 642569 876946 637266 653570 758089 134976 ,17229 17394 28293 42756 46572 48778 54382 56145 59636 59657 ,641109 641154 641071 876874 876946 637266 653570 758089 134976 985432 ,17229 17394 28293 42756 48778 54382 56145 59636 59657 62277 
788106 425379 913037 650548 654555 718615 655209 217492 401574 847381 ,21290 29260 32266 33493 33663 43077 44101 44791 46821 47312 ,788106 425379 913037 650548 654555 718615 655209 217492 401574 847381 ,21290 29260 32266 33493 33663 43077 44101 44791 46821 47312 
648299 572816 646264 772527 979811 789989 557484 373473 789253 776126 ,27954 32077 33121 33699 33700 34549 34578 35165 35999 36868 ,648299 572816 646264 772527 979811 789989 557484 373473 789253 776126 ,27954 32077 33121 33699 33700 34549 34578 35165 35999 36868 
640732 640442 640831 641282 639898 640331 747008 640509 641489 641700 ,8021 13432 16089 16125 17688 20092 20196 22416 23051 23052 ,640509 640340 996417 444802 849688 885782 443651 446528 217218 641846 ,22416 23665 24216 29476 30595 31390 31402 32250 32427 32777 
385776 900748 653602 658007 166431 969622 882445 647546 215876 806966 ,104621 108049 113562 116205 126691 127978 128193 141051 143491 157521 ,385776 900748 653602 658007 166431 969622 882445 647546 215876 806966 ,104621 108049 113562 116205 126691 127978 128193 141051 143491 157521 
455958 899249 71012 511217 902230 260740 185489 774136 172996 213238 ,94814 96465 96744 102441 104223 106624 106918 108783 108886 109451 ,455958 899249 71012 511217 902230 260740 185489 774136 172996 213238 ,94814 96465 96744 102441 104223 106624 106918 108783 108886 109451 
643191 10689 380349 644009 40317 761172 757949 998740 642525 227602 ,33709 35628 40122 41963 43440 47254 47832 48166 50675 50744 ,643191 10689 380349 644009 40317 761172 757949 998740 642525 227602 ,33709 35628 40122 41963 43440 47254 47832 48166 50675 50744 
644619 642565 643949 644862 642995 643487 601406 645061 644440 417502 ,27797 27900 29942 31102 32001 33200 36841 36850 37942 39831 ,644619 642565 643949 644862 642995 643487 601406 645061 644440 417502 ,27797 27900 29942 31102 32001 33200 36841 36850 37942 39831 
300691 194779 226577 734213 972835 854804 705453 289427 276764 927811 ,115125 116562 119059 125294 125422 125948 127235 129722 132127 133379 ,300691 194779 226577 734213 972835 854804 705453 289427 276764 927811 ,115125 116562 119059 125294 125422 125948 127235 129722 132127 133379 
644638 605709 645004 642982 908065 38151 913583 447635 911540 882617 ,6634 25344 38865 39005 40907 46973 49167 49212 50296 51090 ,644638 605709 645004 642982 908065 38151 913583 447635 911540 882617 ,6634 25344 38865 39005 40907 46973 49167 49212 50296 51090 
654819 948304 422760 718523 423566 66834 323014 40938 426829 816931 ,27821 29426 30505 31528 32298 32977 33276 33938 33975 34640 ,654819 948304 422760 718523 423566 66834 323014 40938 426829 816931 ,27821 29426 30505 31528 32298 32977 33276 33938 33975 34640 
645747 645798 994466 672993 649556 905304 89262 645205 996838 285749 ,16389 27196 35989 40048 43347 47089 47678 48293 49649 49951 ,645747 645798 994466 672993 649556 905304 89262 645205 996838 285749 ,16389 27196 35989 40048 43347 47089 47678 48293 49649 49951 
538689 727338 950337 500558 113089 561416 494831 225421 504110 124325 ,94167 97842 103871 104042 107690 109655 110091 111206 112497 113596 ,538689 727338 950337 500558 113089 561416 494831 225421 504110 124325 ,94167 97842 103871 104042 107690 109655 110091 111206 112497 113596 
645333 645263 663926 151241 213598 175563 528624 363433 615034 130456 ,14998 22851 27134 28326 28778 28786 30186 30476 32086 32099 ,645333 645263 663926 151241 363433 130456 127465 466609 429995 780288 ,14998 22851 27134 28326 30476 32099 32113 33355 33455 33643 
10711 887440 961046 587931 656773 976439 898215 766580 376212 96307 ,85712 88182 88462 93917 96105 97321 105107 106106 107017 108559 ,10711 887440 961046 587931 976439 898215 766580 376212 96307 24988 ,85712 88182 88462 93917 97321 105107 106106 107017 108559 113297 
649708 906361 647106 175942 614203 283886 793977 903471 906360 787150 ,47586 53326 55869 58442 59285 60630 61355 64147 64202 68129 ,649708 906361 175942 614203 283886 793977 903471 906360 787150 442938 ,47586 53326 58442 59285 60630 61355 64147 64202 68129 69278 
985734 144413 245864 315449 618791 347487 849248 148014 833870 795283 ,52599 58913 62652 63189 63486 68781 69455 71035 71611 72747 ,985734 144413 245864 315449 618791 347487 849248 148014 833870 795283 ,52599 58913 62652 63189 63486 68781 69455 71035 71611 72747 
975161 373809 580286 996886 43919 764837 974548 838838 295911 816093 ,61244 67807 69603 70190 70943 75883 77057 81115 82203 82304 ,975161 373809 580286 996886 43919 764837 974548 838838 295911 816093 ,61244 67807 69603 70190 70943 75883 77057 81115 82203 82304 
647221 716628 609724 581297 444602 444043 799487 673330 783854 599202 ,14600 17352 25701 25740 27884 28022 29631 31436 31669 33138 ,647221 716628 609724 581297 444602 444043 799487 673330 783854 599202 ,14600 17352 25701 25740 27884 28022 29631 31436 31669 33138 
445445 444280 761117 228988 30905 446762 443882 708921 886654 653830 ,16809 20198 22272 23272 30100 31749 32323 33768 34044 34927 ,445445 444280 761117 228988 30905 446762 443882 708921 886654 653830 ,16809 20198 22272 23272 30100 31749 32323 33768 34044 34927 
649462 652001 649946 762623 906398 615695 381446 648458 814655 649321 ,15884 26109 26360 27027 31321 32859 40966 42857 44853 47989 ,649462 652001 649946 762623 906398 615695 381446 648458 814655 649321 ,15884 26109 26360 27027 31321 32859 40966 42857 44853 47989 
566603 607141 24109 426575 334697 823981 921910 497014 555274 646937 ,23906 34705 41035 44157 44509 45390 45642 45697 45717 46844 ,566603 607141 24109 426575 334697 823981 921910 497014 555274 646937 ,23906 34705 41035 44157 44509 45390 45642 45697 45717 46844 
653086 653286 457577 443955 781365 651001 799482 473723 653226 926135 ,18270 23135 24338 28650 30256 30406 33197 34460 37105 39499 ,653086 653286 457577 443955 781365 651001 799482 473723 653226 926135 ,18270 23135 24338 28650 30256 30406 33197 34460 37105 39499 
321657 655344 750395 615716 88582 514995 432409 262711 4480 391861 ,45421 54125 58190 60093 61185 61253 62602 63039 63108 63612 ,321657 655344 750395 615716 88582 514995 262711 4480 391861 954125 ,45421 54125 58190 60093 61185 61253 63039 63108 63612 63786 
295677 608065 978435 973494 266614 251025 772105 686525 373789 749497 ,66386 74688 80935 84302 85243 85407 86594 89699 89851 92968 ,295677 608065 978435 973494 266614 251025 772105 686525 373789 749497 ,66386 74688 80935 84302 85243 85407 86594 89699 89851 92968 
647932 858563 852953 837985 920104 990176 672302 990291 672197 830728 ,23135 40699 40898 44763 45172 45795 45902 46376 47362 47904 ,858563 852953 837985 672197 774522 785310 255097 971559 648012 72182 ,40699 40898 44763 47362 50229 50371 52314 52522 52609 52631 
424120 649477 23557 800523 646644 30359 646114 911117 56115 422832 ,17220 18320 19485 20045 20921 22455 22477 23111 23332 23428 ,649477 30359 646114 422832 648992 101275 443586 412218 610879 759221 ,18320 22455 22477 23428 25563 26946 29851 30989 33187 34173 
646894 646594 714020 647565 802357 648643 803376 472031 904252 802234 ,15266 20159 22314 23152 24325 27860 28265 31515 32478 32730 ,646894 646594 714020 647565 802357 648643 803376 472031 904252 802234 ,15266 20159 22314 23152 24325 27860 28265 31515 32478 32730 
647074 647967 647954 649389 647152 645933 652912 772038 652957 646232 ,2903 7609 9487 9503 18917 20847 23180 23189 23333 23880 ,647074 647967 647954 649389 647152 645933 652912 772038 652957 646232 ,2903 7609 9487 9503 18917 20847 23180 23189 23333 23880 
830127 648253 952346 758406 716879 190613 755514 544319 831883 835847 ,5910 11149 11685 11844 11918 12412 12571 12850 13393 13517 ,830127 648253 952346 758406 716879 190613 755514 544319 831883 835847 ,5910 11149 11685 11844 11918 12412 12571 12850 13393 13517 
997585 257831 484730 542358 913971 569532 530181 357074 573077 225513 ,57569 58446 58906 61484 61730 67410 69577 70088 70442 73039 ,997585 257831 484730 542358 913971 569532 530181 357074 573077 225513 ,57569 58446 58906 61484 61730 67410 69577 70088 70442 73039 
914911 397546 845732 881989 536451 746427 563297 777569 923568 553329 ,40004 46203 50659 54565 58917 65215 65528 66453 67107 68538 ,914911 397546 845732 881989 536451 746427 563297 777569 923568 553329 ,40004 46203 50659 54565 58917 65215 65528 66453 67107 68538 
212482 609779 821892 609790 672582 896601 653903 648550 647790 850421 ,25766 30714 31206 31824 34676 35746 36483 38398 38768 39717 ,212482 609779 609790 672582 896601 653903 648550 647790 850421 385684 ,25766 30714 31824 34676 35746 36483 38398 38768 39717 41164 
797848 649771 534540 457244 474272 423352 827061 788195 790625 985657 ,18476 43965 53100 60497 63439 65127 71034 74700 76445 76771 ,797848 649771 534540 457244 474272 423352 827061 788195 790625 985657 ,18476 43965 53100 60497 63439 65127 71034 74700 76445 76771 
646520 518194 996855 98602 264972 325429 912426 671440 671612 968183 ,17994 73462 77120 79262 80117 80717 82389 82781 83308 85772 ,646520 518194 996855 264972 325429 912426 671440 671612 968183 698435 ,17994 73462 77120 80117 80717 82389 82781 83308 85772 87630 
647429 179101 674595 334443 897297 383077 229126 137155 182271 479082 ,87904 90450 93087 95416 101130 102517 105194 108293 112124 112590 ,647429 179101 334443 897297 383077 229126 137155 182271 479082 239290 ,87904 90450 95416 101130 102517 105194 108293 112124 112590 115002 
374667 551089 998283 154575 374552 374281 502337 821044 373744 257830 ,37989 39870 44689 45826 46534 53246 54390 54590 56482 56495 ,374667 551089 998283 154575 374552 374281 502337 821044 373744 257830 ,37989 39870 44689 45826 46534 53246 54390 54590 56482 56495 
637490 536060 652970 281171 602174 546667 566809 555763 653202 649946 ,23802 24790 25661 33954 35899 38061 38219 39748 40136 43209 ,637490 536060 652970 281171 602174 546667 566809 555763 653202 649946 ,23802 24790 25661 33954 35899 38061 38219 39748 40136 43209 
647825 240027 856344 601091 777954 431552 431725 619795 544425 783230 ,29109 65631 72597 78063 78486 79884 81168 81806 82588 83051 ,647825 240027 856344 601091 777954 431552 431725 619795 544425 783230 ,29109 65631 72597 78063 78486 79884 81168 81806 82588 83051 
970299 717184 653432 615706 961975 721269 961601 445684 648715 654603 ,16349 17155 20833 21045 21200 22477 22936 23011 23872 24559 ,970299 615706 762753 427094 653403 653180 648153 816830 852662 649955 ,16349 21045 27663 30604 30960 31725 32762 33700 33845 34824 
650561 653180 649444 647827 423428 649355 988979 976779 641858 961139 ,25898 51241 54787 60574 64455 68028 69533 69810 71932 74394 ,650561 653180 649444 647827 423428 649355 988979 976779 641858 961139 ,25898 51241 54787 60574 64455 68028 69533 69810 71932 74394 
646551 647231 609702 614941 637490 189584 785532 649004 444642 444957 ,17926 19556 19915 20653 20858 23027 23877 23906 24125 24157 ,646551 647231 609702 614941 637490 189584 785532 649004 444642 444957 ,17926 19556 19915 20653 20858 23027 23877 23906 24125 24157 
105245 766485 883885 570358 367417 859612 612127 105120 766686 579480 ,44398 45125 45317 45738 45858 47819 48181 48674 48970 49212 ,105245 766485 883885 570358 859612 612127 105120 766686 579480 883970 ,44398 45125 45317 45738 47819 48181 48674 48970 49212 49549 
661281 920510 70791 864699 203309 494262 576138 199052 670111 483405 ,64528 67651 75119 75812 77648 78424 79244 80858 81443 81859 ,661281 920510 70791 864699 203309 494262 576138 199052 670111 483405 ,64528 67651 75119 75812 77648 78424 79244 80858 81443 81859 
820249 32352 513843 521 117034 979087 12949 234162 115433 35940 ,107043 149638 157164 163137 174233 175784 176211 177034 180157 180874 ,820249 32352 513843 521 117034 979087 12949 234162 115433 35940 ,107043 149638 157164 163137 174233 175784 176211 177034 180157 180874 
719615 511528 267829 825111 892963 385767 113008 400668 772521 736222 ,74544 95331 110031 110479 112667 116982 130636 137762 142070 146721 ,719615 511528 267829 825111 892963 385767 113008 400668 772521 736222 ,74544 95331 110031 110479 112667 116982 130636 137762 142070 146721 
772895 910783 647071 444785 308191 136379 994302 647560 540813 850239 ,63919 66340 73075 73323 75041 75650 76417 78300 78809 80400 ,772895 910783 647071 444785 308191 136379 994302 647560 540813 850239 ,63919 66340 73075 73323 75041 75650 76417 78300 78809 80400 
903783 805031 784863 521695 342292 160217 116562 308068 321864 972349 ,74272 77400 89166 90388 92730 93196 94163 94556 94620 94784 ,903783 805031 784863 521695 342292 160217 116562 308068 321864 972349 ,74272 77400 89166 90388 92730 93196 94163 94556 94620 94784 
443706 651364 651393 652868 191528 256720 651495 612143 557884 324374 ,61716 78674 83709 98370 117088 121050 123289 125799 133878 134574 ,443706 651364 651393 652868 191528 256720 651495 612143 557884 324374 ,61716 78674 83709 98370 117088 121050 123289 125799 133878 134574 
979573 747270 845904 644397 627915 258115 798633 183205 903273 41287 ,96854 107040 113915 139186 163743 184952 189477 191425 195373 207743 ,979573 747270 845904 644397 627915 258115 798633 183205 903273 41287 ,96854 107040 113915 139186 163743 184952 189477 191425 195373 207743 
603339 30208 775960 954836 815994 643706 250250 648201 444457 298107 ,62823 68680 69154 71486 74474 84202 84542 84880 88507 89497 ,603339 30208 775960 954836 815994 643706 250250 648201 444457 298107 ,62823 68680 69154 71486 74474 84202 84542 84880 88507 89497 
557823 329661 308637 11924 386134 735939 712709 728003 4473 361062 ,83549 87090 93901 108821 109580 110954 114364 115629 115688 116472 ,557823 329661 308637 11924 386134 735939 712709 728003 4473 361062 ,83549 87090 93901 108821 109580 110954 114364 115629 115688 116472 
653215 647716 654798 886922 216147 647492 471596 648272 650312 646611 ,36661 39049 39738 42118 42497 42897 46135 46240 46311 46316 ,653215 647716 654798 886922 216147 647492 471596 648272 650312 646611 ,36661 39049 39738 42118 42497 42897 46135 46240 46311 46316 
641603 995946 640666 825557 824672 444816 840367 634827 709414 717010 ,32964 33385 33676 36043 37523 37726 38167 39116 40041 40063 ,641603 995946 640666 825557 824672 444816 840367 634827 709414 717010 ,32964 33385 33676 36043 37523 37726 38167 39116 40041 40063 
649613 651922 657634 734598 139764 318815 788034 983958 133620 787892 ,10782 53247 56032 56313 58777 59176 60449 63190 63280 63309 ,649613 651922 657634 734598 139764 318815 788034 983958 133620 787892 ,10782 53247 56032 56313 58777 59176 60449 63190 63280 63309 
658810 915732 308793 915817 857876 661866 851429 42650 829730 741366 ,63103 63453 64710 70877 70907 72110 73231 73467 74899 75313 ,658810 915732 308793 915817 857876 661866 851429 42650 829730 741366 ,63103 63453 64710 70877 70907 72110 73231 73467 74899 75313 
716841 373800 954910 959695 591874 811891 903268 993122 562436 847822 ,52379 57259 60841 63905 65846 69549 69988 70858 71077 72750 ,716841 373800 954910 959695 591874 811891 903268 993122 562436 847822 ,52379 57259 60841 63905 65846 69549 69988 70858 71077 72750 
649457 446087 534424 190635 446744 685246 831883 805110 768077 446790 ,9518 13073 13407 14491 14707 14794 15443 15631 15823 15839 ,649457 446087 534424 190635 446744 685246 831883 805110 768077 446790 ,9518 13073 13407 14491 14707 14794 15443 15631 15823 15839 
655913 647496 653514 647575 647210 647221 800835 795760 716628 650563 ,19487 22387 28064 29657 30616 31783 32557 33741 34007 36518 ,655913 653514 647575 647210 647221 800835 795760 716628 653465 651196 ,19487 28064 29657 30616 31783 32557 33741 34007 37408 37861 
583983 13460 454581 842909 728556 739001 210536 394337 222779 697280 ,75573 80508 82827 82913 83235 84361 85661 86313 86386 87961 ,583983 13460 454581 842909 728556 210536 394337 222779 697280 676116 ,75573 80508 82827 82913 83235 85661 86313 86386 87961 88498 
648803 826805 926426 569854 566750 569727 765849 979748 603017 618158 ,9567 21752 23582 24659 24669 24831 24833 25030 25083 25129 ,826805 926426 569854 566750 569727 765849 979748 603017 618158 132812 ,21752 23582 24659 24669 24831 24833 25030 25083 25129 25245 
650617 774883 674383 776301 994879 446994 674258 674649 630659 645599 ,66383 67329 73500 80689 81259 81492 84399 85764 86569 86976 ,650617 774883 674383 776301 994879 446994 674258 674649 630659 675907 ,66383 67329 73500 80689 81259 81492 84399 85764 86569 87866 
716280 967497 591876 471778 978646 668211 983454 257798 616498 365811 ,94258 98180 99822 112309 114719 114779 119215 119476 127218 127881 ,716280 967497 591876 471778 978646 668211 983454 257798 616498 365811 ,94258 98180 99822 112309 114719 114779 119215 119476 127218 127881 
232922 127518 19758 226395 689959 400481 736040 973555 459506 393758 ,71419 71610 73240 75199 76201 76439 78537 79786 80354 80421 ,232922 127518 19758 226395 689959 400481 736040 459506 393758 395258 ,71419 71610 73240 75199 76201 76439 78537 80354 80421 80996 
299049 107873 963500 222380 548199 962015 263778 136225 143140 485195 ,79939 89734 92946 97383 100916 101988 102351 102590 103032 104447 ,299049 107873 963500 222380 548199 962015 263778 136225 143140 485195 ,79939 89734 92946 97383 100916 101988 102351 102590 103032 104447 
138386 612936 677160 747401 163916 758861 856836 813663 280023 381686 ,96322 97770 109462 114215 116780 119368 119794 124211 132685 134385 ,138386 612936 677160 747401 163916 758861 856836 813663 280023 381686 ,96322 97770 109462 114215 116780 119368 119794 124211 132685 134385 
407572 874864 579708 890023 419572 406807 578814 889982 706386 943618 ,41180 45482 49571 50037 50747 51580 51652 53489 54625 55557 ,407572 874864 579708 890023 419572 406807 578814 889982 706386 943618 ,41180 45482 49571 50037 50747 51580 51652 53489 54625 55557 
649780 779432 794671 557772 979881 550629 132165 794054 216595 84881 ,53793 62405 68820 78743 85313 87307 87559 88462 89973 90509 ,649780 779432 794671 557772 979881 550629 132165 794054 216595 85452 ,53793 62405 68820 78743 85313 87307 87559 88462 89973 91388 
438182 731649 706560 311293 779286 198595 277411 861165 556273 718450 ,49612 52772 53722 54356 54636 54945 54945 55107 55590 55743 ,438182 731649 706560 311293 198595 277411 861165 556273 718450 358621 ,49612 52772 53722 54356 54945 54945 55107 55590 55743 55863 
566861 644397 874363 458019 310694 547798 841112 979790 586011 635527 ,102742 108466 111618 135961 139820 141922 148680 151812 153422 155036 ,566861 644397 874363 458019 310694 547798 841112 979790 586011 635527 ,102742 108466 111618 135961 139820 141922 148680 151812 153422 155036 
91685 682633 706065 611091 345952 251303 863366 576138 991564 146278 ,80477 100120 111683 111979 114270 114401 117264 117481 119254 121086 ,91685 682633 706065 611091 345952 251303 863366 576138 991564 146278 ,80477 100120 111683 111979 114270 114401 117264 117481 119254 121086 
650860 894635 472239 717867 906793 656250 445634 651292 422769 98927 ,24586 24809 26441 34567 34762 38537 39997 42279 42358 43426 ,650860 894635 472239 717867 906793 656250 445634 422769 98927 959345 ,24586 24809 26441 34567 34762 38537 39997 42358 43426 46454 
652420 654191 649943 650263 651263 995059 655100 651589 655423 656065 ,10423 10475 12445 15314 16832 20790 21086 21166 21413 21886 ,652420 654191 649943 651263 995059 655100 651589 655423 656065 894636 ,10423 10475 12445 16832 20790 21086 21166 21413 21886 22003 
802275 422891 768517 900816 40746 756934 643830 423577 792513 850275 ,6564 10394 10513 13369 15004 15114 15800 15897 16023 16228 ,802275 422891 768517 900816 40746 756934 643830 423577 792513 850275 ,6564 10394 10513 13369 15004 15114 15800 15897 16023 16228 
995254 650027 649749 655749 647423 650599 653352 652020 990985 995438 ,58030 64766 71227 71984 72344 75174 76065 77846 79287 79443 ,650027 649749 655749 647423 650599 653352 652020 990985 995438 647870 ,64766 71227 71984 72344 75174 76065 77846 79287 79443 79869 
863548 912939 536133 865594 519450 606450 772495 897260 46269 767926 ,89889 105621 114864 133370 133417 137629 144642 152367 152479 157509 ,863548 912939 536133 865594 519450 606450 772495 897260 46269 767926 ,89889 105621 114864 133370 133417 137629 144642 152367 152479 157509 
648153 324374 652145 653284 602480 757261 716618 941997 847240 991108 ,51075 53162 54288 54785 57167 59417 60494 61730 63347 63449 ,648153 324374 652145 653284 602480 757261 716618 941997 847240 991108 ,51075 53162 54288 54785 57167 59417 60494 61730 63347 63449 
425505 648022 718742 714138 647471 647650 646895 802359 789911 654398 ,23019 33622 47622 48227 48347 49266 52181 53491 56135 56308 ,425505 648022 718742 714138 647471 647650 646895 802359 654398 151906 ,23019 33622 47622 48227 48347 49266 52181 53491 56308 60341 
756381 24219 133122 25850 190654 893659 159057 755956 971070 650220 ,54229 59082 59362 62807 65712 65749 66040 67418 68262 69529 ,756381 24219 133122 25850 190654 893659 159057 755956 971070 650220 ,54229 59082 59362 62807 65712 65749 66040 67418 68262 69529 
534588 825684 526374 815093 451439 553184 297935 995692 982663 790727 ,16061 28142 29935 30914 31675 31733 32757 33085 33755 33867 ,534588 825684 526374 815093 451439 553184 297935 995692 982663 790727 ,16061 28142 29935 30914 31675 31733 32757 33085 33755 33867 
781697 442978 428666 714191 654364 640947 534532 186820 905496 757819 ,16655 18884 25770 27818 30432 30438 34111 34280 34506 35960 ,781697 442978 428666 714191 654364 640947 534532 186820 905496 757819 ,16655 18884 25770 27818 30432 30438 34111 34280 34506 35960 
648278 653588 653813 647795 906399 444791 650244 648779 444083 444522 ,9232 11731 12501 13737 13829 14948 16218 16615 19902 20552 ,648278 653588 653813 647795 906399 444791 650244 648779 444083 444522 ,9232 11731 12501 13737 13829 14948 16218 16615 19902 20552 
650545 973150 178325 757228 284258 460092 368134 17311 905007 946348 ,14937 48489 51565 52169 52688 52759 53438 53439 54434 54774 ,650545 973150 178325 757228 284258 460092 17311 905007 398693 485911 ,14937 48489 51565 52169 52688 52759 53439 54434 55331 55755 
298796 458760 790899 606540 973014 242091 192803 1588 545390 550713 ,75181 86292 92221 93387 95648 100171 101991 103498 103882 104109 ,298796 458760 790899 606540 973014 242091 192803 1588 545390 550713 ,75181 86292 92221 93387 95648 100171 101991 103498 103882 104109 
675827 804248 893709 575249 983603 906256 892700 161101 297633 23184 ,100416 118412 125548 129341 129867 130696 134149 136533 139513 140351 ,675827 804248 893709 575249 983603 906256 892700 161101 297633 23184 ,100416 118412 125548 129341 129867 130696 134149 136533 139513 140351 
657001 986237 912702 652460 642165 905929 781696 557346 905853 189576 ,6904 8355 8769 9335 10668 12193 12798 13157 16097 17520 ,781696 654670 642996 423709 428154 611035 964986 657744 890912 959580 ,12798 23721 24341 25251 26375 26668 29408 29623 31658 36277 
480662 862980 430361 514673 759174 986323 368372 255649 667767 875615 ,56969 65902 66264 66438 68549 69505 70560 70890 71676 72432 ,480662 862980 514673 759174 986323 255649 667767 875615 706852 36505 ,56969 65902 66438 68549 69505 70890 71676 72432 73867 74904 
653264 649249 473117 777028 716727 814879 654142 444046 444413 545355 ,20163 21769 27426 27487 27834 28756 31073 31290 31557 31774 ,653264 649249 473117 777028 716727 814879 654142 444046 444413 545355 ,20163 21769 27426 27487 27834 28756 31073 31290 31557 31774 
643515 423577 757176 643479 907239 643454 186614 641999 657320 422891 ,8539 11717 12205 15364 15467 15726 17053 17440 18327 18474 ,423577 757176 186614 641999 657320 422891 775639 425379 756934 913037 ,11717 12205 17053 17440 18327 18474 19029 19363 19724 20289 
649532 647231 651010 646428 646551 655100 653638 650263 850548 648988 ,18775 19544 22891 24081 31064 31981 34511 35779 39821 42673 ,649532 647231 651010 646428 646551 655100 653638 650263 850548 648988 ,18775 19544 22891 24081 31064 31981 34511 35779 39821 42673 
401022 399697 841679 25520 400777 413121 171202 317197 120562 309545 ,75105 75935 76489 76658 83707 85636 86287 87091 87239 87956 ,401022 399697 841679 25520 413121 171202 317197 120562 309545 163639 ,75105 75935 76489 76658 85636 86287 87091 87239 87956 89414 
809350 203765 878565 894693 870938 435622 308460 703927 8831 264482 ,104663 120846 121415 121711 123056 127061 127219 130966 132266 132841 ,809350 203765 878565 894693 870938 435622 308460 703927 8831 264482 ,104663 120846 121415 121711 123056 127061 127219 130966 132266 132841 
473460 827132 483865 251819 845025 384495 538689 320612 102818 940026 ,136928 177845 183675 187162 188850 194870 199776 201881 203261 205225 ,473460 827132 483865 251819 845025 384495 538689 320612 102818 940026 ,136928 177845 183675 187162 188850 194870 199776 201881 203261 205225 
34385 423409 685689 504714 906760 424045 904172 88186 685205 163472 ,71837 73518 80339 82574 85308 86245 86574 87401 88174 89838 ,423409 685689 504714 424045 904172 88186 685205 163472 357794 179781 ,73518 80339 82574 86245 86574 87401 88174 89838 90930 93895 
354376 919125 686794 501943 496033 468484 683031 550044 202847 587716 ,73719 90548 91266 91449 91569 97622 98334 100382 100782 101594 ,354376 919125 686794 501943 496033 468484 683031 550044 202847 587716 ,73719 90548 91266 91449 91569 97622 98334 100382 100782 101594 
680334 765220 29825 996383 114126 391642 765506 877531 531332 895019 ,65693 68197 70844 70999 71536 74524 74624 76132 76749 77473 ,680334 765220 29825 996383 114126 391642 765506 877531 531332 895019 ,65693 68197 70844 70999 71536 74524 74624 76132 76749 77473 
647229 973735 833046 610177 346494 778048 654745 773754 613019 845732 ,47892 51225 52336 52601 52770 60284 60519 61419 62401 64642 ,647229 973735 833046 610177 346494 778048 654745 773754 613019 845732 ,47892 51225 52336 52601 52770 60284 60519 61419 62401 64642 
761395 374202 211265 654606 943447 567304 910207 137980 646744 757617 ,37652 43753 49902 50152 51655 58620 59216 60097 60947 61943 ,761395 374202 211265 654606 943447 567304 910207 137980 646744 757617 ,37652 43753 49902 50152 51655 58620 59216 60097 60947 61943 
654327 827694 641749 675672 642460 641801 645873 827286 642126 825272 ,18222 19501 21059 23728 24025 24502 24623 25032 26077 27091 ,654327 827694 641749 675672 642460 641801 645873 827286 642126 825272 ,18222 19501 21059 23728 24025 24502 24623 25032 26077 27091 
25556 960898 386355 959449 396348 159889 564511 204635 380576 894784 ,74785 96500 101332 105073 105901 107673 109534 109930 109961 112617 ,25556 960898 386355 959449 396348 159889 564511 204635 380576 894784 ,74785 96500 101332 105073 105901 107673 109534 109930 109961 112617 
662192 651764 25409 461723 445410 553970 281358 653684 801 972802 ,105795 108880 113030 113066 117069 118797 119326 121958 122243 122254 ,662192 651764 25409 461723 445410 553970 281358 653684 801 972802 ,105795 108880 113030 113066 117069 118797 119326 121958 122243 122254 
272752 535294 647620 225129 613990 286572 873160 275882 906602 943126 ,111901 114809 116522 118487 121086 130419 130438 136022 142144 145729 ,272752 535294 647620 225129 613990 286572 873160 275882 906602 943126 ,111901 114809 116522 118487 121086 130419 130438 136022 142144 145729 
262987 262584 959837 186760 250278 703615 293782 980546 186928 10470 ,44713 45285 49141 51718 55671 56072 57286 59013 61129 61432 ,262987 262584 959837 186760 250278 703615 980546 186928 10470 431439 ,44713 45285 49141 51718 55671 56072 59013 61129 61432 61463 
244784 376936 477378 888208 838333 983453 863514 543284 187632 462315 ,57386 60248 61966 67236 68074 68316 69142 69944 71015 71353 ,244784 376936 477378 888208 838333 983453 863514 543284 187632 462315 ,57386 60248 61966 67236 68074 68316 69142 69944 71015 71353 
101624 601746 478031 289823 82870 293283 230030 761920 605204 736802 ,25090 25737 31250 32128 36631 38898 42648 48227 48679 51953 ,101624 601746 478031 289823 82870 293283 230030 761920 605204 736802 ,25090 25737 31250 32128 36631 38898 42648 48227 48679 51953 
760066 568322 954076 27878 786023 835328 205657 740683 349083 947192 ,55222 63329 91482 95136 99054 99193 101768 103854 105981 106331 ,760066 568322 954076 27878 786023 835328 205657 740683 349083 947192 ,55222 63329 91482 95136 99054 99193 101768 103854 105981 106331 
310222 961269 864910 834168 320147 205681 269959 284304 978282 495404 ,64021 73656 78146 82417 82808 82858 82858 82909 82961 83210 ,310222 961269 864910 834168 320147 269959 284304 978282 495404 349029 ,64021 73656 78146 82417 82808 82858 82909 82961 83210 83226 
411349 215697 285071 44985 747466 915085 624202 696934 841273 567206 ,41668 49379 55119 58075 61089 61377 63439 64290 65063 65160 ,215697 285071 44985 747466 567206 410483 761821 715941 955958 136716 ,49379 55119 58075 61089 65160 66609 67410 69887 69967 71669 
871582 674039 833128 26381 136814 759563 137631 404790 649297 143117 ,27970 41141 42126 44253 48997 49163 50396 54642 54947 55488 ,871582 674039 833128 26381 136814 759563 137631 404790 649297 143117 ,27970 41141 42126 44253 48997 49163 50396 54642 54947 55488 
675101 673917 900064 656206 890885 216349 249962 867793 717684 186447 ,41025 41356 54551 56371 65544 66152 70578 71025 71143 71197 ,675101 673917 900064 656206 890885 216349 249962 867793 717684 186447 ,41025 41356 54551 56371 65544 66152 70578 71025 71143 71197 
424231 900559 633081 546997 212828 730042 557641 625251 989544 373466 ,63776 69864 70425 81413 85396 85802 87619 87759 89999 90023 ,424231 900559 633081 546997 212828 730042 557641 625251 989544 373466 ,63776 69864 70425 81413 85396 85802 87619 87759 89999 90023 
856675 856246 654942 974137 957772 840727 828824 957572 770899 138372 ,61725 62401 65055 66183 67055 68568 68587 71276 71375 72009 ,856675 856246 654942 974137 957772 840727 828824 957572 770899 138372 ,61725 62401 65055 66183 67055 68568 68587 71276 71375 72009 
656332 654494 657059 893336 721084 667391 423458 656546 447053 654704 ,3995 5569 6235 6517 6696 6890 6976 7126 7255 7366 ,656332 905497 443078 446176 839456 539589 656716 905634 655696 667324 ,3995 7935 8166 8352 9038 9259 9287 9451 10034 10673 
664980 971555 971572 221230 687291 539805 297519 254495 971342 613018 ,41530 44103 44579 44982 46182 47316 48082 48829 49082 50002 ,664980 971555 971572 221230 687291 539805 297519 254495 971342 613018 ,41530 44103 44579 44982 46182 47316 48082 48829 49082 50002 
568594 896173 836059 673929 674617 838205 672583 752169 39650 353461 ,27243 30145 32644 33398 37782 39983 40199 40582 42654 43347 ,568594 896173 836059 673929 674617 838205 672583 752169 39650 353461 ,27243 30145 32644 33398 37782 39983 40199 40582 42654 43347 
651751 855409 857227 103658 758474 929135 997117 793043 566435 606347 ,18464 29443 30341 44325 46590 49137 49305 50803 51037 51612 ,651751 855409 857227 103658 758474 929135 997117 793043 566435 606347 ,18464 29443 30341 44325 46590 49137 49305 50803 51037 51612 
889864 387235 633932 286026 324330 755387 140606 234627 249450 464045 ,70774 74017 86358 90071 91490 94105 94614 95487 97366 97812 ,889864 387235 633932 286026 324330 755387 140606 234627 249450 464045 ,70774 74017 86358 90071 91490 94105 94614 95487 97366 97812 
443936 469560 313484 674557 717564 444270 971646 963676 819178 423157 ,53754 56115 60499 61893 62084 64156 66365 66723 68130 69572 ,443936 469560 313484 674557 717564 444270 971646 963676 819178 423157 ,53754 56115 60499 61893 62084 64156 66365 66723 68130 69572 
649117 648159 814961 649781 649604 653304 912739 649093 212442 647190 ,42642 45411 46782 48359 50392 58087 62366 64772 65855 67509 ,649117 648159 814961 649781 649604 653304 912739 649093 212442 647190 ,42642 45411 46782 48359 50392 58087 62366 64772 65855 67509 
760046 606715 777564 373860 820689 776451 661417 820285 1906 148294 ,34537 37346 38109 40359 42300 42820 43424 43558 44189 44197 ,760046 606715 777564 373860 820689 776451 661417 820285 1906 148294 ,34537 37346 38109 40359 42300 42820 43424 43558 44189 44197 
842615 105704 143224 297018 828944 473592 694759 92779 862701 123880 ,37082 48712 49270 49570 50154 50401 52026 56013 56258 56301 ,842615 105704 143224 297018 828944 473592 694759 92779 862701 123880 ,37082 48712 49270 49570 50154 50401 52026 56013 56258 56301 
429422 655532 850809 102620 650548 329053 40928 667609 446839 400921 ,28474 37584 45960 47941 51284 52811 53018 54278 57443 58290 ,429422 655532 850809 102620 650548 329053 40928 667609 446839 400921 ,28474 37584 45960 47941 51284 52811 53018 54278 57443 58290 
217395 656599 978886 837254 642288 616262 961674 667008 721155 655516 ,5516 7138 7840 8401 8657 8739 8982 10674 11221 11518 ,217395 978886 837254 961674 721155 827206 655649 656831 827286 905633 ,5516 7840 8401 8982 11221 11817 12126 12361 12522 12572 
276167 587491 686444 925714 659553 499037 42854 645336 955597 134472 ,45500 51591 53270 53360 55173 57137 57456 58597 58970 60056 ,276167 587491 686444 925714 659553 499037 42854 645336 955597 134472 ,45500 51591 53270 53360 55173 57137 57456 58597 58970 60056 
274016 798221 84937 74324 209604 219756 210238 775910 794516 774994 ,97619 99034 101052 104832 104958 106235 106444 109266 110479 111385 ,274016 798221 84937 74324 209604 219756 210238 775910 794516 774994 ,97619 99034 101052 104832 104958 106235 106444 109266 110479 111385 
767617 837464 112068 655538 877051 652052 624689 632429 712911 846430 ,81411 81688 84097 86940 89012 90446 90458 94616 95077 95566 ,767617 837464 112068 655538 877051 652052 624689 632429 712911 846430 ,81411 81688 84097 86940 89012 90446 90458 94616 95077 95566 
655473 40992 225026 634023 858685 785178 539013 169564 609143 174267 ,24689 30626 37344 41015 42249 44200 44564 45846 46248 46660 ,655473 40992 225026 634023 858685 785178 539013 169564 609143 174267 ,24689 30626 37344 41015 42249 44200 44564 45846 46248 46660 
292304 686167 247868 756385 666899 557321 839021 652981 101748 63281 ,38592 49925 51687 51855 52161 54113 57358 57614 57653 57774 ,292304 686167 247868 756385 666899 557321 839021 652981 101748 63281 ,38592 49925 51687 51855 52161 54113 57358 57614 57653 57774 
656217 423662 447289 446899 642734 995177 641904 447033 643076 445800 ,7843 8112 9461 9544 9569 9617 9658 9937 9986 10209 ,656217 423662 447289 446899 642734 995177 641904 447033 643076 445800 ,7843 8112 9461 9544 9569 9617 9658 9937 9986 10209 
752790 907418 711282 901095 770713 684927 964659 923510 638308 754287 ,47268 60639 61023 63184 65389 66330 68004 68030 68441 69115 ,752790 907418 711282 901095 770713 684927 923510 638308 754287 943545 ,47268 60639 61023 63184 65389 66330 68030 68441 69115 70543 
756917 757144 769372 978412 548296 149998 328623 855874 876660 116436 ,57259 63202 69429 70769 72940 74857 76061 76072 78562 80908 ,756917 757144 769372 978412 548296 149998 328623 855874 876660 116436 ,57259 63202 69429 70769 72940 74857 76061 76072 78562 80908 
652396 651918 652207 125943 76239 532882 407047 406813 532811 155273 ,21942 40728 51478 58694 63863 64609 64792 64979 65497 66595 ,652396 651918 652207 125943 76239 532882 407047 532811 155273 135343 ,21942 40728 51478 58694 63863 64609 64792 65497 66595 67284 
889217 249562 765366 282874 951524 835180 417068 282716 35364 915542 ,62386 66150 66572 66789 68852 69273 69596 69598 69775 70466 ,889217 765366 282874 951524 835180 417068 282716 35364 915542 830350 ,62386 66572 66789 68852 69273 69596 69598 69775 70466 70718 
521348 622809 285327 853048 884158 853607 823519 794496 743815 657726 ,45365 50465 51503 52105 55308 55817 57551 58180 58191 59285 ,521348 622809 285327 853048 884158 853607 823519 794496 743815 657726 ,45365 50465 51503 52105 55308 55817 57551 58180 58191 59285 
967011 960626 585100 961496 21490 413258 175939 966133 61303 603701 ,113723 120806 122193 124327 126284 127783 128495 129399 129454 130062 ,967011 960626 585100 961496 21490 413258 175939 966133 61303 603701 ,113723 120806 122193 124327 126284 127783 128495 129399 129454 130062 
825747 822074 912726 785178 657160 993853 219559 375265 831283 190480 ,29037 29773 30403 32759 32834 33228 33320 34329 34431 35271 ,825747 822074 912726 785178 657160 993853 219559 375265 831283 190480 ,29037 29773 30403 32759 32834 33228 33320 34329 34431 35271 
622167 919226 996462 617568 976622 134782 954071 952368 839687 970404 ,74219 75404 75702 77327 77585 78339 78643 80044 81073 84096 ,622167 952368 128683 628621 959299 149400 858575 161818 919967 112851 ,74219 80044 91087 91213 92315 92465 92858 92995 93498 94401 
652697 137871 568480 864458 969737 470286 639153 32712 831999 29621 ,24455 42154 54933 58810 59434 64302 65407 69123 69312 71410 ,652697 137871 568480 864458 969737 470286 639153 32712 831999 29621 ,24455 42154 54933 58810 59434 64302 65407 69123 69312 71410 
794712 794414 942826 439478 794107 622825 903303 470232 440233 671475 ,65431 73532 74376 76111 78111 81301 83219 83607 84218 85030 ,794712 794414 942826 794107 622825 903303 470232 671475 948518 576088 ,65431 73532 74376 78111 81301 83219 83607 85030 85534 86462 
691844 32155 285065 615232 748588 519294 722957 328949 796020 87692 ,79986 83633 83854 84157 85197 86450 88229 88316 88775 89177 ,691844 32155 285065 615232 748588 519294 722957 328949 796020 87692 ,79986 83633 83854 84157 85197 86450 88229 88316 88775 89177 
751314 963263 667686 952959 28076 946786 838619 946572 622739 971230 ,14550 14658 17002 17072 17715 17969 18944 19250 19920 20195 ,751314 838619 946572 622739 881684 469406 567084 567421 468876 136663 ,14550 18944 19250 19920 20414 20977 21723 21862 23644 23826 
618250 705232 870308 590207 629237 497802 259811 757652 174836 967525 ,48860 54445 57209 60688 61247 62854 62990 63857 65839 66336 ,618250 705232 870308 590207 629237 497802 259811 757652 174836 967525 ,48860 54445 57209 60688 61247 62854 62990 63857 65839 66336 
264503 562618 570861 849358 3283 181493 516219 491466 957779 362525 ,56044 60872 64218 64249 68172 68709 68729 70172 71500 71521 ,264503 562618 570861 849358 3283 181493 516219 491466 957779 362525 ,56044 60872 64218 64249 68172 68709 68729 70172 71500 71521 
230190 657256 667678 656410 667394 657425 101576 39067 657215 656931 ,5485 6495 6568 6803 7219 7258 7327 7676 7686 7826 ,230190 657256 101576 656931 656739 655649 445887 657666 445585 447033 ,5485 6495 7327 7826 8037 8247 8682 9122 9459 9547 
448954 757949 825005 890255 380349 893190 757985 890692 449098 643069 ,10048 10160 10550 10750 12768 12848 13711 14586 14730 15160 ,757949 893190 757985 643069 813337 381436 714964 905754 423175 890522 ,10160 12848 13711 15160 17636 22277 22331 26652 27982 28147 
921537 55011 616478 425274 99964 638965 112612 753695 281261 833495 ,69849 71724 71889 73691 73719 74440 74777 75120 75221 75723 ,921537 55011 616478 425274 99964 638965 112612 753695 281261 833495 ,69849 71724 71889 73691 73719 74440 74777 75120 75221 75723 
642124 642808 908126 643065 655902 907510 788251 953335 423458 959580 ,4738 4958 5838 5943 6157 6905 7197 7304 7377 7650 ,642124 642808 908126 643065 655902 907510 788251 953335 423458 959580 ,4738 4958 5838 5943 6157 6905 7197 7304 7377 7650 
73029 676424 315844 972691 512401 318964 966006 798361 150567 826345 ,66929 70069 72159 72988 76171 79270 79305 79370 80330 80865 ,73029 676424 315844 972691 512401 318964 966006 798361 150567 826345 ,66929 70069 72159 72988 76171 79270 79305 79370 80330 80865 
652897 24236 73038 927473 707512 525661 500355 910104 966475 958322 ,20032 49511 50018 52511 53410 53803 56088 56150 57681 57717 ,652897 24236 73038 927473 707512 525661 500355 966475 958322 158799 ,20032 49511 50018 52511 53410 53803 56088 57681 57717 57987 
901038 373453 217255 528162 955853 866680 136228 436923 373475 68848 ,80590 92748 97735 99304 99503 99836 101846 102158 103263 103884 ,901038 373453 217255 528162 866680 136228 436923 373475 68848 239911 ,80590 92748 97735 99304 99836 101846 102158 103263 103884 105714 
446882 264864 282779 317848 280732 723116 518085 614913 132450 351708 ,40787 41312 42032 42145 42663 43690 43751 44657 45279 45348 ,446882 264864 282779 317848 280732 723116 518085 614913 132450 351708 ,40787 41312 42032 42145 42663 43690 43751 44657 45279 45348 
291534 279724 659542 389723 514328 662617 517451 297789 192297 540814 ,26106 26845 27785 28040 30245 30938 31092 31568 31654 31660 ,291534 279724 659542 389723 514328 662617 517451 297789 192297 540814 ,26106 26845 27785 28040 30245 30938 31092 31568 31654 31660 
429723 306383 559731 261483 480712 336911 108248 426750 350403 153704 ,24329 29832 35281 37314 38176 38297 39036 40855 40871 42564 ,429723 306383 559731 261483 480712 336911 108248 426750 350403 153704 ,24329 29832 35281 37314 38176 38297 39036 40855 40871 42564 
92748 83410 84814 92921 23504 521866 156500 87081 291910 350468 ,33717 34065 35451 37467 38576 38887 40434 40585 40615 41517 ,92748 83410 84814 92921 23504 521866 156500 87081 291910 350468 ,33717 34065 35451 37467 38576 38887 40434 40585 40615 41517 
94678 332908 353757 337132 419860 469889 16514 431064 4716 798294 ,23245 26764 28464 29591 29688 29872 30769 31309 31602 32083 ,94678 332908 353757 337132 419860 469889 16514 431064 4716 798294 ,23245 26764 28464 29591 29688 29872 30769 31309 31602 32083 
920711 822908 715015 350722 377120 258185 529138 308902 279740 532930 ,73750 75926 81578 83306 88299 91805 92416 93910 94726 95079 ,920711 822908 715015 350722 377120 258185 529138 308902 279740 532930 ,73750 75926 81578 83306 88299 91805 92416 93910 94726 95079 
91780 254152 254499 829404 368059 90974 246638 524933 305455 114564 ,22618 29889 32138 32323 34080 36182 36523 36856 38480 38651 ,91780 254152 254499 368059 90974 246638 524933 305455 114564 323035 ,22618 29889 32138 34080 36182 36523 36856 38480 38651 39025 
283809 281906 945074 221656 622430 565591 454690 823479 823402 892984 ,39403 44019 44154 44761 50192 50305 50789 50799 50902 51098 ,208104 34749 146913 982084 854090 316074 972781 498187 353473 388019 ,59071 65135 66675 67743 70995 72943 73192 74867 76979 78014 
616832 491247 214481 364468 624059 746557 208519 82761 426879 547073 ,35276 38032 38914 39712 39763 40568 40873 44067 44286 44350 ,616832 491247 214481 364468 624059 746557 208519 82761 426879 547073 ,35276 38032 38914 39712 39763 40568 40873 44067 44286 44350 
336678 546387 784996 546604 82378 719527 69889 469992 340228 293311 ,23455 23657 25157 26084 26389 27988 28185 29145 29716 29996 ,336678 546387 784996 546604 82378 719527 69889 469992 340228 293311 ,23455 23657 25157 26084 26389 27988 28185 29145 29716 29996 
295216 675698 236740 56064 780641 155965 526581 868444 554789 658330 ,18904 25733 27181 28197 29578 30030 30354 30888 31409 31499 ,295216 675698 236740 56064 780641 155965 526581 868444 554789 658330 ,18904 25733 27181 28197 29578 30030 30354 30888 31409 31499 
127361 597036 360983 278389 485171 268264 226503 943189 564939 494213 ,58170 72281 76936 79835 81654 83791 86622 87750 90285 90378 ,127361 597036 360983 278389 485171 268264 226503 943189 564939 494213 ,58170 72281 76936 79835 81654 83791 86622 87750 90285 90378 
775287 922064 606583 306966 427308 427533 48355 306334 659522 280351 ,35744 37597 38348 39915 40743 42697 42872 42932 43225 43849 ,775287 922064 606583 306966 427308 427533 48355 306334 659522 280351 ,35744 37597 38348 39915 40743 42697 42872 42932 43225 43849 
279260 660458 363846 740907 44042 515786 787814 961400 445080 631814 ,34021 37810 39968 40384 40704 42436 44039 44524 44902 45044 ,279260 660458 363846 740907 44042 515786 787814 961400 631814 294539 ,34021 37810 39968 40384 40704 42436 44039 44524 45044 45164 
111237 607211 903495 305696 204929 119304 821706 574706 416441 602480 ,62735 74280 77085 77352 78928 82775 83716 84586 84663 85533 ,111237 607211 903495 305696 204929 119304 821706 574706 416441 602480 ,62735 74280 77085 77352 78928 82775 83716 84586 84663 85533 
853800 581425 224272 876650 458451 140641 734625 320589 857853 646902 ,61804 72458 75245 77618 81456 83326 83589 84086 84295 85223 ,853800 581425 224272 876650 458451 140641 734625 320589 857853 646902 ,61804 72458 75245 77618 81456 83326 83589 84086 84295 85223 
687466 244255 688390 228709 646284 26140 18454 962898 258654 842088 ,44765 44887 45409 46405 46732 48761 49443 49899 52387 52495 ,687466 244255 688390 228709 646284 26140 18454 962898 258654 842088 ,44765 44887 45409 46405 46732 48761 49443 49899 52387 52495 
356017 717629 238112 601224 254108 694776 254184 837834 452104 666505 ,18685 27298 31961 33533 33684 37120 38838 42519 42732 42881 ,356017 717629 238112 601224 254108 694776 254184 837834 452104 666505 ,18685 27298 31961 33533 33684 37120 38838 42519 42732 42881 
292394 608299 535914 792264 560842 878591 709450 540725 352290 350614 ,28624 29241 31069 31416 33009 33893 33896 34211 34462 37894 ,292394 608299 535914 792264 560842 878591 709450 540725 352290 350614 ,28624 29241 31069 31416 33009 33893 33896 34211 34462 37894 
967517 664265 168044 229699 930477 618250 188120 354014 805332 613468 ,54158 57044 58370 59728 62234 64383 65349 66488 67225 67363 ,967517 664265 168044 229699 930477 618250 188120 354014 805332 618549 ,54158 57044 58370 59728 62234 64383 65349 66488 67225 68152 
87991 433427 168983 472939 473536 969865 434801 501456 290925 562890 ,76086 84367 87101 88012 92128 95341 95833 97851 99815 100513 ,87991 433427 168983 472939 473536 969865 434801 501456 290925 562890 ,76086 84367 87101 88012 92128 95341 95833 97851 99815 100513 
336998 913185 981556 199823 874566 186873 458777 973360 65219 297208 ,61858 81672 86144 87322 87372 90503 94328 94455 94711 97557 ,336998 913185 981556 199823 874566 186873 458777 973360 65219 297208 ,61858 81672 86144 87322 87372 90503 94328 94455 94711 97557 
349237 526273 172121 152330 15260 685104 3498 788372 971846 172904 ,79636 80772 84908 85143 86479 87085 89719 90375 92755 93678 ,349237 526273 152330 15260 685104 3498 788372 971846 172904 683031 ,79636 80772 85143 86479 87085 89719 90375 92755 93678 96017 
731792 686698 927340 580029 638955 903383 718271 59012 474366 370353 ,65809 80059 81436 84080 84570 91095 94501 94904 95042 95966 ,731792 686698 927340 580029 638955 903383 718271 59012 474366 370353 ,65809 80059 81436 84080 84570 91095 94501 94904 95042 95966 
618152 370343 511441 100661 951279 122647 690691 672708 923460 101733 ,71915 98819 128749 129841 133992 136205 139099 141329 142450 146004 ,618152 370343 511441 100661 951279 122647 690691 672708 923460 101733 ,71915 98819 128749 129841 133992 136205 139099 141329 142450 146004 
736361 971808 330739 149802 123186 717780 861821 339497 510246 510265 ,66448 67598 67636 68317 70754 70783 72077 72149 72839 73055 ,736361 971808 330739 149802 123186 717780 861821 339497 510246 510265 ,66448 67598 67636 68317 70754 70783 72077 72149 72839 73055 
324490 698478 686183 274357 699860 282587 106721 722914 377459 948299 ,63699 90860 95334 108256 108816 108853 109413 109432 110628 110876 ,324490 698478 686183 274357 699860 282587 106721 722914 377459 948299 ,63699 90860 95334 108256 108816 108853 109413 109432 110628 110876 
828940 227013 317135 527947 47941 950404 803652 5400 811865 905019 ,52426 54149 58298 61191 62299 62613 62755 63764 63786 68190 ,828940 227013 317135 527947 47941 950404 803652 5400 811865 905019 ,52426 54149 58298 61191 62299 62613 62755 63764 63786 68190 
666180 730020 444964 747784 248795 271222 475404 206113 77772 505548 ,61269 79287 84946 86623 89777 91494 94562 98832 99614 100963 ,666180 730020 444964 747784 248795 271222 475404 206113 77772 505548 ,61269 79287 84946 86623 89777 91494 94562 98832 99614 100963 
347014 346226 665101 607352 471143 373446 347257 62021 113754 400572 ,25751 27269 27368 29512 29960 31048 31150 31777 31933 32032 ,347014 346226 471143 373446 400572 236302 787404 793816 94840 411600 ,25751 27269 29960 31048 32032 34254 34587 34728 35711 36406 
863753 804954 871691 548985 921462 902883 638523 859788 77387 660747 ,34909 35770 36460 39823 40094 40672 43147 43269 43969 45399 ,863753 804954 871691 548985 921462 902883 638523 859788 77387 660747 ,34909 35770 36460 39823 40094 40672 43147 43269 43969 45399 
831160 430299 554013 229353 610517 544466 51555 676866 985575 368312 ,52583 55736 65522 71556 71925 74354 76193 76400 76523 77744 ,831160 430299 554013 229353 610517 544466 51555 676866 985575 368312 ,52583 55736 65522 71556 71925 74354 76193 76400 76523 77744 
482708 163727 256813 279198 249342 337940 74973 84398 271843 158326 ,35378 35724 39542 42421 43758 45292 46032 46077 46676 47251 ,482708 163727 256813 279198 249342 337940 74973 84398 271843 158326 ,35378 35724 39542 42421 43758 45292 46032 46077 46676 47251 
454746 313130 29443 948819 758601 121306 571749 471613 315201 737208 ,57365 57798 60082 60913 61364 61386 61453 61847 62023 62620 ,29443 970642 614974 694434 536454 839052 903185 972075 862739 281245 ,60082 67994 71966 72745 75132 77119 77841 78525 78543 80023 
609978 835656 748515 845645 224449 51998 852484 562528 857170 660804 ,35195 37872 47466 50476 51518 53505 53832 54499 55738 56045 ,609978 835656 748515 845645 224449 51998 852484 562528 857170 660804 ,35195 37872 47466 50476 51518 53505 53832 54499 55738 56045 
661366 781997 121530 781844 461232 319568 469391 593095 120399 580265 ,27888 34092 39173 45256 45336 46246 48881 49303 49908 50627 ,661366 781997 121530 781844 461232 319568 469391 593095 120399 580265 ,27888 34092 39173 45256 45336 46246 48881 49303 49908 50627 
357833 79629 683122 438387 169891 623905 625781 737214 737477 246857 ,48157 49017 51116 52424 53144 53145 53218 53982 56005 56087 ,357833 79629 683122 438387 169891 623905 625781 737214 737477 246857 ,48157 49017 51116 52424 53144 53145 53218 53982 56005 56087 
822167 835276 158502 284683 63792 943255 941602 237960 829048 31375 ,73560 82667 84102 86296 87669 88068 89282 89290 90199 90352 ,158502 284683 63792 943255 941602 237960 829048 31375 321892 176884 ,84102 86296 87669 88068 89282 89290 90199 90352 90544 91290 
443162 865273 45733 224710 746930 133813 917437 207698 885899 60813 ,38145 44136 47316 49967 51654 53335 53560 54268 54696 56411 ,443162 865273 45733 224710 746930 133813 917437 207698 885899 60813 ,38145 44136 47316 49967 51654 53335 53560 54268 54696 56411 
562426 928322 434201 854504 680843 871428 973251 948775 733937 962556 ,80917 96993 96998 100083 100401 100590 101125 101728 102083 102578 ,562426 928322 434201 854504 680843 871428 973251 948775 733937 962556 ,80917 96993 96998 100083 100401 100590 101125 101728 102083 102578 
481794 942514 130837 395782 58195 249025 193943 438629 884522 528318 ,55206 61412 68639 70892 75915 76008 81108 82289 85352 85410 ,481794 942514 130837 395782 58195 249025 193943 438629 884522 528318 ,55206 61412 68639 70892 75915 76008 81108 82289 85352 85410 
771005 604283 793602 593964 879302 710549 667302 646331 800006 672711 ,26232 35850 44701 45137 48721 49957 50923 52105 52987 53628 ,771005 604283 793602 593964 879302 710549 667302 646331 800006 672711 ,26232 35850 44701 45137 48721 49957 50923 52105 52987 53628 
881347 898028 250578 228828 28572 995950 256486 618697 993989 858684 ,71664 74336 76458 78601 81048 84042 84254 86265 86761 86783 ,881347 898028 250578 228828 28572 995950 256486 618697 993989 858684 ,71664 74336 76458 78601 81048 84042 84254 86265 86761 86783 
594366 906930 41195 475279 596166 567115 573387 85762 754937 398793 ,72753 73017 74229 75315 77264 77593 78240 80074 80439 81126 ,594366 906930 41195 475279 596166 567115 573387 85762 754937 398793 ,72753 73017 74229 75315 77264 77593 78240 80074 80439 81126 
883464 804026 825974 888629 350659 363433 153704 106600 748630 388125 ,77330 83520 85853 90961 99012 99015 101764 103612 108406 108546 ,883464 804026 825974 888629 350659 363433 153704 106600 748630 388125 ,77330 83520 85853 90961 99012 99015 101764 103612 108406 108546 
74541 691631 111127 608372 7948 433011 361061 720462 730417 994580 ,65074 83778 90424 90679 91526 92662 94095 94731 95327 96693 ,74541 691631 111127 608372 7948 433011 361061 720462 730417 994580 ,65074 83778 90424 90679 91526 92662 94095 94731 95327 96693 
570941 284355 369173 492753 300849 94945 349873 124985 315324 691233 ,84435 87218 90013 91103 92736 93308 93344 93766 95598 96289 ,570941 284355 369173 492753 300849 94945 349873 124985 315324 691233 ,84435 87218 90013 91103 92736 93308 93344 93766 95598 96289 
315090 16682 182877 481830 15593 728526 94644 480512 251876 252629 ,39311 42138 45508 46016 46660 46890 46901 47128 48220 48603 ,315090 16682 182877 481830 15593 728526 94644 480512 251876 252629 ,39311 42138 45508 46016 46660 46890 46901 47128 48220 48603 
120401 15116 165589 15554 896526 165193 657634 974836 213979 877462 ,52534 64227 66204 66862 68677 70279 70418 73928 75097 75182 ,120401 15116 165589 15554 896526 165193 657634 974836 213979 877462 ,52534 64227 66204 66862 68677 70279 70418 73928 75097 75182 
524524 22957 967548 924832 313074 583544 245633 267205 739840 998510 ,52215 61062 64091 66758 68554 68780 71313 71318 75267 75577 ,524524 22957 967548 924832 313074 583544 245633 267205 739840 998510 ,52215 61062 64091 66758 68554 68780 71313 71318 75267 75577 
320265 199096 327991 150260 336873 883970 321050 773874 606610 653446 ,37810 45013 46082 47529 48673 49107 49209 49408 49611 50152 ,150260 773874 8958 534575 846172 846701 340521 8173 283158 329052 ,47529 49408 52279 53950 57093 57424 58474 59420 59915 60682 
861177 452838 85199 504025 458644 81745 182413 832495 494180 45735 ,67215 68785 69345 70799 74009 74783 77174 78230 80265 80498 ,861177 452838 85199 504025 458644 81745 182413 832495 494180 45735 ,67215 68785 69345 70799 74009 74783 77174 78230 80265 80498 
565376 144361 393969 199353 283441 58197 908712 842806 204872 669213 ,99402 100359 101492 107992 113811 115004 120972 129169 129767 131003 ,565376 144361 393969 199353 283441 58197 908712 842806 204872 669213 ,99402 100359 101492 107992 113811 115004 120972 129169 129767 131003 
977876 439539 456663 237247 57759 510542 503356 804430 340371 123751 ,46853 47593 53177 54017 54398 55663 55892 56422 57309 57363 ,977876 439539 456663 237247 57759 510542 503356 804430 340371 123751 ,46853 47593 53177 54017 54398 55663 55892 56422 57309 57363 
656579 828035 662579 990047 243924 310834 301849 961753 593908 379279 ,93560 102253 119599 122834 125635 131155 141754 144123 148715 151190 ,656579 828035 662579 990047 243924 310834 301849 961753 593908 379279 ,93560 102253 119599 122834 125635 131155 141754 144123 148715 151190 
661588 660743 664752 666353 741017 335061 226600 921287 738865 781881 ,13186 20455 36349 39643 45901 51594 54094 59867 60584 61010 ,661588 660743 664752 666353 741017 335061 226600 921287 738865 781881 ,13186 20455 36349 39643 45901 51594 54094 59867 60584 61010 
890238 602446 337844 279666 378444 88732 657120 660493 339899 507740 ,26312 27922 32027 32879 35207 35502 35788 35990 36338 36777 ,468884 953909 434562 658327 230696 660789 664060 341507 360707 358617 ,37402 40776 41447 41771 42438 42784 42830 43830 44446 44930 
613870 88309 65141 405790 137605 702706 175339 753177 974545 286941 ,82944 85237 88587 89003 90205 91131 92280 92301 92606 92674 ,613870 88309 65141 405790 137605 702706 175339 753177 974545 286941 ,82944 85237 88587 89003 90205 91131 92280 92301 92606 92674 
535595 248546 607515 235410 961116 892735 447528 218074 672334 672767 ,24780 27299 27982 28576 29482 32289 32719 34175 35033 35625 ,535595 248546 607515 235410 961116 892735 447528 218074 672334 672767 ,24780 27299 27982 28576 29482 32289 32719 34175 35033 35625 
649738 886142 38353 830153 789960 76996 847894 5844 140887 2665 ,28065 32283 44556 51096 54661 59834 63140 63852 68989 75805 ,649738 886142 38353 830153 789960 76996 847894 5844 140887 2665 ,28065 32283 44556 51096 54661 59834 63140 63852 68989 75805 
757390 856339 846087 447043 855217 854619 373789 905236 994411 849456 ,19771 24483 24950 28175 28871 30533 32100 32455 32917 33065 ,757390 856339 846087 447043 855217 854619 373789 905236 994411 849456 ,19771 24483 24950 28175 28871 30533 32100 32455 32917 33065 
768185 447457 824784 38575 447927 373771 37902 541507 905758 952642 ,3529 4011 4884 5140 5748 5786 6670 7219 7257 7929 ,768185 447457 824784 38575 447927 373771 37902 541507 905758 952642 ,3529 4011 4884 5140 5748 5786 6670 7219 7257 7929 
667065 823981 785046 666822 905877 215675 642521 655369 446262 787918 ,13026 16084 16692 17561 18682 19513 19589 20687 21016 21023 ,667065 823981 785046 666822 905877 215675 642521 655369 446262 787918 ,13026 16084 16692 17561 18682 19513 19589 20687 21016 21023 
666918 423219 893040 827286 657114 714191 615299 654189 826195 423699 ,12397 17881 20634 28976 29505 29651 29915 30055 30288 30544 ,423219 714191 615299 781697 568005 666974 604353 962824 643332 609862 ,17881 29651 29915 31156 31431 32647 32992 33903 35110 36001 
667000 653740 970498 717084 961629 216407 616203 666923 568046 703807 ,14491 24769 25393 25698 26224 28124 28263 29363 29453 29741 ,667000 653740 970498 717084 961629 216407 616203 568046 703807 536216 ,14491 24769 25393 25698 26224 28124 28263 29453 29741 30045 
542645 810383 921772 768046 541384 236533 448151 545714 217835 756489 ,7045 21101 24736 25467 27343 27431 28634 30003 30229 31864 ,542645 810383 921772 768046 541384 236533 448151 545714 217835 756489 ,7045 21101 24736 25467 27343 27431 28634 30003 30229 31864 
103600 102877 361702 449535 100484 667246 996890 187653 899896 837758 ,26035 30660 40981 41524 42885 47786 48002 48502 50890 51245 ,103600 102877 361702 449535 100484 667246 996890 187653 899896 837758 ,26035 30660 40981 41524 42885 47786 48002 48502 50890 51245 
541378 906434 191033 44891 654226 891863 673447 755598 246973 667105 ,6772 9705 12373 12552 12779 13131 13309 13462 13942 14320 ,541378 44891 654226 891863 673447 246973 443195 811210 534490 45833 ,6772 12552 12779 13131 13309 13942 15355 16463 17772 18587 
667148 512932 639430 298735 571474 332924 246875 702437 101555 407615 ,4813 19359 20265 20786 20822 20844 20898 21057 21079 21463 ,667148 512932 639430 298735 571474 332924 246875 702437 101555 407615 ,4813 19359 20265 20786 20822 20844 20898 21057 21079 21463 
667036 891357 667219 553571 822814 546642 448283 672721 256448 672520 ,1969 8218 9048 9572 10035 10251 10462 10754 11149 12145 ,667036 891357 667219 553571 822814 546642 448283 672721 256448 672520 ,1969 8218 9048 9572 10035 10251 10462 10754 11149 12145 
645004 37934 375303 81874 905881 422480 39327 890741 542812 240594 ,19489 33416 34627 37640 39017 40903 41085 41493 44641 46622 ,645004 37934 375303 81874 905881 422480 39327 890741 542812 240594 ,19489 33416 34627 37640 39017 40903 41085 41493 44641 46622 
3316 171668 593721 705930 316284 769842 643083 977441 392995 605107 ,102408 111848 125545 126367 127482 127641 129366 131590 131800 131863 ,3316 171668 593721 705930 316284 769842 643083 977441 392995 605107 ,102408 111848 125545 126367 127482 127641 129366 131590 131800 131863 
667344 907097 411636 770791 450686 339752 834223 631787 674602 130660 ,41720 56332 57897 61063 62353 62649 65591 67680 67946 68154 ,667344 907097 411636 770791 450686 339752 834223 631787 674602 130660 ,41720 56332 57897 61063 62353 62649 65591 67680 67946 68154 
41137 160126 667098 983547 44803 295852 131305 666843 894415 39042 ,19157 20489 21462 21713 22684 22717 23025 23510 24038 24124 ,41137 160126 667098 983547 44803 295852 131305 666843 894415 39042 ,19157 20489 21462 21713 22684 22717 23025 23510 24038 24124 
667381 424061 656658 207059 667360 656508 656873 654915 655434 674247 ,998 6158 8165 9644 10055 10167 10193 10367 10586 10597 ,654015 445264 215827 804436 43999 642735 788311 807989 657079 656650 ,12328 12779 12808 13022 13129 13223 13385 13526 15135 15168 
39498 672986 971342 476781 918772 689442 835946 139384 539739 881114 ,29186 33588 41809 42176 44159 50170 53021 53380 56367 60219 ,39498 672986 971342 476781 918772 689442 835946 139384 539739 881114 ,29186 33588 41809 42176 44159 50170 53021 53380 56367 60219 
667436 667533 796591 667597 802810 796370 638460 602632 638315 796431 ,13491 15588 17854 19487 20349 22440 23003 23235 23450 23467 ,667436 667533 796591 667597 802810 796370 638460 602632 638315 796431 ,13491 15588 17854 19487 20349 22440 23003 23235 23450 23467 
667536 111858 610344 760526 468871 862365 648590 610279 469006 601476 ,8474 13305 16578 17181 17475 19544 20011 21667 22574 23026 ,667536 111858 760526 468871 862365 648590 610279 469006 601476 102993 ,8474 13305 17181 17475 19544 20011 21667 22574 23026 23553 
410455 534490 541394 410597 763709 247273 814278 862035 768059 113421 ,5275 5469 6187 6565 6713 6826 6964 7324 7363 7565 ,541394 410597 604248 768321 767968 447793 667361 666939 445962 604443 ,6187 6565 8561 8681 8705 9114 9787 9881 10255 10543 
384588 884302 791498 854579 920066 889649 941404 671003 994783 601611 ,44916 46720 48107 50430 51826 52281 52317 54120 54606 54819 ,384588 884302 791498 854579 920066 889649 941404 671003 994783 601611 ,44916 46720 48107 50430 51826 52281 52317 54120 54606 54819 
657796 446176 655753 604296 445910 656107 423479 641385 447904 667383 ,6851 7929 8189 8578 8861 9481 10119 10124 11277 11292 ,657796 446176 604296 656107 423479 641385 447904 667383 714244 655568 ,6851 7929 8578 9481 10119 10124 11277 11292 11360 11514 
207489 448295 756451 477409 684850 57233 256816 673822 535096 587039 ,17434 26659 35353 35423 35775 36835 36861 38354 38718 39516 ,207489 448295 756451 477409 684850 57233 256816 673822 535096 587039 ,17434 26659 35353 35423 35775 36835 36861 38354 38718 39516 
667597 513000 766902 667533 450286 802810 756021 667436 449688 909386 ,3959 25949 27689 27978 28441 32465 32725 34337 35870 36959 ,667597 513000 766902 667533 450286 802810 756021 667436 449688 796591 ,3959 25949 27689 27978 28441 32465 32725 34337 35870 38212 
963117 622258 661866 962900 135516 108579 833088 164362 653565 711321 ,40520 49092 49463 50337 51490 51826 60706 61091 61640 62187 ,963117 622258 661866 962900 108579 833088 164362 653565 711321 142881 ,40520 49092 49463 50337 51826 60706 61091 61640 62187 62896 
447975 770278 139969 823535 716872 42200 446349 570579 908889 769996 ,10737 17050 17185 17408 17687 19579 20314 20484 21228 21550 ,447975 770278 139969 823535 716872 42200 446349 570579 908889 769996 ,10737 17050 17185 17408 17687 19579 20314 20484 21228 21550 
667285 639831 667544 639996 424643 814182 207888 207788 640304 837451 ,6912 7045 7734 7966 8190 8211 8347 8577 8638 8731 ,639831 667544 639996 424643 814182 207888 207788 640304 837451 640112 ,7045 7734 7966 8190 8211 8347 8577 8638 8731 8889 
943905 588961 692201 338441 611282 605242 352090 561284 833321 547939 ,50243 50947 51271 52991 54613 55584 56616 56713 56847 57630 ,588961 692201 338441 611282 605242 352090 561284 833321 547939 571216 ,50947 51271 52991 54613 55584 56616 56713 56847 57630 57645 
59118 13845 121237 285014 150760 764256 775262 595603 40300 891438 ,90331 92341 95187 95952 101065 104186 106544 109167 109846 113364 ,59118 13845 121237 285014 150760 764256 775262 595603 40300 891438 ,90331 92341 95187 95952 101065 104186 106544 109167 109846 113364 
752836 701293 331387 139131 795924 329193 530761 389260 350814 21747 ,49006 49290 49665 49847 50242 50712 50743 52116 52194 52673 ,752836 331387 139131 795924 329193 530761 389260 350814 21747 512236 ,49006 49665 49847 50242 50712 50743 52116 52194 52673 52934 
907976 545637 518810 876553 152949 993259 100773 536253 960281 541317 ,85331 85937 88801 91588 93170 94515 94697 95080 95927 96207 ,907976 545637 518810 876553 152949 993259 100773 536253 960281 541317 ,85331 85937 88801 91588 93170 94515 94697 95080 95927 96207 
478118 853495 134344 625155 974205 13643 474906 454016 146563 482036 ,71823 72113 74423 75243 75272 81335 82883 83374 85847 86480 ,478118 853495 134344 625155 974205 13643 474906 454016 146563 482036 ,71823 72113 74423 75243 75272 81335 82883 83374 85847 86480 
538705 532139 680995 245138 242286 79514 598087 448990 973921 400238 ,84384 84707 85355 87256 89116 89661 91493 93369 96820 99275 ,538705 532139 680995 245138 242286 79514 598087 448990 973921 400238 ,84384 84707 85355 87256 89116 89661 91493 93369 96820 99275 
927639 345883 243739 836007 97998 310771 940651 954397 665323 477064 ,70467 73433 76652 83573 83628 83838 86238 87323 91494 94282 ,927639 345883 243739 836007 97998 310771 940651 954397 665323 477064 ,70467 73433 76652 83573 83628 83838 86238 87323 91494 94282 
488128 216621 443752 489818 962566 398587 736819 420861 742969 756065 ,41196 44538 47270 48905 49204 49873 49925 51256 51509 51872 ,488128 216621 443752 489818 962566 398587 736819 420861 742969 469586 ,41196 44538 47270 48905 49204 49873 49925 51256 51509 52383 
924211 545400 957553 142280 102070 940907 102317 660310 669948 36546 ,28907 29488 32374 33979 35558 35698 36045 36088 36618 37640 ,924211 545400 957553 142280 102070 940907 102317 660310 669948 36546 ,28907 29488 32374 33979 35558 35698 36045 36088 36618 37640 
670406 670251 231325 920318 772665 705436 382164 742584 594090 971705 ,16405 38446 40519 40997 41498 42137 43594 44130 44330 45867 ,670406 670251 231325 920318 772665 705436 382164 742584 594090 971705 ,16405 38446 40519 40997 41498 42137 43594 44130 44330 45867 
669097 671291 668853 640864 880928 837842 640853 994106 996758 379180 ,3782 4535 9411 18385 18627 19168 20122 20255 21359 21410 ,669097 671291 668853 640864 880928 837842 640853 994106 996758 379180 ,3782 4535 9411 18385 18627 19168 20122 20255 21359 21410 
930241 421248 388629 373565 16286 472513 472731 318370 645565 701905 ,60542 77644 79098 86600 93470 96396 96658 97704 101610 105370 ,930241 421248 388629 373565 16286 472513 472731 318370 645565 701905 ,60542 77644 79098 86600 93470 96396 96658 97704 101610 105370 
796423 85379 124804 686121 801867 608000 703359 207253 982548 83680 ,39234 40484 41808 45619 46065 46568 46771 48755 48946 49751 ,796423 85379 124804 686121 801867 608000 703359 207253 982548 83680 ,39234 40484 41808 45619 46065 46568 46771 48755 48946 49751 
474936 358012 188758 872362 920471 783789 869410 356459 791274 984690 ,31928 38677 39240 40629 40908 41032 41127 41819 42419 42862 ,474936 358012 188758 872362 920471 783789 869410 356459 791274 984690 ,31928 38677 39240 40629 40908 41032 41127 41819 42419 42862 
406724 531943 675326 26412 44430 341394 898950 707914 369372 848330 ,72523 75674 76727 79088 79491 80359 83348 83919 84673 87066 ,406724 531943 675326 26412 44430 341394 898950 707914 848330 239250 ,72523 75674 76727 79088 79491 80359 83348 83919 87066 87504 
42714 187771 517910 68323 689886 55538 348803 495229 685917 123297 ,22722 25661 25812 26276 26321 26407 26906 27004 28035 28991 ,42714 187771 517910 68323 689886 55538 348803 495229 685917 123297 ,22722 25661 25812 26276 26321 26407 26906 27004 28035 28991 
597820 747975 49385 71787 740068 852516 98048 277464 401647 829638 ,101173 103206 103333 110819 111970 119270 119301 119816 120835 121057 ,597820 747975 49385 740068 852516 98048 277464 401647 829638 339992 ,101173 103206 103333 111970 119270 119301 119816 120835 121057 121300 
928531 369109 238788 9862 797794 516891 174898 399679 20279 482448 ,77611 87559 87929 91715 92117 95104 95165 95222 95743 96320 ,928531 369109 238788 9862 797794 516891 174898 399679 20279 482448 ,77611 87559 87929 91715 92117 95104 95165 95222 95743 96320 
541935 837995 849135 666667 825860 996890 825556 317240 812020 36180 ,31539 40717 41233 41264 41497 42171 42244 43600 46533 48604 ,541935 837995 849135 666667 825860 996890 825556 317240 812020 36180 ,31539 40717 41233 41264 41497 42171 42244 43600 46533 48604 
764781 473499 163587 974387 820554 719949 974190 424402 536566 359476 ,44908 51818 52009 61219 61946 63670 63672 66093 66445 66579 ,764781 473499 163587 974387 820554 719949 974190 424402 536566 359476 ,44908 51818 52009 61219 61946 63670 63672 66093 66445 66579 
577958 768341 516512 791407 55464 191144 627915 933947 570349 687856 ,29495 29866 32122 33930 34421 35602 35898 36289 36842 37884 ,577958 768341 516512 791407 55464 191144 933947 570349 687856 768398 ,29495 29866 32122 33930 34421 35602 36289 36842 37884 37893 
315057 80494 709053 525848 868287 717813 546223 158293 498733 535828 ,40245 51385 53563 53603 58414 60404 60915 61546 62494 62503 ,315057 80494 709053 525848 868287 717813 546223 158293 498733 535828 ,40245 51385 53563 53603 58414 60404 60915 61546 62494 62503 
698619 48082 425336 1808 485991 257117 265820 817274 704187 169077 ,90501 95166 96594 103325 103495 106643 107913 109684 112004 113765 ,698619 48082 425336 1808 485991 257117 265820 817274 704187 169077 ,90501 95166 96594 103325 103495 106643 107913 109684 112004 113765 
901101 553972 753707 416709 934315 800267 53512 211725 427594 553243 ,38080 43638 44511 45772 48667 49525 50017 50573 51136 51169 ,901101 553972 753707 416709 934315 800267 53512 211725 427594 553243 ,38080 43638 44511 45772 48667 49525 50017 50573 51136 51169 
556853 482978 714793 506748 679221 912892 152671 880053 18780 635645 ,68788 77477 91668 91807 97259 102502 102835 106758 109562 111701 ,556853 482978 714793 506748 679221 912892 152671 880053 18780 635645 ,68788 77477 91668 91807 97259 102502 102835 106758 109562 111701 
551697 4561 551748 716505 601071 4889 449282 464831 280139 424819 ,35600 35977 36753 41306 43864 44389 45302 45381 45874 46042 ,551697 4561 551748 716505 601071 4889 449282 464831 280139 424819 ,35600 35977 36753 41306 43864 44389 45302 45381 45874 46042 
685375 736324 407299 363697 108869 210878 529253 316689 158748 787978 ,54942 63120 64992 65509 65753 65971 66505 67155 68826 68971 ,685375 736324 407299 363697 108869 210878 529253 316689 158748 787978 ,54942 63120 64992 65509 65753 65971 66505 67155 68826 68971 
200913 265191 493452 803121 497599 379213 426899 260286 279674 168276 ,23990 23990 30183 30337 31937 33625 33807 33970 34731 35074 ,803121 279674 514966 969041 603511 429691 429968 343156 245405 232269 ,30337 34731 36636 40864 42696 42813 43037 44352 44383 44836 
527817 23463 304988 567770 100280 154478 532425 639178 805086 719665 ,27930 33829 36461 36897 37148 37365 37560 37738 39231 39276 ,527817 23463 304988 567770 100280 154478 532425 639178 805086 719665 ,27930 33829 36461 36897 37148 37365 37560 37738 39231 39276 
770720 482437 523040 85793 16793 77304 960646 59150 716515 30201 ,26510 35008 36453 37051 37695 37731 38910 40212 40824 41006 ,770720 482437 523040 85793 16793 77304 960646 59150 716515 30201 ,26510 35008 36453 37051 37695 37731 38910 40212 40824 41006 
672187 672230 645451 672165 672164 672172 646410 646688 25303 646411 ,30300 32800 39181 45193 45376 47416 47440 49314 51535 53195 ,672187 672230 645451 672165 672164 672172 646410 646688 25303 646411 ,30300 32800 39181 45193 45376 47416 47440 49314 51535 53195 
143498 279486 376439 603357 534741 84626 420562 88154 809456 350673 ,35896 38019 39054 39143 39460 39523 40119 40376 40444 40654 ,143498 279486 376439 603357 534741 84626 420562 88154 809456 350673 ,35896 38019 39054 39143 39460 39523 40119 40376 40444 40654 
202983 65354 670312 934065 922894 249698 641489 311030 862488 181267 ,45425 45947 45962 48224 49068 49082 50378 50866 51068 52804 ,202983 65354 670312 934065 249698 641489 311030 862488 181267 254914 ,45425 45947 45962 48224 49082 50378 50866 51068 52804 53045 
197644 962803 971062 192640 271456 724 62452 257717 780800 181219 ,61665 70865 71601 71809 71809 72541 74031 74034 74244 74546 ,197644 962803 971062 271456 724 62452 780800 181219 399918 514631 ,61665 70865 71601 71809 72541 74031 74244 74546 75002 75025 
673700 673185 672676 610126 834746 610401 672414 836652 373722 833130 ,6884 8133 11108 12033 12162 12656 12889 12952 13005 13012 ,673700 673185 672676 610126 834746 610401 672414 836652 833130 673011 ,6884 8133 11108 12033 12162 12656 12889 12952 13012 13057 
673229 673481 673193 755395 26103 25923 423067 718923 442417 755451 ,8081 11340 13159 16197 16757 17399 17649 17902 18322 18855 ,673481 755395 26103 423067 755451 673127 656580 718398 103578 423014 ,11340 16197 16757 17649 18855 19288 22633 22689 22887 23102 
647010 889368 925623 233800 946499 821969 992487 847082 971537 559509 ,45339 48916 51693 51854 52918 61811 64419 66006 66327 66529 ,647010 889368 925623 233800 946499 821969 992487 847082 971537 559509 ,45339 48916 51693 51854 52918 61811 64419 66006 66327 66529 
47461 886045 839486 852961 132021 269009 945723 710705 990060 825791 ,56397 59956 66723 69806 70347 71337 72996 76836 77565 77639 ,47461 886045 839486 852961 132021 269009 945723 710705 990060 825791 ,56397 59956 66723 69806 70347 71337 72996 76836 77565 77639 
672712 377789 997711 998048 951413 405874 82944 260821 826922 962302 ,10681 40772 41022 44962 49732 50300 56671 56750 57261 57516 ,672712 377789 997711 998048 951413 405874 82944 260821 826922 962302 ,10681 40772 41022 44962 49732 50300 56671 56750 57261 57516 
574419 526367 455903 573249 397648 161162 525674 841999 71583 160925 ,55245 55800 56409 56682 58039 58534 58951 59510 59770 59786 ,574419 526367 573249 397648 161162 525674 841999 160925 615232 350775 ,55245 55800 56682 58039 58534 58951 59510 59786 60125 60496 
140430 80041 544281 544236 723702 487025 962393 330428 452364 141999 ,47040 50877 54074 55747 56798 56966 58179 58239 58242 58354 ,140430 80041 544281 544236 723702 487025 962393 330428 452364 141999 ,47040 50877 54074 55747 56798 56966 58179 58239 58242 58354 
130783 84563 94436 349970 332907 109616 127494 254066 176665 497308 ,32313 34454 36861 37591 37671 38912 40062 40796 41019 41659 ,130783 84563 94436 349970 332907 109616 127494 254066 176665 497308 ,32313 34454 36861 37591 37671 38912 40062 40796 41019 41659 
757721 677160 991001 917120 5725 610989 794017 973498 677346 184174 ,48608 50716 67390 69624 69963 70117 72662 72997 74006 75488 ,757721 991001 917120 5725 610989 794017 677346 184174 992007 818396 ,48608 67390 69624 69963 70117 72662 74006 75488 78867 83800 
843436 676413 810080 147617 938597 861142 676558 767548 162471 105924 ,64891 71579 73437 82762 85412 90895 91349 92179 93531 94274 ,843436 676413 810080 147617 938597 861142 676558 767548 162471 105924 ,64891 71579 73437 82762 85412 90895 91349 92179 93531 94274 
602668 740604 827757 586688 266266 528064 515761 337676 602305 258438 ,74617 80427 83981 88363 88999 89148 91016 91174 91649 91875 ,602668 740604 827757 586688 266266 528064 515761 337676 602305 258438 ,74617 80427 83981 88363 88999 89148 91016 91174 91649 91875 
675711 675833 674825 714732 487 675427 624975 561117 625649 852891 ,45471 51979 52988 65824 68154 68465 69997 70375 72808 73218 ,675711 675833 674825 714732 487 675427 624975 561117 625649 852891 ,45471 51979 52988 65824 68154 68465 69997 70375 72808 73218 
793975 656166 426873 985556 791656 608206 747972 789961 445909 993819 ,31181 33046 36899 37165 39597 41391 41857 44339 44755 44927 ,793975 656166 426873 985556 791656 608206 747972 789961 445909 993819 ,31181 33046 36899 37165 39597 41391 41857 44339 44755 44927 
387636 754561 697291 466238 460550 887330 683797 509683 1868 612129 ,84769 93157 94776 98947 100318 101311 101531 101653 102861 102921 ,387636 754561 697291 466238 460550 887330 683797 509683 1868 612129 ,84769 93157 94776 98947 100318 101311 101531 101653 102861 102921 
546005 893241 659909 779428 100532 757734 619342 847898 847372 149836 ,31969 37952 38160 38785 39452 39920 39925 40115 40125 40699 ,546005 893241 659909 779428 100532 757734 619342 847898 847372 149836 ,31969 37952 38160 38785 39452 39920 39925 40115 40125 40699 
389902 194234 601539 528464 378523 793339 119370 256404 100496 230255 ,128552 131468 155748 165376 169214 170203 173417 173602 176576 177038 ,389902 194234 601539 528464 378523 793339 119370 256404 100496 230255 ,128552 131468 155748 165376 169214 170203 173417 173602 176576 177038 
442733 346521 389626 139136 623394 907272 309323 306721 369415 718537 ,60228 75972 76964 77707 82834 90023 91164 91525 92489 92957 ,442733 346521 389626 139136 623394 907272 309323 306721 369415 718537 ,60228 75972 76964 77707 82834 90023 91164 91525 92489 92957 
757371 469406 568685 402687 900484 993345 662582 922879 673304 163165 ,26038 28444 35449 38291 38854 48161 52197 53051 55990 56262 ,757371 469406 568685 402687 900484 993345 662582 922879 673304 163165 ,26038 28444 35449 38291 38854 48161 52197 53051 55990 56262 
29909 685466 701057 667033 544466 44458 538783 604317 8305 666817 ,4328 4816 5493 5618 5814 6219 6480 6773 7164 7283 ,29909 685466 701057 667033 544466 44458 538783 604317 8305 666817 ,4328 4816 5493 5618 5814 6219 6480 6773 7164 7283 
84304 804098 728080 94847 351291 523046 664714 152435 351088 114748 ,50027 51538 51691 55304 57461 61795 62141 63474 63720 63807 ,84304 804098 728080 94847 351291 523046 664714 152435 351088 114748 ,50027 51538 51691 55304 57461 61795 62141 63474 63720 63807 
826626 653178 653811 646990 677407 910761 814801 684311 87416 652981 ,33372 36191 41426 42395 44649 50099 52856 53709 56273 57024 ,826626 653178 653811 646990 677407 910761 814801 684311 87416 652981 ,33372 36191 41426 42395 44649 50099 52856 53709 56273 57024 
531208 678174 209454 929720 110795 245882 169798 928942 151587 671193 ,55085 63411 64226 65951 66583 67590 68084 69237 69364 70631 ,531208 678174 209454 929720 110795 245882 169798 928942 151587 671193 ,55085 63411 64226 65951 66583 67590 68084 69237 69364 70631 
587775 416571 64706 260424 22328 182570 513693 11319 227945 421421 ,81882 84912 86048 87061 87268 87909 88262 88426 89118 89224 ,587775 416571 64706 260424 22328 182570 513693 11319 227945 421421 ,81882 84912 86048 87061 87268 87909 88262 88426 89118 89224 
374586 621828 509465 470852 661098 619042 953976 619342 958235 710369 ,43991 44928 48895 51394 53572 56382 56997 58081 58338 58957 ,374586 621828 509465 470852 661098 619042 953976 619342 958235 710369 ,43991 44928 48895 51394 53572 56382 56997 58081 58338 58957 
223933 108524 430296 633608 598206 598619 108273 630375 541816 125530 ,57108 58258 65762 67953 68007 69116 71448 71826 71856 72232 ,223933 108524 430296 598206 598619 630375 125530 61305 486944 982681 ,57108 58258 65762 68007 69116 71826 72232 72435 72526 73115 
983775 85425 83591 728993 343435 84640 984336 393645 821557 976451 ,50636 52988 53125 56333 57180 57443 57795 58020 60013 61621 ,983775 85425 83591 728993 343435 84640 984336 393645 821557 976451 ,50636 52988 53125 56333 57180 57443 57795 58020 60013 61621 
932962 266641 991794 326725 399002 14464 441029 18048 521626 797979 ,85400 95038 95433 96112 97468 97653 97845 99278 101656 102151 ,932962 266641 991794 326725 399002 14464 441029 18048 521626 797979 ,85400 95038 95433 96112 97468 97653 97845 99278 101656 102151 
779151 943619 729135 957161 237294 56620 893756 414217 515790 946884 ,83926 85775 90393 96842 99112 99628 99896 103684 104158 104313 ,779151 943619 729135 957161 237294 56620 893756 414217 515790 946884 ,83926 85775 90393 96842 99112 99628 99896 103684 104158 104313 
566813 921573 227326 773139 834561 831058 690178 466629 107447 945387 ,55835 55946 59593 61606 62798 65840 66133 68016 69510 70198 ,566813 921573 227326 773139 834561 831058 690178 466629 107447 945387 ,55835 55946 59593 61606 62798 65840 66133 68016 69510 70198 
63167 439395 233741 794133 336859 236962 525608 298526 958752 161054 ,58968 59798 61075 63038 63123 63689 64536 64829 65397 65407 ,63167 439395 233741 794133 236962 525608 298526 958752 161054 155173 ,58968 59798 61075 63038 63689 64536 64829 65397 65407 66755 
676856 692508 534473 443303 654226 824706 673284 684606 673635 699411 ,9166 10049 11420 12077 12292 12434 12564 12571 12762 12764 ,676856 534473 443303 824706 673284 684606 673635 699411 996515 672914 ,9166 11420 12077 12434 12564 12571 12762 12764 13103 13229 
674144 674679 673367 674262 676746 673768 673507 675715 675393 215857 ,3531 9810 12258 13391 14842 14907 20718 24015 24155 28209 ,674144 674679 673367 674262 676746 673768 675715 675393 215857 675629 ,3531 9810 12258 13391 14842 14907 24015 24155 28209 29498 
675405 535770 134484 585100 149801 360109 938356 353805 830388 886654 ,66085 93945 98702 99501 100147 100535 102063 102509 103365 103920 ,675405 134484 585100 938356 353805 830388 886654 80404 181388 280966 ,66085 98702 99501 102063 102509 103365 103920 110565 111599 112226 
675012 205826 422718 575321 781420 112982 211521 113369 366400 610210 ,4799 33886 36665 38274 38586 38679 39645 40093 42687 43291 ,675012 205826 422718 575321 781420 211521 366400 610210 757261 426844 ,4799 33886 36665 38274 38586 39645 42687 43291 44091 45118 
992991 763573 991767 876903 993501 216074 485701 849646 985804 836658 ,58863 65068 69208 69965 71712 71969 72667 73111 75959 76069 ,992991 763573 991767 876903 993501 216074 485701 849646 985804 836658 ,58863 65068 69208 69965 71712 71969 72667 73111 75959 76069 
368319 881160 490650 985192 763125 995013 711061 647066 367764 792765 ,32955 38361 40907 42906 43188 43189 43477 44817 44829 45637 ,368319 881160 490650 985192 763125 995013 711061 647066 367764 792765 ,32955 38361 40907 42906 43188 43189 43477 44817 44829 45637 
964036 228989 30904 998909 31341 27778 656050 493249 929642 253772 ,68100 69686 71800 72767 72769 74215 75270 75712 76027 76254 ,964036 228989 30904 998909 31341 27778 656050 493249 929642 253772 ,68100 69686 71800 72767 72769 74215 75270 75712 76027 76254 
526078 259649 970763 198569 990312 758030 539655 991878 482133 190749 ,77895 78370 78393 79177 79408 79749 79855 83867 86099 86862 ,526078 259649 970763 198569 990312 758030 539655 991878 482133 190749 ,77895 78370 78393 79177 79408 79749 79855 83867 86099 86862 
676761 457814 716693 935753 959671 649704 829469 189520 714904 925351 ,49892 54474 55829 56368 58215 59499 60284 61503 63002 63445 ,676761 457814 716693 935753 959671 649704 829469 189520 714904 925351 ,49892 54474 55829 56368 58215 59499 60284 61503 63002 63445 
184079 741743 826947 341375 714824 713886 975794 891515 114846 537189 ,47570 50657 52616 54411 57957 59264 59373 60151 60614 61197 ,184079 741743 826947 341375 714824 713886 975794 891515 114846 537189 ,47570 50657 52616 54411 57957 59264 59373 60151 60614 61197 
514961 788310 767718 914600 607107 125084 769030 845955 842352 992076 ,67831 70609 77578 77963 83734 99393 111769 112015 112856 117303 ,514961 788310 767718 914600 607107 125084 769030 845955 842352 992076 ,67831 70609 77578 77963 83734 99393 111769 112015 112856 117303 
796188 716188 604353 666860 907131 656683 26736 788225 607965 423066 ,15309 19168 20551 20967 21525 23151 23507 23625 23899 24061 ,604353 666860 656683 26736 666887 770254 796591 903915 894309 953211 ,20551 20967 23151 23507 24264 24629 25543 25978 26547 26602 
449489 999980 776223 999324 815076 957833 672398 758969 613141 992915 ,45358 45424 48088 48753 51502 53010 54102 54655 55875 55931 ,449489 999980 776223 999324 815076 957833 672398 758969 613141 992915 ,45358 45424 48088 48753 51502 53010 54102 54655 55875 55931 
204872 480850 411391 912136 301487 288348 233542 984799 481945 929416 ,84898 88978 89618 92172 96376 98040 102012 103324 103516 104685 ,204872 480850 411391 912136 301487 288348 233542 984799 481945 929416 ,84898 88978 89618 92172 96376 98040 102012 103324 103516 104685 
110263 77751 806857 893230 51668 341526 85743 319333 399216 764171 ,69209 72150 75577 75727 78896 79952 80353 82160 82351 83123 ,110263 77751 806857 893230 341526 85743 399216 764171 996319 245296 ,69209 72150 75577 75727 79952 80353 82351 83123 83792 83958 
860543 868280 352122 532594 798220 40736 98871 472996 22937 532011 ,42248 49969 50748 52337 52769 52921 53854 54661 54905 55039 ,860543 868280 352122 532594 40736 98871 472996 22937 532011 541627 ,42248 49969 50748 52337 52921 53854 54661 54905 55039 55108 
175092 823111 910743 256151 210691 521937 732333 88959 547421 884426 ,38536 39095 40499 40623 42391 42794 44367 44400 45060 45166 ,175092 823111 910743 256151 210691 521937 732333 88959 547421 884426 ,38536 39095 40499 40623 42391 42794 44367 44400 45060 45166 
827709 806195 251970 762655 199715 542985 277662 472854 489083 456608 ,40903 48882 55430 63648 68398 70064 70584 73884 75893 77911 ,827709 806195 251970 762655 199715 542985 277662 489083 456608 786125 ,40903 48882 55430 63648 68398 70064 70584 75893 77911 78870 
152538 458852 45359 904250 966777 73717 893506 698870 229644 725835 ,67628 71603 71810 72010 73248 74044 74123 74280 74976 75167 ,152538 458852 45359 904250 966777 73717 893506 698870 229644 725835 ,67628 71603 71810 72010 73248 74044 74123 74280 74976 75167 
956324 614621 374097 785066 620317 143773 984280 983642 817453 27676 ,45761 48194 58646 59636 66120 66570 67473 68277 68945 72187 ,956324 614621 374097 785066 620317 143773 984280 983642 817453 27676 ,45761 48194 58646 59636 66120 66570 67473 68277 68945 72187 
673701 764461 10490 739167 131912 232292 953104 676839 658059 762754 ,46085 59901 60626 62298 64483 65205 65278 68065 68488 68551 ,673701 764461 10490 739167 131912 232292 953104 676839 658059 762754 ,46085 59901 60626 62298 64483 65205 65278 68065 68488 68551 
428743 953398 442731 449981 298444 955500 765271 747956 47093 922932 ,17999 25243 66291 68270 70394 82019 82272 84344 84673 85380 ,428743 953398 442731 449981 298444 955500 765271 747956 47093 922932 ,17999 25243 66291 68270 70394 82019 82272 84344 84673 85380 
982100 172512 851835 98492 569633 851163 915059 966836 495539 757222 ,73077 75534 75832 76147 76651 79000 79842 81602 82342 83109 ,172512 851835 569633 851163 915059 966836 757222 250215 73431 56516 ,75534 75832 76651 79000 79842 81602 83109 83811 84638 85090 
738562 104898 939203 189431 140494 301529 462726 274356 130039 464769 ,68314 73044 78839 79405 83261 83482 83737 85895 86220 87354 ,738562 104898 939203 189431 140494 301529 462726 274356 130039 464769 ,68314 73044 78839 79405 83261 83482 83737 85895 86220 87354 
667082 768460 411891 446586 666895 544466 190806 570346 824924 985762 ,20309 22596 22883 23503 24739 25563 25718 25910 26150 26241 ,667082 768460 411891 446586 666895 544466 190806 570346 824924 985762 ,20309 22596 22883 23503 24739 25563 25718 25910 26150 26241 
675142 674755 657329 570880 429874 654893 768054 541678 657537 986486 ,17313 22167 28055 28542 29674 33622 33766 34120 34303 34857 ,675142 674755 657329 570880 429874 654893 768054 541678 657537 986486 ,17313 22167 28055 28542 29674 33622 33766 34120 34303 34857 
509214 852191 880489 895588 822999 840229 202355 266633 62061 379648 ,61101 63180 65343 65714 67233 70283 72600 72600 72633 72777 ,509214 852191 880489 895588 822999 840229 266633 202355 62061 849735 ,61101 63180 65343 65714 67233 70283 72600 72600 72633 73288 
423315 600690 242676 256599 628292 392038 279021 271643 508288 458282 ,55038 55235 58930 59198 62137 63113 63355 64168 64309 67566 ,423315 600690 242676 256599 628292 392038 279021 271643 508288 458282 ,55038 55235 58930 59198 62137 63113 63355 64168 64309 67566 
996284 544466 666977 995664 675378 892774 544552 824924 675888 541399 ,10307 10416 11463 11938 11948 12010 12316 12389 12390 12585 ,825257 667130 686012 566863 766550 540084 445962 822813 190763 654226 ,12711 12791 13291 13442 13920 13980 14098 14806 14877 14981 
200338 714113 455720 143447 275882 499026 357092 386155 436524 894360 ,81648 83889 84376 85648 87541 89414 91355 92042 92050 93675 ,200338 714113 455720 143447 499026 357092 386155 436524 894360 173439 ,81648 83889 84376 85648 89414 91355 92042 92050 93675 93726 
535614 35901 370394 90773 177636 938938 760539 593042 317382 471690 ,76310 87334 92889 93048 93698 95349 97256 97884 98938 99249 ,535614 35901 370394 90773 177636 938938 593042 317382 471690 704387 ,76310 87334 92889 93048 93698 95349 97884 98938 99249 99484 
523020 453170 746431 712146 745010 193422 740680 521215 419864 756718 ,57893 80776 82436 83858 86102 86954 87692 90394 90528 92076 ,523020 453170 746431 712146 745010 193422 740680 521215 419864 756718 ,57893 80776 82436 83858 86102 86954 87692 90394 90528 92076 
451977 653618 186332 795863 915879 712453 655793 448322 649156 797014 ,71138 74091 81531 83028 86407 86534 88129 92507 93980 94573 ,451977 653618 186332 795863 915879 712453 655793 448322 649156 797014 ,71138 74091 81531 83028 86407 86534 88129 92507 93980 94573 
182796 84139 362073 918652 834257 59248 434082 145425 949323 611462 ,75232 81263 93888 95239 96160 97656 97810 98739 100008 100341 ,182796 84139 362073 918652 834257 59248 434082 145425 949323 611462 ,75232 81263 93888 95239 96160 97656 97810 98739 100008 100341 
997541 160385 641758 95538 727666 43010 460216 532665 827398 454880 ,76604 76758 81445 83470 87289 87567 90050 91299 92285 93286 ,997541 160385 641758 95538 727666 43010 460216 532665 827398 454880 ,76604 76758 81445 83470 87289 87567 90050 91299 92285 93286 
680560 151708 314929 883746 968936 532221 328126 432087 407096 277143 ,83136 85438 85486 97748 97937 108243 108254 111186 111292 111940 ,680560 151708 314929 883746 968936 532221 328126 432087 407096 277143 ,83136 85438 85486 97748 97937 108243 108254 111186 111292 111940 
786569 342473 962994 332752 315083 206623 270901 99587 22849 470261 ,61895 63452 64411 69601 69825 70636 70636 71584 72216 72310 ,786569 342473 962994 332752 315083 206623 270901 99587 22849 470261 ,61895 63452 64411 69601 69825 70636 70636 71584 72216 72310 
933348 394310 142512 968038 793286 593562 484278 855611 588387 13890 ,91093 108620 119006 124713 126770 127009 127053 128526 130748 131165 ,933348 394310 142512 968038 793286 593562 484278 855611 588387 13890 ,91093 108620 119006 124713 126770 127009 127053 128526 130748 131165 
991461 847799 673872 673026 675378 692508 853084 673171 673165 675024 ,11158 12464 12910 13033 13064 13170 13432 13974 13992 14292 ,991461 847799 673872 673026 675378 853084 673171 673165 675024 553572 ,11158 12464 12910 13033 13064 13432 13974 13992 14292 14360 
674723 884243 609479 47026 656096 851329 675142 656286 105646 657362 ,19895 23500 24427 25023 25418 25986 26668 26711 27011 27508 ,675802 859987 45942 601527 158881 569398 409282 768483 609664 421904 ,35477 36956 41071 41838 42629 43504 44128 44656 44669 44932 
656514 832267 481097 556430 115867 183061 951620 830214 664641 854490 ,86375 100173 105718 111005 112562 116499 118857 120784 121056 121918 ,656514 832267 481097 556430 115867 183061 951620 830214 664641 854490 ,86375 100173 105718 111005 112562 116499 118857 120784 121056 121918 
385093 531709 335309 288277 119074 534155 725543 295418 575004 749907 ,55266 60226 62225 62482 62947 63660 63841 64407 65890 66109 ,385093 335309 288277 119074 534155 725543 295418 575004 749907 813974 ,55266 62225 62482 62947 63660 63841 64407 65890 66109 66176 
203999 268277 556648 404110 388493 533299 860173 156602 183794 877756 ,58313 58313 61394 62417 65019 67595 70055 70531 70537 70731 ,203999 404110 388493 533299 860173 156602 183794 547706 501845 634654 ,58313 62417 65019 67595 70055 70531 70537 71040 71717 71866 
180417 707451 439077 35087 681124 516376 470860 596424 622575 724321 ,94529 95790 99553 102070 105540 106510 107093 107395 109437 110047 ,180417 707451 439077 681124 516376 470860 596424 622575 724321 676877 ,94529 95790 99553 105540 106510 107093 107395 109437 110047 111381 
802122 610886 813345 828251 823222 646734 33556 157341 460058 548826 ,96142 99200 100106 100609 110983 112597 112619 112790 113679 113999 ,802122 610886 813345 828251 823222 646734 33556 157341 460058 548826 ,96142 99200 100106 100609 110983 112597 112619 112790 113679 113999 
758232 954351 759091 760059 757095 759144 757942 612363 757987 963117 ,13924 17695 21243 21900 24188 24735 25338 25923 26563 27095 ,757942 612363 963117 610279 404733 919567 622619 374354 961602 610422 ,25338 25923 27095 27743 32926 32953 33281 33742 34215 35757 
656832 824226 657534 654420 717378 893387 655568 721156 655443 825645 ,9733 9897 10385 11418 11689 12049 12849 13153 13847 14306 ,656832 657534 654420 717378 893387 655568 721156 655443 825645 955748 ,9733 10385 11418 11689 12049 12849 13153 13847 14306 14964 
380569 630731 260623 455493 508514 184108 585193 486321 547706 625726 ,73954 75010 79188 82178 88659 90161 91274 93117 94409 94971 ,380569 630731 260623 455493 508514 184108 585193 486321 547706 625726 ,73954 75010 79188 82178 88659 90161 91274 93117 94409 94971 
313410 356684 179664 230116 228900 620239 514250 574845 108525 638237 ,73824 76174 80232 84935 87261 89765 93298 93305 93631 93747 ,313410 356684 230116 228900 620239 514250 574845 108525 638237 932273 ,73824 76174 84935 87261 89765 93298 93305 93631 93747 94428 
309119 870747 414607 925339 874332 613176 153033 878360 64355 361871 ,57279 59440 60622 62070 66672 67159 67861 68519 69658 70268 ,613176 153033 64355 480036 728809 99115 799151 804693 476634 267067 ,67159 67861 69658 70636 71495 73445 75074 75792 77380 78600 
764455 219157 649117 653594 550628 926511 84680 486744 790293 551834 ,114233 114492 127387 128106 130182 130821 132294 133440 135391 136547 ,764455 219157 649117 653594 550628 926511 84680 486744 790293 551834 ,114233 114492 127387 128106 130182 130821 132294 133440 135391 136547 
119174 981030 236324 545289 694929 310007 445473 185656 434328 383248 ,80707 82230 84928 88723 89120 89404 91092 92832 93138 94673 ,119174 981030 236324 545289 694929 310007 445473 185656 434328 383248 ,80707 82230 84928 88723 89120 89404 91092 92832 93138 94673 
824226 657721 825584 604296 893387 657796 427413 767967 216102 446067 ,9134 10253 10661 10990 11594 11995 12067 12760 13748 13895 ,657721 825584 604296 893387 657796 427413 767967 216102 446067 667383 ,10253 10661 10990 11594 11995 12067 12760 13748 13895 14008 
654645 674420 565691 189301 797825 656432 657328 552997 656821 856933 ,17623 17810 18065 18082 18816 19764 19873 20232 21028 21127 ,654645 674420 565691 189301 797825 656432 657328 552997 656821 856933 ,17623 17810 18065 18082 18816 19764 19873 20232 21028 21127 
611516 545976 124989 869828 918839 855766 849063 566928 833537 219613 ,63882 72355 76488 80531 80972 81703 83844 88320 88885 92260 ,611516 545976 124989 869828 918839 855766 849063 566928 833537 219613 ,63882 72355 76488 80531 80972 81703 83844 88320 88885 92260 
677022 676752 677621 407875 614444 950743 776274 77583 485135 398534 ,10083 12510 24711 34977 36612 37911 38221 38578 38960 39039 ,677022 677621 407875 614444 950743 776274 77583 485135 398534 796794 ,10083 24711 34977 36612 37911 38221 38578 38960 39039 39865 
266336 326011 532438 480674 994028 949582 955456 728376 871138 271622 ,71742 81411 82403 85677 86954 87959 88697 93713 95546 101049 ,266336 326011 532438 480674 994028 949582 955456 728376 871138 271622 ,71742 81411 82403 85677 86954 87959 88697 93713 95546 101049 
709920 613079 610165 996677 48205 640847 853880 966839 798566 849135 ,68782 91317 100408 103536 104194 104371 106778 108352 108506 110958 ,709920 610165 48205 853880 966839 849135 592317 102877 383838 773316 ,68782 100408 104194 106778 108352 110958 116939 118000 120278 120402 
355578 496044 185699 701774 43971 279740 832965 173941 525939 80802 ,118564 121798 123325 125107 125594 127953 130178 135060 135239 136471 ,355578 496044 185699 701774 43971 279740 832965 173941 525939 80802 ,118564 121798 123325 125107 125594 127953 130178 135060 135239 136471 
805528 800300 796434 686207 796657 956201 967709 991615 931067 995954 ,33851 42514 45416 45653 46928 47846 48905 49192 49292 50758 ,805528 800300 796434 686207 796657 956201 967709 991615 931067 995954 ,33851 42514 45416 45653 46928 47846 48905 49192 49292 50758 
677120 110128 913402 227350 879654 947997 696501 299190 616375 360065 ,25627 54966 59307 60011 63722 64192 65765 67046 67273 67420 ,677120 110128 913402 227350 879654 947997 696501 299190 616375 360065 ,25627 54966 59307 60011 63722 64192 65765 67046 67273 67420 
472976 912963 901673 727801 914642 805390 630628 184362 146367 597999 ,78858 84341 84597 89513 90616 94508 95070 96203 96721 96775 ,472976 912963 901673 727801 914642 805390 630628 146367 597999 812198 ,78858 84341 84597 89513 90616 94508 95070 96721 96775 97715 
826781 163165 592318 158780 853467 136445 134555 732236 649224 773347 ,48885 59758 72088 74238 77695 78326 78415 79552 79708 80253 ,826781 163165 592318 158780 853467 136445 134555 732236 649224 773347 ,48885 59758 72088 74238 77695 78326 78415 79552 79708 80253 
719398 44997 530766 982949 65434 184274 699588 33657 421985 651594 ,129002 133671 136560 148076 148863 153907 154367 156742 159636 160343 ,719398 44997 530766 982949 65434 184274 699588 33657 421985 651594 ,129002 133671 136560 148076 148863 153907 154367 156742 159636 160343 
516870 517077 795080 654791 423637 824700 655076 641181 423721 657584 ,2834 3943 4835 5448 6233 6283 6445 7098 7549 7644 ,516870 517077 795080 654791 824700 655076 641181 423721 657584 824610 ,2834 3943 4835 5448 6283 6445 7098 7549 7644 7814 
824226 826998 820554 710200 638524 374408 41303 853906 40794 715602 ,26116 26506 30315 34062 34173 39589 39771 41696 43210 43364 ,824226 826998 820554 710200 638524 374408 41303 853906 40794 715602 ,26116 26506 30315 34062 34173 39589 39771 41696 43210 43364 
15692 993716 6699 463675 115355 187388 641581 659613 46766 108047 ,179685 209448 254178 306078 332982 337725 340699 359528 367230 367906 ,15692 993716 6699 463675 115355 187388 641581 659613 46766 108047 ,179685 209448 254178 306078 332982 337725 340699 359528 367230 367906 
803073 724246 582099 295281 680005 294045 402554 594334 284832 893852 ,78974 79761 83269 85690 86308 87368 87939 88647 91477 91674 ,803073 582099 295281 680005 294045 402554 594334 284832 634362 709319 ,78974 83269 85690 86308 87368 87939 88647 91477 92304 92406 
740325 619725 900440 113093 609911 863068 555689 998283 359678 571443 ,66206 71886 81362 83895 86070 87153 87669 87736 88129 88129 ,740325 619725 900440 113093 609911 863068 555689 998283 359678 571443 ,66206 71886 81362 83895 86070 87153 87669 87736 88129 88129 
666146 485285 358194 363772 238296 699951 342166 325414 982514 283718 ,47233 52573 53189 54525 55652 57424 58848 59807 60065 60313 ,666146 485285 342166 325414 982514 283718 499146 278704 454439 497486 ,47233 52573 58848 59807 60065 60313 61861 62425 63101 63843 
343599 552801 12733 766784 765224 256983 535333 599943 204765 487148 ,67965 68969 69466 72559 73239 73920 75902 78273 78814 80085 ,343599 552801 12733 766784 765224 256983 535333 599943 204765 487148 ,67965 68969 69466 72559 73239 73920 75902 78273 78814 80085 
677390 458240 453976 5807 934353 815846 250669 24113 979090 417461 ,30194 31649 31698 33726 33963 34249 34657 36015 36191 37079 ,677390 458240 5807 934353 815846 250669 24113 979090 417461 961165 ,30194 31649 33726 33963 34249 34657 36015 36191 37079 37122 
934579 460775 170200 259394 252483 410819 99562 557018 738746 307988 ,39813 48361 48601 50118 51013 52297 52316 53420 55143 56252 ,934579 460775 170200 259394 410819 99562 738746 307988 39828 882605 ,39813 48361 48601 50118 52297 52316 55143 56252 56481 56990 
676558 761877 758338 677079 677346 677321 757212 675075 676617 759833 ,6886 18698 21134 24756 26116 28160 29686 32312 32808 33016 ,676558 761877 758338 677079 677346 677321 757212 675075 676617 759833 ,6886 18698 21134 24756 26116 28160 29686 32312 32808 33016 
131487 919567 908368 783617 779665 248147 17613 373135 334416 41653 ,64009 69444 84700 88719 89260 96567 96924 101315 103575 105546 ,131487 919567 908368 783617 779665 248147 17613 373135 334416 41653 ,64009 69444 84700 88719 89260 96567 96924 101315 103575 105546 
283827 533902 453976 242816 570719 960697 446793 337940 469602 254232 ,30144 32526 35232 35306 43149 43939 47284 47914 48425 50206 ,283827 533902 453976 242816 570719 960697 446793 337940 469602 254232 ,30144 32526 35232 35306 43149 43939 47284 47914 48425 50206 
85590 154158 396473 977199 70325 598607 366909 980582 361533 121699 ,72070 83852 96711 100728 100878 101916 102494 102972 103288 103316 ,85590 154158 396473 977199 70325 598607 366909 980582 361533 121699 ,72070 83852 96711 100728 100878 101916 102494 102972 103288 103316 
488610 92858 509420 82652 409507 633547 685030 378611 644030 716217 ,64864 77986 78417 78591 81917 83732 84920 85201 85789 87275 ,488610 92858 509420 82652 409507 633547 685030 378611 644030 716217 ,64864 77986 78417 78591 81917 83732 84920 85201 85789 87275 
19268 508509 331498 623902 623109 766278 678083 137758 935064 509938 ,51910 52853 54532 56107 56951 57034 58598 58756 59160 59194 ,19268 508509 623902 623109 766278 678083 137758 935064 509938 519015 ,51910 52853 56107 56951 57034 58598 58756 59160 59194 59670 
289606 983262 238056 337021 124591 199462 510373 615534 321737 495266 ,29308 44347 45481 47052 47642 47942 48205 50067 50254 50322 ,289606 983262 238056 337021 124591 199462 510373 615534 321737 495266 ,29308 44347 45481 47052 47642 47942 48205 50067 50254 50322 
346851 915870 345402 328697 358553 950743 163900 331287 391511 926295 ,44621 45061 45708 46665 46968 48261 50071 50178 51191 51860 ,346851 915870 345402 328697 358553 950743 163900 331287 391511 926295 ,44621 45061 45708 46665 46968 48261 50071 50178 51191 51860 
373791 677187 713090 827999 138420 136663 251025 405690 919226 961602 ,84689 86132 91359 99115 99371 103998 107444 108624 110754 111900 ,373791 677187 713090 827999 138420 136663 251025 405690 919226 961602 ,84689 86132 91359 99115 99371 103998 107444 108624 110754 111900 
677346 761877 374686 163865 991001 757077 973498 794017 141036 141496 ,28143 42105 45828 46548 53309 59219 63208 63477 67551 67856 ,677346 761877 374686 163865 991001 757077 973498 794017 141036 141496 ,28143 42105 45828 46548 53309 59219 63208 63477 67551 67856 
676830 937253 695297 657004 675305 914001 449267 914040 881000 190942 ,21401 30061 30858 32166 33609 33788 33796 34253 34806 35137 ,676830 937253 695297 657004 675305 914001 449267 914040 881000 190942 ,21401 30061 30858 32166 33609 33788 33796 34253 34806 35137 
757972 567056 673396 757630 961602 757942 610344 568915 612725 713979 ,11276 20367 22955 26033 29507 30542 39790 41577 44571 49161 ,757972 567056 673396 757630 961602 757942 568915 612725 713979 576666 ,11276 20367 22955 26033 29507 30542 41577 44571 49161 49426 
654323 859427 555454 846961 914392 640947 458097 674682 715507 401735 ,62477 75375 79451 79671 90458 92945 93541 94893 100382 100430 ,654323 859427 555454 846961 914392 640947 458097 674682 715507 401735 ,62477 75375 79451 79671 90458 92945 93541 94893 100382 100430 
568148 759746 970057 568602 568452 568738 613050 568308 567143 568180 ,11362 15665 17320 17901 19460 20262 23766 24718 25390 25841 ,759746 568602 568738 568308 567143 568180 970752 567398 758032 568387 ,15665 17901 20262 24718 25390 25841 26760 27245 29045 29392 
758289 758204 568011 995879 758700 568460 758446 759748 568451 568714 ,10154 14482 15243 17075 23627 24361 25269 25456 27005 27301 ,758289 758204 568011 995879 758700 568460 758446 759748 568451 568714 ,10154 14482 15243 17075 23627 24361 25269 25456 27005 27301 
986354 444889 830223 444242 886543 763113 375447 781488 961326 974667 ,46993 51667 51935 54010 56562 57851 58922 59204 60546 60930 ,986354 444889 830223 444242 886543 763113 375447 781488 961326 974667 ,46993 51667 51935 54010 56562 57851 58922 59204 60546 60930 
673981 36765 150756 76355 550057 674793 674788 786571 150815 820949 ,64915 71053 76378 77983 83508 84617 86070 86462 87783 91971 ,673981 150756 76355 550057 674793 674788 786571 150815 820949 757377 ,64915 76378 77983 83508 84617 86070 86462 87783 91971 92667 
567143 657659 568099 402687 42381 185344 588081 832158 303620 190993 ,23290 61800 63321 65835 67820 79655 92847 94649 95212 95943 ,567143 657659 568099 402687 42381 185344 588081 832158 303620 190993 ,23290 61800 63321 65835 67820 79655 92847 94649 95212 95943 
638604 233938 333728 475041 511044 460094 371038 257689 2104 800664 ,58530 61836 67286 67672 68126 71109 71303 71676 73167 73785 ,638604 233938 333728 475041 511044 460094 371038 257689 2104 800664 ,58530 61836 67286 67672 68126 71109 71303 71676 73167 73785 
604296 824226 826998 913737 636826 960167 676683 768102 397047 42771 ,10860 12310 17274 17698 19666 21880 22059 31856 33951 41724 ,604296 824226 826998 913737 636826 960167 676683 768102 397047 42771 ,10860 12310 17274 17698 19666 21880 22059 31856 33951 41724 
696802 702488 161293 335780 821518 280429 660473 13609 816909 625007 ,83922 84780 86774 98993 101083 101298 101309 102767 104164 106105 ,696802 702488 161293 335780 821518 280429 660473 13609 816909 1762 ,83922 84780 86774 98993 101083 101298 101309 102767 104164 106585 
984342 833153 845711 319472 985547 349736 10983 965158 961576 724118 ,101527 104851 111133 122450 123496 139349 140731 141059 142415 144371 ,984342 833153 845711 319472 985547 349736 10983 965158 961576 724118 ,101527 104851 111133 122450 123496 139349 140731 141059 142415 144371 
424217 191143 912036 770303 677361 39171 559708 787992 445898 38757 ,22363 25721 25815 26188 26403 27552 27792 28094 28670 28704 ,424217 191143 912036 770303 677361 39171 559708 787992 445898 38757 ,22363 25721 25815 26188 26403 27552 27792 28094 28670 28704 
895986 817744 45833 718450 933240 892274 450433 654729 134430 333414 ,41976 43926 58887 60254 61260 61871 65703 66719 68791 75651 ,895986 817744 45833 718450 933240 892274 450433 654729 134430 333414 ,41976 43926 58887 60254 61260 61871 65703 66719 68791 75651 
568534 567399 567073 567488 757476 766440 567086 568409 568385 568433 ,12579 15311 17231 20566 21079 21192 21233 22222 23315 24188 ,567399 567488 757476 568713 610697 810953 970112 568123 777775 567322 ,15311 20566 21079 24651 30779 32990 36007 37480 39202 39799 
677599 637230 676902 653260 142441 452960 677602 648977 674717 497541 ,25432 36660 39877 40028 40165 40938 42052 43203 43381 45213 ,653260 677602 648977 674717 814877 159340 672336 292007 652146 211924 ,40028 42052 43203 43381 45302 47168 47410 47958 48816 49302 
469128 612740 918989 151095 667697 759212 22419 304938 117360 612149 ,43961 47696 49895 49915 50361 51782 54064 55186 57930 58018 ,469128 918989 151095 667697 759212 22419 304938 117360 359955 853743 ,43961 49895 49915 50361 51782 54064 55186 57930 59290 59588 
833608 756087 835170 539662 758456 610590 735238 446436 890741 552430 ,20185 24842 32595 35195 35206 36900 36986 40116 40457 43719 ,833608 756087 835170 539662 758456 610590 735238 446436 890741 552430 ,20185 24842 32595 35195 35206 36900 36986 40116 40457 43719 
995737 758199 567663 758289 759284 567515 451133 758150 759682 158379 ,14561 17551 21512 24852 26222 26340 27059 30299 30559 32761 ,995737 758199 567663 758289 759284 567515 451133 758150 759682 158379 ,14561 17551 21512 24852 26222 26340 27059 30299 30559 32761 
600786 965652 397784 405582 751299 910700 269529 691198 460049 202097 ,80371 81795 85967 86431 88488 89292 91515 91567 93622 94074 ,600786 965652 397784 405582 751299 910700 269529 691198 460049 202097 ,80371 81795 85967 86431 88488 89292 91515 91567 93622 94074 
745458 558278 354966 852660 12775 795683 145852 191404 204948 181378 ,57275 59434 70523 74415 76979 78471 80017 80467 80951 81041 ,745458 558278 354966 852660 12775 795683 145852 191404 204948 181378 ,57275 59434 70523 74415 76979 78471 80017 80467 80951 81041 
397925 378116 478377 273306 230396 986900 881060 338324 879477 911607 ,137198 157291 160185 168628 169028 171276 171300 173315 178828 202868 ,397925 378116 478377 273306 230396 986900 881060 338324 879477 911607 ,137198 157291 160185 168628 169028 171276 171300 173315 178828 202868 
824177 525240 489888 509282 673323 518504 496947 507228 892709 515802 ,34701 36440 37169 37859 38893 39864 40547 40747 41856 42799 ,824177 525240 489888 509282 673323 496947 507228 892709 515802 430252 ,34701 36440 37169 37859 38893 40547 40747 41856 42799 43015 
563976 920647 955283 60050 561204 108815 3391 956401 540578 691205 ,39869 40190 41329 42872 42885 43849 43968 45952 46467 48686 ,563976 920647 955283 60050 561204 108815 3391 956401 540578 691205 ,39869 40190 41329 42872 42885 43849 43968 45952 46467 48686 
835309 749419 674378 326022 929969 177395 989765 651152 139384 597463 ,41684 58854 61231 63038 65456 66905 68144 68187 68897 70180 ,835309 749419 674378 326022 929969 177395 989765 651152 139384 597463 ,41684 58854 61231 63038 65456 66905 68144 68187 68897 70180 
833134 894452 761459 841700 249310 41145 159697 759615 833520 214099 ,38747 38941 48022 48822 50924 55383 55786 56207 56222 56435 ,833134 894452 761459 841700 249310 41145 159697 759615 214099 374111 ,38747 38941 48022 48822 50924 55383 55786 56207 56435 56817 
207207 658789 208501 349197 205962 723885 919752 679314 959686 225407 ,54931 65585 65901 66046 71284 72169 74655 75726 76617 77559 ,207207 658789 208501 349197 205962 723885 919752 679314 959686 225407 ,54931 65585 65901 66046 71284 72169 74655 75726 76617 77559 
918796 730770 863723 242726 915760 870662 682277 867464 223531 881103 ,51399 53471 57959 58260 60482 60727 65162 65708 65854 66483 ,918796 730770 863723 242726 915760 870662 682277 867464 223531 830837 ,51399 53471 57959 58260 60482 60727 65162 65708 65854 68384 
227792 238682 206839 392244 979403 615217 722805 617858 392008 459234 ,67295 68058 68289 70423 71487 72632 74704 75629 78019 78055 ,227792 238682 206839 392244 979403 615217 722805 617858 392008 459234 ,67295 68058 68289 70423 71487 72632 74704 75629 78019 78055 
778813 190802 653431 653280 655587 694831 190811 826746 778914 715357 ,9378 9919 10762 11146 11350 12046 12605 13237 13258 13285 ,190802 655587 539574 893405 826726 539565 909500 656391 558636 826998 ,9919 11350 15100 15961 16543 18033 18215 18367 18553 18691 
52138 53201 729289 538821 842258 368372 457485 522302 561722 514136 ,42167 72978 74525 75027 75130 75430 75922 76104 77550 78953 ,52138 53201 842258 368372 457485 522302 561722 514136 966373 704985 ,42167 72978 75130 75430 75922 76104 77550 78953 79584 80209 
395388 730500 682049 313620 730771 526666 865347 789317 850823 679277 ,52988 59292 60776 61287 61490 62063 64234 65018 65658 65997 ,730500 526666 679277 517013 972418 534257 646257 365368 915728 439273 ,59292 62063 65997 66004 68534 70055 71186 72316 72319 74087 
276532 271854 565084 629554 338957 61303 962113 973336 17800 940590 ,89859 90891 95885 96357 97842 101150 102089 102835 103958 105686 ,276532 271854 565084 629554 338957 61303 962113 973336 17800 940590 ,89859 90891 95885 96357 97842 101150 102089 102835 103958 105686 
679771 678763 678373 371199 515359 855611 515454 205101 269379 840484 ,31947 43849 47402 52311 52892 54928 55535 56435 56435 57778 ,678373 371199 515359 855611 515454 205101 840484 432472 174277 921205 ,47402 52311 52892 54928 55535 56435 57778 57912 58871 60143 
907103 710088 855571 495940 95112 916647 104485 842352 188507 690214 ,38182 40641 41827 44367 44433 44646 45404 45774 45778 46006 ,907103 710088 855571 495940 95112 916647 104485 188507 690214 429539 ,38182 40641 41827 44367 44433 44646 45404 45778 46006 46184 
566407 567771 567823 80753 469546 469676 86938 68623 68499 240757 ,33621 36143 36677 37191 37512 38072 39323 39699 40030 41946 ,566407 469546 469676 86938 68623 68499 464833 153982 140323 686247 ,33621 37512 38072 39323 39699 40030 42374 43623 44504 44781 
487871 705388 19180 400253 93441 152327 694521 93908 413470 609 ,57355 63060 64416 66171 66750 67156 68832 69198 69440 69775 ,487871 705388 19180 400253 152327 694521 93908 413470 609 145468 ,57355 63060 64416 66171 67156 68832 69198 69440 69775 69974 
199489 585644 916737 843562 943005 209638 859320 888133 204185 43127 ,64643 65206 66731 67218 70157 71508 73211 74625 75372 76017 ,199489 585644 916737 843562 943005 209638 859320 888133 204185 43127 ,64643 65206 66731 67218 70157 71508 73211 74625 75372 76017 
859170 538118 553842 632599 51026 193542 545714 58522 919884 885297 ,59391 62282 62487 66501 67311 69665 70141 70729 71925 72014 ,859170 538118 553842 632599 51026 193542 545714 58522 919884 885297 ,59391 62282 62487 66501 67311 69665 70141 70729 71925 72014 
631921 89607 922897 516426 253850 693257 245465 752700 524546 51668 ,68184 69377 72664 72695 75393 76364 77135 77226 77471 80647 ,89607 922897 516426 253850 693257 245465 752700 524546 51668 89408 ,69377 72664 72695 75393 76364 77135 77226 77471 80647 80685 
679287 65752 297952 716128 37751 57206 555814 46914 571928 108142 ,17299 36868 38629 40276 42633 43162 43458 44024 44091 44442 ,679287 65752 297952 716128 37751 57206 555814 46914 571928 108142 ,17299 36868 38629 40276 42633 43162 43458 44024 44091 44442 
207681 515323 60420 207635 102132 668181 23834 597253 108313 561443 ,25224 26112 32974 33860 34675 34992 38868 38913 39559 41119 ,207681 515323 60420 207635 102132 668181 23834 597253 108313 561443 ,25224 26112 32974 33860 34675 34992 38868 38913 39559 41119 
412477 376202 122934 504244 541217 861022 234103 272209 518151 510646 ,32175 38996 40741 41924 42254 42716 42914 42945 43560 43991 ,412477 376202 122934 504244 541217 861022 234103 272209 518151 510646 ,32175 38996 40741 41924 42254 42716 42914 42945 43560 43991 
679750 343791 748078 341569 453956 403007 178338 402129 808518 168949 ,22772 46012 46641 51068 55423 55499 56884 57086 58125 58491 ,679750 748078 341569 403007 178338 402129 808518 168949 852083 721686 ,22772 46641 51068 55499 56884 57086 58125 58491 58833 59023 
21251 379993 96565 693876 858524 613214 87658 303401 795907 461786 ,70171 76562 79235 79355 80710 81693 81920 82126 82819 85236 ,21251 379993 96565 693876 858524 613214 87658 303401 795907 461786 ,70171 76562 79235 79355 80710 81693 81920 82126 82819 85236 
69514 889276 972435 596651 941855 906124 276441 76787 239722 252894 ,74894 75260 77264 77671 79999 80375 80928 82235 83016 84539 ,69514 889276 972435 596651 941855 906124 276441 76787 239722 252894 ,74894 75260 77264 77671 79999 80375 80928 82235 83016 84539 
496506 207592 933548 511519 431797 868053 879263 955296 416398 670081 ,45468 50528 52290 53425 54836 55559 55674 56524 56649 57336 ,496506 207592 933548 511519 431797 868053 879263 955296 416398 670081 ,45468 50528 52290 53425 54836 55559 55674 56524 56649 57336 
60060 936029 238437 969490 480343 486487 430360 997052 628320 842188 ,49798 53081 53274 55298 55648 55725 55842 56144 56234 58146 ,376681 561755 869743 931721 931689 859136 513992 961086 932969 915732 ,62072 63687 64300 64668 64677 65108 67064 67065 67582 68389 
191022 606332 434079 655736 892544 125982 256260 204376 212768 901115 ,69768 71460 75395 75553 79877 80044 80712 81459 81539 83577 ,191022 606332 434079 892544 125982 256260 204376 212768 901115 776761 ,69768 71460 75395 79877 80044 80712 81459 81539 83577 83806 
964022 780037 879703 573066 478356 933005 416508 889584 375132 921281 ,40851 41633 42071 43330 44717 46076 46545 47077 48588 49181 ,964022 780037 879703 573066 478356 933005 416508 889584 375132 921281 ,40851 41633 42071 43330 44717 46076 46545 47077 48588 49181 
679967 177881 245288 242597 294141 596462 413322 806919 90268 4499 ,11056 58130 58859 59449 60380 60932 62543 63106 64080 64112 ,679967 245288 242597 294141 596462 413322 90268 4499 938687 353052 ,11056 58859 59449 60380 60932 62543 64080 64112 64609 64617 
682907 432924 42223 628072 503670 234063 919196 771820 595521 978228 ,58460 60748 61431 61959 62841 62915 63855 64206 64729 65158 ,682907 432924 42223 628072 503670 234063 919196 771820 595521 978228 ,58460 60748 61431 61959 62841 62915 63855 64206 64729 65158 
183928 13186 861142 472704 86538 363355 470097 739013 199929 977668 ,85878 100478 101295 105527 109695 113005 114501 117955 119250 119939 ,183928 13186 861142 472704 86538 363355 470097 739013 199929 977668 ,85878 100478 101295 105527 109695 113005 114501 117955 119250 119939 
791989 595532 852940 980917 225408 71307 197552 482018 141850 162675 ,51299 67360 67561 67887 68567 70609 70629 70630 71363 71955 ,791989 595532 852940 980917 225408 71307 197552 482018 141850 162675 ,51299 67360 67561 67887 68567 70609 70629 70630 71363 71955 
923811 595094 917487 681524 542285 798497 463855 705603 71975 58747 ,43816 45107 46845 47425 47446 48368 48393 49308 49636 50449 ,923811 595094 917487 681524 542285 798497 463855 705603 58747 748327 ,43816 45107 46845 47425 47446 48368 48393 49308 50449 50828 
294266 896342 186130 704985 208115 844585 845115 69943 852220 54280 ,66672 71953 72514 73332 73334 74869 75769 76055 76281 77700 ,294266 896342 186130 704985 208115 844585 845115 69943 852220 54280 ,66672 71953 72514 73332 73334 74869 75769 76055 76281 77700 
681607 183297 934292 2878 169629 169460 141820 991216 786686 382868 ,37963 59515 63574 64100 66304 67055 67159 67180 68334 69234 ,183297 2878 169629 141820 382868 179108 523141 84896 681661 621220 ,59515 64100 66304 67159 69234 69521 69648 70858 71103 71408 
680024 117799 174993 235193 724767 124247 707369 520265 552451 307550 ,33720 77562 79306 81818 83304 84826 87698 91297 92574 92751 ,680024 117799 174993 235193 724767 124247 707369 520265 552451 307550 ,33720 77562 79306 81818 83304 84826 87698 91297 92574 92751 
216418 67079 895365 485350 905479 830997 632337 915526 668486 858603 ,43616 55170 56053 58472 62526 65695 69501 70436 70867 72866 ,216418 67079 895365 485350 905479 830997 632337 915526 668486 858603 ,43616 55170 56053 58472 62526 65695 69501 70436 70867 72866 
744290 216446 800835 824684 352719 733539 385767 659184 848052 627038 ,62267 63544 64506 64760 68144 70081 71327 73920 74792 75539 ,744290 216446 800835 352719 733539 385767 659184 848052 627038 473717 ,62267 63544 64506 68144 70081 71327 73920 74792 75539 76038 
197859 957907 880559 706167 683004 61030 105934 997349 645555 125461 ,54007 55896 58222 58568 59279 59502 60030 60381 60888 61158 ,197859 957907 880559 706167 683004 105934 997349 645555 125461 861953 ,54007 55896 58222 58568 59279 60030 60381 60888 61158 61518 
529175 487984 687603 753142 529665 432000 253314 532523 16721 244407 ,69224 69639 70200 70239 71181 71474 71517 71988 72118 72174 ,529175 487984 687603 753142 529665 253314 532523 16721 244407 26630 ,69224 69639 70200 70239 71181 71517 71988 72118 72174 72510 
967325 515412 323455 380644 487114 575645 585825 578248 600578 732751 ,52760 52768 55560 57037 61642 63208 64015 65132 66164 66511 ,967325 515412 323455 487114 575645 585825 600578 732751 370291 626474 ,52760 52768 55560 61642 63208 64015 66164 66511 68626 68845 
22631 300115 352601 366449 237164 223917 663973 320527 300162 115930 ,51229 61886 62903 65752 65992 67927 70271 71583 72744 72910 ,22631 300115 352601 366449 237164 223917 663973 320527 300162 115930 ,51229 61886 62903 65752 65992 67927 70271 71583 72744 72910 
481033 232371 521126 536330 804516 556996 693819 773606 447630 922439 ,37579 44429 47115 47523 47783 52853 53871 53886 55896 56215 ,481033 232371 521126 536330 804516 556996 693819 773606 447630 922439 ,37579 44429 47115 47523 47783 52853 53871 53886 55896 56215 
558289 642138 881689 583762 558229 809933 107544 216289 819076 695886 ,17732 18510 19257 20316 20385 20621 20657 20923 21267 21640 ,642138 558229 216785 699000 807623 107215 896510 899775 546742 487661 ,18510 20385 23985 24361 24478 25113 25157 25227 25790 26511 
692000 596331 359978 907249 917067 209207 65730 538982 264503 390591 ,52880 61935 69320 71694 72405 76146 79655 81579 81620 81953 ,692000 596331 359978 907249 917067 65730 538982 264503 390591 764533 ,52880 61935 69320 71694 72405 79655 81579 81620 81953 84385 
789768 692702 492623 197396 944238 311018 563690 987336 129084 584930 ,74302 90538 95863 95941 96558 99918 100074 101119 101151 101920 ,789768 692702 492623 197396 944238 311018 563690 987336 129084 584930 ,74302 90538 95863 95941 96558 99918 100074 101119 101151 101920 
446447 640545 38339 37982 216482 216754 207103 768132 38891 656095 ,9371 10746 10888 11105 11197 11317 11420 11476 11494 11536 ,768132 37685 870386 823505 447225 5774 905634 446679 785724 477247 ,11476 12536 13191 13226 14135 14139 14445 14519 14554 14648 
517596 923217 966233 586144 593721 264484 854812 458452 577121 62879 ,59705 75936 81641 83766 89563 94376 95423 96054 108064 108600 ,517596 923217 966233 586144 593721 264484 854812 458452 577121 62879 ,59705 75936 81641 83766 89563 94376 95423 96054 108064 108600 
943691 518377 683761 972831 730775 481687 139648 267598 752348 426194 ,58315 64524 65910 67713 68450 68863 71282 71871 72183 72404 ,943691 518377 683761 972831 730775 481687 139648 267598 752348 426194 ,58315 64524 65910 67713 68450 68863 71282 71871 72183 72404 
125807 403413 623398 169701 180809 582650 235197 246936 940673 242826 ,60965 69055 69309 70796 71210 71459 74487 75825 76009 76473 ,125807 403413 623398 169701 180809 582650 235197 246936 940673 242826 ,60965 69055 69309 70796 71210 71459 74487 75825 76009 76473 
722847 797352 15681 134329 739756 670151 343554 857296 392484 949240 ,49763 61002 62121 62967 65858 65942 67041 68333 68975 70882 ,722847 797352 15681 134329 739756 670151 343554 857296 392484 949240 ,49763 61002 62121 62967 65858 65942 67041 68333 68975 70882 
87134 430792 861963 727024 361453 79392 287354 555711 732399 521004 ,97120 107063 107139 111272 111515 113564 117779 123351 124112 124891 ,87134 430792 861963 727024 361453 79392 287354 555711 732399 521004 ,97120 107063 107139 111272 111515 113564 117779 123351 124112 124891 
738582 907196 521651 382745 268939 864229 538200 278350 57925 505103 ,37709 38306 39736 41264 43769 45717 46067 46541 48224 48974 ,738582 907196 521651 382745 268939 864229 538200 278350 57925 738882 ,37709 38306 39736 41264 43769 45717 46067 46541 48224 49331 
467475 888728 864841 825313 792757 845979 820691 770452 211622 874277 ,26664 37331 38779 38975 39358 39802 42518 43554 45097 45591 ,467475 888728 864841 825313 792757 845979 820691 770452 211622 874277 ,26664 37331 38779 38975 39358 39802 42518 43554 45097 45591 
191025 857277 905058 618202 878372 633895 932976 36200 853627 405090 ,24900 28325 35219 36687 37707 38137 40275 40606 41739 42234 ,191025 857277 905058 618202 878372 633895 932976 36200 853627 405090 ,24900 28325 35219 36687 37707 38137 40275 40606 41739 42234 
735413 208989 267070 524855 882346 224647 897098 9345 240974 18355 ,40908 60003 66931 68670 78506 81394 82829 83476 86037 86077 ,735413 208989 267070 524855 882346 897098 240974 18355 522419 228115 ,40908 60003 66931 68670 78506 82829 86037 86077 86989 90661 
682274 682085 705785 60776 688421 575410 968961 920238 451987 222826 ,19428 39897 47819 52993 53648 54142 55150 55838 56122 56248 ,682274 682085 705785 60776 688421 575410 968961 920238 451987 222826 ,19428 39897 47819 52993 53648 54142 55150 55838 56122 56248 
26289 264280 383185 867409 139813 576765 777446 554834 865666 791178 ,82943 84105 88824 89468 90143 90861 91881 95318 96384 96994 ,26289 264280 383185 867409 139813 576765 777446 554834 865666 791178 ,82943 84105 88824 89468 90143 90861 91881 95318 96384 96994 
5463 826183 39050 930757 678671 705884 676778 42299 401595 967001 ,55809 58560 59672 63539 63672 64915 66600 70795 71709 72031 ,5463 826183 39050 930757 678671 705884 676778 42299 401595 967001 ,55809 58560 59672 63539 63672 64915 66600 70795 71709 72031 
990944 941392 801117 956544 931877 886725 195628 607777 681797 84349 ,37886 41882 42399 42647 42708 45855 46809 47349 47378 48468 ,990944 941392 801117 956544 931877 886725 195628 607777 681797 84349 ,37886 41882 42399 42647 42708 45855 46809 47349 47378 48468 
703019 265300 393717 989333 202242 530605 130155 13427 198200 287350 ,60067 60878 62269 64672 65612 65815 67570 68070 68073 68137 ,265300 393717 989333 202242 530605 130155 13427 198200 287350 392434 ,60878 62269 64672 65612 65815 67570 68070 68073 68137 69956 
879368 311416 112829 232664 114112 633483 478798 364173 684266 593059 ,50851 54498 55288 55344 55624 57192 58098 59426 59661 60628 ,879368 311416 112829 232664 114112 633483 478798 364173 684266 593059 ,50851 54498 55288 55344 55624 57192 58098 59426 59661 60628 
366071 305159 740827 233080 321640 800170 101870 232709 423619 429825 ,35144 36212 43360 45576 45589 46541 47054 47240 47523 47562 ,366071 305159 740827 233080 321640 800170 101870 232709 423619 429825 ,35144 36212 43360 45576 45589 46541 47054 47240 47523 47562 
60814 857277 190642 407703 560943 503698 986956 855029 191390 544161 ,24140 27608 34436 34487 36033 36493 38018 38267 38616 40926 ,60814 857277 190642 407703 560943 503698 986956 855029 191390 544161 ,24140 27608 34436 34487 36033 36493 38018 38267 38616 40926 
225842 514784 127516 776248 537058 48573 362193 661189 17844 946258 ,68841 77901 78653 80060 83732 85865 87232 87394 89574 89999 ,225842 514784 127516 776248 537058 48573 362193 661189 17844 946258 ,68841 77901 78653 80060 83732 85865 87232 87394 89574 89999 
56158 963733 712753 155301 378750 475947 207330 771130 120531 699364 ,74768 79972 85755 88547 90048 91795 93296 94473 94787 95504 ,56158 963733 712753 155301 378750 475947 207330 771130 120531 699364 ,74768 79972 85755 88547 90048 91795 93296 94473 94787 95504 
594308 207863 488699 149616 15224 750247 882730 670910 830953 486077 ,51635 52870 53845 55151 56574 56691 58951 59281 60093 61570 ,594308 207863 488699 149616 15224 750247 882730 670910 830953 486077 ,51635 52870 53845 55151 56574 56691 58951 59281 60093 61570 
912462 643466 601031 306293 656346 476768 217695 576236 323428 925423 ,37720 37797 42049 42384 45644 46078 46746 47180 47603 48761 ,912462 643466 601031 306293 656346 476768 217695 576236 323428 925423 ,37720 37797 42049 42384 45644 46078 46746 47180 47603 48761 
969333 541493 735237 190635 831911 833008 536330 768020 447998 541481 ,5035 5551 5569 5622 5760 5788 5825 5913 5944 5957 ,969333 541493 735237 190635 831911 833008 536330 768020 447998 541481 ,5035 5551 5569 5622 5760 5788 5825 5913 5944 5957 
104692 688837 104753 351666 509117 280828 290774 488965 247714 502185 ,33527 33629 33919 36537 37245 37613 38612 38943 39299 39371 ,104692 688837 104753 351666 280828 290774 488965 247714 502185 727256 ,33527 33629 33919 36537 37613 38612 38943 39299 39371 39480 
188457 58826 364938 724202 201080 13350 941023 901698 635974 256547 ,53330 54270 56696 57077 57945 58304 58687 58725 58831 58841 ,188457 58826 724202 201080 13350 941023 901698 635974 256547 433957 ,53330 54270 57077 57945 58304 58687 58725 58831 58841 59770 
196156 274972 854243 276359 750482 793592 228444 15540 3530 168944 ,60594 60594 64241 65334 67320 68116 70989 71451 71778 73491 ,196156 854243 276359 750482 793592 228444 15540 3530 168944 16771 ,60594 64241 65334 67320 68116 70989 71451 71778 73491 75391 
525708 838123 843090 812401 520781 161697 916737 397996 513515 523309 ,53208 65151 74046 74363 78579 78746 81783 82041 83187 84735 ,525708 838123 843090 812401 520781 161697 916737 397996 513515 523309 ,53208 65151 74046 74363 78579 78746 81783 82041 83187 84735 
410544 685579 43357 545391 521291 378807 376876 374419 378172 37788 ,19020 19594 27428 29396 30240 31372 31755 33951 33964 34008 ,410544 376876 374419 37788 50964 539546 51662 698788 378732 378831 ,19020 31755 33951 34008 34995 37692 39972 39988 40360 40488 
470408 5545 404053 52982 451621 979881 774791 453728 386859 820464 ,74470 86274 95776 98627 99645 103409 105105 112324 113859 119756 ,470408 404053 52982 451621 979881 774791 453728 386859 820464 789058 ,74470 95776 98627 99645 103409 105105 112324 113859 119756 121393 
187369 79836 341879 524817 400732 788356 566264 431203 719401 523478 ,45182 46554 49582 49613 49986 52301 52634 52786 53358 54246 ,187369 79836 341879 524817 400732 788356 566264 431203 719401 523478 ,45182 46554 49582 49613 49986 52301 52634 52786 53358 54246 
686963 993616 308216 637549 998708 890780 746771 113104 951881 536658 ,30423 30625 31705 32470 34810 36032 38648 41498 42678 42747 ,686963 993616 308216 637549 998708 890780 746771 113104 951881 536658 ,30423 30625 31705 32470 34810 36032 38648 41498 42678 42747 
320343 454213 802820 220972 844108 342250 508629 124904 757486 580540 ,63847 67551 73089 74772 79037 81353 82055 83204 83462 84560 ,320343 454213 802820 220972 844108 342250 508629 124904 757486 580540 ,63847 67551 73089 74772 79037 81353 82055 83204 83462 84560 
392147 396261 399472 484363 430946 172771 402562 646601 602057 324059 ,72216 72350 74246 76093 79077 92967 93409 94095 94316 95259 ,396261 399472 484363 430946 402562 646601 602057 324059 847696 785905 ,72350 74246 76093 79077 93409 94095 94316 95259 95944 96032 
765874 382319 240390 213171 94631 391903 807071 426842 98719 470579 ,53010 58689 59637 60408 60742 61571 63414 64271 64817 65670 ,765874 382319 240390 213171 94631 391903 807071 426842 98719 470579 ,53010 58689 59637 60408 60742 61571 63414 64271 64817 65670 
558628 616409 384108 768626 811064 686802 687099 46568 641210 554386 ,38495 42415 44711 44952 46053 46466 47710 48380 48525 48994 ,558628 616409 384108 768626 811064 686802 687099 46568 641210 554386 ,38495 42415 44711 44952 46053 46466 47710 48380 48525 48994 
369860 235483 116311 861331 174968 231764 441842 682339 701757 282049 ,49299 52951 56678 56821 57913 60179 60497 60940 61563 62826 ,369860 235483 116311 861331 174968 231764 441842 682339 701757 282049 ,49299 52951 56678 56821 57913 60179 60497 60940 61563 62826 
389819 322130 591170 690537 351036 671709 713986 81399 131377 423966 ,35317 36196 40006 44869 46871 47210 47265 47387 48187 48491 ,389819 322130 591170 690537 351036 671709 713986 81399 131377 423966 ,35317 36196 40006 44869 46871 47210 47265 47387 48187 48491 
573189 105788 782466 790838 248128 404986 612423 729762 430276 555387 ,33950 35991 36951 37110 37544 37549 37703 37868 38385 39316 ,573189 782466 790838 248128 404986 612423 729762 430276 555387 405061 ,33950 36951 37110 37544 37549 37703 37868 38385 39316 39710 
692942 278800 847060 725121 317009 523925 59582 695291 522327 363432 ,64833 76030 77967 80099 83045 84458 85236 86159 86831 88625 ,692942 278800 847060 725121 317009 523925 59582 695291 522327 363432 ,64833 76030 77967 80099 83045 84458 85236 86159 86831 88625 
843523 199197 543665 532642 812689 987142 977374 823384 869961 832695 ,62265 62776 63550 63758 64031 66472 67467 68649 69028 69851 ,843523 199197 543665 532642 812689 987142 977374 823384 869961 832695 ,62265 62776 63550 63758 64031 66472 67467 68649 69028 69851 
911994 915085 907385 906860 217748 716892 901799 442880 974046 765691 ,23940 24878 31934 33664 43055 47706 50515 51483 53048 53485 ,911994 915085 907385 906860 217748 716892 901799 442880 974046 765691 ,23940 24878 31934 33664 43055 47706 50515 51483 53048 53485 
733442 744543 738847 353501 597733 403463 658796 246149 481466 833298 ,36937 46290 48422 50514 55459 56013 56557 57119 57417 57608 ,733442 744543 353501 597733 403463 658796 246149 481466 833298 730207 ,36937 46290 50514 55459 56013 56557 57119 57417 57608 57978 
994109 635969 468813 479956 379030 155619 703469 187934 416709 901101 ,34745 50644 53317 54428 54780 55916 58177 58880 60028 60282 ,994109 635969 468813 479956 379030 155619 703469 187934 416709 901101 ,34745 50644 53317 54428 54780 55916 58177 58880 60028 60282 
833951 225014 967764 500992 589707 809141 770640 525319 712833 549457 ,60768 71930 72685 73020 76961 79272 79489 81063 81325 81568 ,833951 225014 967764 500992 589707 809141 770640 525319 712833 549457 ,60768 71930 72685 73020 76961 79272 79489 81063 81325 81568 
64534 581263 549342 195199 903406 861314 195545 67558 779516 220809 ,51628 64303 66273 66871 67119 67323 67477 67915 68041 69087 ,64534 581263 549342 195199 903406 861314 195545 67558 779516 220809 ,51628 64303 66273 66871 67119 67323 67477 67915 68041 69087 
181042 731358 500443 152358 830587 498138 515781 777111 61097 151931 ,67966 71935 72136 72722 75101 75980 76070 76456 76655 78016 ,181042 731358 500443 152358 830587 498138 515781 777111 61097 151931 ,67966 71935 72136 72722 75101 75980 76070 76456 76655 78016 
212258 89091 132423 232669 608278 64510 523156 742324 733339 259600 ,68247 74608 78457 80739 81047 81531 82343 83184 84847 85374 ,212258 89091 132423 232669 608278 64510 523156 742324 733339 259600 ,68247 74608 78457 80739 81047 81531 82343 83184 84847 85374 
701760 864182 363789 810467 795240 279668 306817 731757 188519 435223 ,24749 34643 36806 44215 47341 49064 49830 50471 51175 51898 ,701760 363789 810467 795240 279668 306817 731757 188519 397214 929423 ,24749 36806 44215 47341 49064 49830 50471 51175 52334 53383 
263344 829357 953699 236249 601190 562258 129840 275390 953396 4757 ,63588 65087 68561 70411 70936 71313 73032 73870 74051 74164 ,263344 829357 953699 236249 601190 562258 129840 275390 953396 4757 ,63588 65087 68561 70411 70936 71313 73032 73870 74051 74164 
926940 861138 281015 71003 431789 335161 301529 533349 612627 467323 ,72708 78591 79458 79803 80641 80997 81846 81893 82713 83377 ,926940 861138 281015 71003 431789 335161 301529 533349 612627 467323 ,72708 78591 79458 79803 80641 80997 81846 81893 82713 83377 
763980 6953 753559 50563 537376 541387 757796 656287 46236 816931 ,72596 83784 85013 87177 87687 88810 100503 100903 101825 103027 ,763980 6953 753559 50563 537376 541387 757796 656287 46236 816931 ,72596 83784 85013 87177 87687 88810 100503 100903 101825 103027 
772052 194841 941994 253768 277079 395372 405544 980202 667322 843899 ,75450 78820 81757 82018 84387 88707 92474 94322 95379 98960 ,772052 194841 941994 253768 277079 395372 405544 980202 667322 843899 ,75450 78820 81757 82018 84387 88707 92474 94322 95379 98960 
122359 498883 368855 294778 960161 389840 916236 547772 322165 888619 ,58535 63666 64201 65237 67237 67823 70981 71055 71337 71762 ,122359 498883 368855 294778 960161 389840 916236 547772 322165 888619 ,58535 63666 64201 65237 67237 67823 70981 71055 71337 71762 
850981 366396 402554 224891 923221 637090 378847 257810 193851 979752 ,81537 97327 99299 101960 107447 112012 112779 119190 121377 122617 ,850981 366396 402554 224891 923221 637090 378847 257810 193851 979752 ,81537 97327 99299 101960 107447 112012 112779 119190 121377 122617 
369797 245112 111985 478095 442889 903341 371099 303695 20626 478026 ,68031 68904 76986 78674 81021 81061 82130 83649 84169 84205 ,369797 245112 478095 442889 903341 371099 303695 20626 478026 384801 ,68031 68904 78674 81021 81061 82130 83649 84169 84205 84621 
615679 724942 824940 30574 160630 273702 279301 451322 325403 729981 ,39554 40149 41361 41812 42708 43313 43559 43873 43925 44517 ,615679 724942 824940 30574 160630 273702 279301 451322 325403 729981 ,39554 40149 41361 41812 42708 43313 43559 43873 43925 44517 
925836 52562 871986 259516 167863 377828 814082 45705 47960 309327 ,92639 97400 109363 109795 118364 131497 134459 140798 141069 142120 ,925836 52562 871986 259516 167863 377828 814082 45705 47960 309327 ,92639 97400 109363 109795 118364 131497 134459 140798 141069 142120 
147782 888232 425066 976655 263603 8622 31707 852515 31716 794718 ,73722 73991 74595 74679 75250 75502 75534 76781 77741 79938 ,147782 888232 976655 263603 8622 31707 852515 31716 794718 182947 ,73722 73991 74679 75250 75502 75534 76781 77741 79938 81351 
152211 348609 346216 358753 158588 72263 549289 60766 277244 746514 ,69147 69991 71349 72735 76263 76433 77703 78076 79832 82067 ,152211 348609 346216 358753 158588 72263 549289 60766 277244 746514 ,69147 69991 71349 72735 76263 76433 77703 78076 79832 82067 
192614 125256 16064 136827 389602 795684 617979 625171 621456 958035 ,56419 72014 83380 83951 90151 93235 93423 94260 96215 96862 ,192614 125256 16064 136827 389602 795684 617979 625171 621456 958035 ,56419 72014 83380 83951 90151 93235 93423 94260 96215 96862 
115545 892709 262029 256081 452900 430252 248868 337092 518504 525240 ,41696 43655 43993 44105 45316 45452 45713 46011 46037 46551 ,115545 892709 262029 256081 452900 430252 248868 337092 518504 525240 ,41696 43655 43993 44105 45316 45452 45713 46011 46037 46551 
343708 976825 918583 673139 113003 667362 101866 448025 673861 445116 ,14699 19269 20345 22209 24309 25896 26237 26353 27369 28093 ,343708 976825 918583 673139 113003 667362 101866 448025 673861 445116 ,14699 19269 20345 22209 24309 25896 26237 26353 27369 28093 
691608 3224 46291 347953 376508 351892 896530 347072 639000 371801 ,29577 31803 32384 32537 35939 36457 37964 38634 38636 38808 ,691608 3224 46291 347953 351892 896530 347072 639000 371801 255319 ,29577 31803 32384 32537 36457 37964 38634 38636 38808 39287 
217695 808178 41467 211828 912813 213823 704099 715366 755675 790506 ,61521 71383 79152 82361 86238 86880 91212 98145 103253 103722 ,217695 808178 41467 211828 912813 213823 704099 715366 755675 790506 ,61521 71383 79152 82361 86238 86880 91212 98145 103253 103722 
510249 351493 306699 547240 906018 970093 646543 547139 504405 528446 ,37243 39122 40358 40689 40960 41067 42644 43181 43391 44511 ,510249 351493 306699 547240 906018 970093 646543 547139 528446 453825 ,37243 39122 40358 40689 40960 41067 42644 43181 44511 45631 
77499 197149 275486 984691 18767 17140 930387 671070 274696 75305 ,56602 66989 69467 70166 70575 71053 71413 71829 72889 74650 ,77499 197149 275486 984691 930387 671070 274696 695503 154450 629054 ,56602 66989 69467 70166 71413 71829 72889 74939 75112 75420 
898861 220401 95212 702126 789678 286720 884672 352162 932523 83002 ,27786 35187 38356 40576 40861 42188 42544 43873 44018 44296 ,898861 220401 95212 702126 789678 286720 884672 352162 932523 83002 ,27786 35187 38356 40576 40861 42188 42544 43873 44018 44296 
301975 349330 767634 840862 989570 288113 327539 975941 702310 713004 ,61706 67520 82376 88251 90809 91297 94241 96746 96751 97656 ,301975 349330 767634 840862 989570 288113 327539 975941 702310 713004 ,61706 67520 82376 88251 90809 91297 94241 96746 96751 97656 
790387 518473 483937 774572 122434 484853 609261 268765 961155 774408 ,36965 37527 38821 38983 40900 42083 42227 42877 42920 43537 ,790387 483937 774572 122434 484853 609261 268765 961155 774408 774905 ,36965 38821 38983 40900 42083 42227 42877 42920 43537 44024 
385574 602044 116210 302919 386869 535385 194987 731289 655688 81524 ,34618 49489 49698 51291 51932 55955 56757 58281 59329 59714 ,385574 602044 116210 302919 386869 535385 194987 731289 655688 81524 ,34618 49489 49698 51291 51932 55955 56757 58281 59329 59714 
590911 34804 926848 362600 393287 76999 801107 495915 465572 75326 ,60246 67800 68254 69354 70427 71073 71876 72311 72471 72794 ,590911 34804 926848 362600 393287 76999 801107 495915 465572 75326 ,60246 67800 68254 69354 70427 71073 71876 72311 72471 72794 
257883 926846 244116 875470 621519 59248 623993 407325 805956 630475 ,60249 68962 70072 70955 78026 78511 80338 80714 82623 83319 ,257883 926846 244116 875470 621519 59248 623993 407325 805956 630475 ,60249 68962 70072 70955 78026 78511 80338 80714 82623 83319 
770896 659975 364899 213397 944081 741980 771184 912893 974585 663237 ,38081 42904 44296 44512 45770 45779 46472 47428 47519 47932 ,770896 659975 364899 213397 944081 741980 771184 974585 663237 481541 ,38081 42904 44296 44512 45770 45779 46472 47519 47932 47934 
120817 19196 205456 316400 769975 71084 688162 935300 74677 456115 ,62117 65893 71173 72321 72780 72881 72923 74181 76252 77394 ,120817 19196 205456 316400 769975 71084 688162 935300 74677 456115 ,62117 65893 71173 72321 72780 72881 72923 74181 76252 77394 
78764 810281 807472 807562 216897 824674 77254 473252 698127 771068 ,21565 28217 29098 29701 30280 31995 32745 33521 34041 35781 ,78764 810281 807472 807562 216897 824674 77254 698127 569217 857852 ,21565 28217 29098 29701 30280 31995 32745 34041 35961 36967 
688170 898244 991211 991439 318337 512782 250426 688616 829270 505586 ,32186 40476 42831 43556 44389 45234 45808 47560 47642 47648 ,688170 898244 991211 318337 512782 250426 688616 829270 505586 897215 ,32186 40476 42831 44389 45234 45808 47560 47642 47648 48459 
406182 520499 351800 958149 327580 616117 434600 308119 215931 404671 ,31327 32043 36094 36256 37862 38303 38445 38992 39920 40152 ,406182 520499 351800 958149 327580 616117 434600 215931 404671 503010 ,31327 32043 36094 36256 37862 38303 38445 39920 40152 40154 
560080 419813 562757 628738 519277 873759 636620 895398 408675 451696 ,57319 62215 66022 66938 67303 68037 68272 69075 71288 71538 ,560080 419813 562757 628738 519277 636620 895398 408675 451696 949422 ,57319 62215 66022 66938 67303 68272 69075 71288 71538 71804 
519852 488144 865848 898644 3331 167568 141124 153232 114917 193479 ,80268 98932 105660 108536 111736 112934 113651 113795 114644 115708 ,519852 488144 865848 898644 3331 167568 141124 153232 114917 193479 ,80268 98932 105660 108536 111736 112934 113651 113795 114644 115708 
698883 893641 525430 17436 753492 249869 546118 155898 441986 933637 ,57058 65134 65421 66467 66804 66993 70101 70450 72144 72393 ,698883 893641 753492 155898 243791 94250 248109 295368 818294 635546 ,57058 65134 66804 70450 73647 74743 75051 75449 75738 77960 
745840 365625 389391 151369 366929 400622 283153 295095 450147 78543 ,33285 33584 35146 35820 36340 37583 38818 41201 41255 41371 ,745840 365625 389391 151369 400622 283153 295095 450147 78543 400590 ,33285 33584 35146 35820 37583 38818 41201 41255 41371 41882 
668539 36094 272169 275619 572141 125701 206811 596550 128216 36398 ,53369 54669 63208 63390 63900 71953 72231 72347 72597 72847 ,668539 36094 272169 275619 572141 125701 206811 596550 128216 36398 ,53369 54669 63208 63390 63900 71953 72231 72347 72597 72847 
606844 792176 684601 225434 809080 519465 607522 139382 635910 106348 ,53761 64953 67575 67839 67942 71305 71831 72028 72919 72955 ,606844 792176 684601 225434 809080 519465 607522 139382 635910 106348 ,53761 64953 67575 67839 67942 71305 71831 72028 72919 72955 
368613 317816 967540 366599 939944 975941 395669 36667 206171 166157 ,73034 108815 117162 123472 125564 128403 130785 131010 133314 133400 ,368613 317816 967540 366599 939944 975941 395669 36667 206171 166157 ,73034 108815 117162 123472 125564 128403 130785 131010 133314 133400 
429871 499522 168559 4592 168418 719427 815392 569512 338785 29972 ,40508 40551 42039 42153 43290 43757 44369 44718 45403 45729 ,429871 499522 168559 4592 168418 719427 815392 569512 338785 29972 ,40508 40551 42039 42153 43290 43757 44369 44718 45403 45729 
289630 562426 169115 507811 137852 415217 225845 61244 573371 104489 ,59513 75000 77811 78444 80330 82705 83213 83953 85916 85996 ,289630 562426 169115 507811 137852 415217 225845 61244 573371 104489 ,59513 75000 77811 78444 80330 82705 83213 83953 85916 85996 
190637 305988 94958 412052 329220 949036 782408 327065 636739 279263 ,25787 26795 27284 27353 27821 28047 28832 28868 28988 29358 ,190637 305988 94958 412052 329220 949036 782408 327065 636739 279263 ,25787 26795 27284 27353 27821 28047 28832 28868 28988 29358 
8831 297635 511488 717696 250573 514573 422179 95730 392862 544502 ,42938 49877 52971 53411 54382 54465 55018 55370 55620 56210 ,8831 297635 511488 717696 250573 514573 422179 95730 392862 544502 ,42938 49877 52971 53411 54382 54465 55018 55370 55620 56210 
94697 997104 191398 20066 716964 953024 953201 251806 647894 994609 ,54932 55681 55814 57423 57692 58463 61037 61714 63698 64043 ,997104 191398 20066 716964 953024 953201 251806 647894 994609 363990 ,55681 55814 57423 57692 58463 61037 61714 63698 64043 68268 
236438 332125 703056 874103 936905 703394 236789 837115 542343 208084 ,46258 50210 52158 54843 56707 58779 58925 60323 61167 62671 ,236438 332125 703056 874103 936905 703394 837115 542343 208084 149313 ,46258 50210 52158 54843 56707 58779 60323 61167 62671 62902 
225938 225982 41145 774945 540320 614633 540052 894452 259106 870908 ,45487 46450 46717 48180 50022 50390 51519 52933 54363 54491 ,225938 225982 41145 774945 540320 614633 894452 259106 870908 266944 ,45487 46450 46717 48180 50022 50390 52933 54363 54491 56249 
408129 363321 763842 752774 979562 687561 785648 888477 361514 937285 ,73790 77062 77486 78489 83925 86772 87990 88077 88717 89248 ,408129 363321 763842 752774 979562 687561 785648 888477 361514 937285 ,73790 77062 77486 78489 83925 86772 87990 88077 88717 89248 
469120 966858 256082 114954 83012 451039 540617 795535 82089 30006 ,34530 37166 40298 41429 42187 42420 42879 43231 43723 43842 ,469120 966858 256082 114954 83012 451039 540617 795535 82089 30006 ,34530 37166 40298 41429 42187 42420 42879 43231 43723 43842 
900128 895462 52182 792855 826755 859894 626261 615637 58295 862598 ,32953 42530 44170 47256 48236 48416 49372 51663 53764 54059 ,900128 895462 52182 792855 826755 859894 626261 615637 58295 862598 ,32953 42530 44170 47256 48236 48416 49372 51663 53764 54059 
719709 276982 744649 658048 379291 43313 878604 561434 159194 396905 ,37987 54125 59673 59850 60465 62823 64282 64677 64686 65926 ,719709 276982 744649 658048 379291 43313 878604 561434 159194 396905 ,37987 54125 59673 59850 60465 62823 64282 64677 64686 65926 
582150 241492 485565 273444 628246 589464 881588 664872 481988 17214 ,51197 53450 54132 54457 55295 56937 57964 59631 61303 62776 ,582150 241492 485565 273444 628246 589464 881588 664872 481988 17214 ,51197 53450 54132 54457 55295 56937 57964 59631 61303 62776 
562413 58732 516378 867652 977396 340517 965629 813958 806195 777503 ,61070 65655 77371 78183 82245 84356 85404 85726 87269 89947 ,562413 58732 516378 867652 977396 340517 965629 813958 806195 777503 ,61070 65655 77371 78183 82245 84356 85404 85726 87269 89947 
387143 386181 131890 668502 977195 388891 271944 488517 596841 396390 ,53665 54252 56306 56832 58119 71790 73863 83516 83599 83767 ,387143 386181 668502 977195 388891 271944 488517 596841 396390 52939 ,53665 54252 56832 58119 71790 73863 83516 83599 83767 85430 
941265 947599 174745 706089 217573 552196 299435 822472 298654 878872 ,56778 58177 61491 61714 62418 63332 63535 64256 64919 65314 ,941265 174745 706089 552196 299435 298654 878872 877996 594592 551941 ,56778 61491 61714 63332 63535 64919 65314 67527 67616 67998 
584180 11063 719388 882963 539535 684391 694935 596253 884011 707398 ,69686 73216 77519 77972 78643 79933 81635 83291 83347 85973 ,584180 11063 719388 882963 539535 684391 694935 596253 884011 707398 ,69686 73216 77519 77972 78643 79933 81635 83291 83347 85973 
517366 324628 125953 328218 515482 773853 872406 51020 281042 682537 ,51156 51380 51757 53096 53412 56200 59303 60511 60786 60821 ,517366 324628 125953 328218 515482 773853 872406 51020 281042 682537 ,51156 51380 51757 53096 53412 56200 59303 60511 60786 60821 
367417 368646 390061 756917 292592 322153 771084 283487 767606 58935 ,38955 40301 42476 42685 45062 46023 46210 46900 47362 47622 ,368646 756917 292592 322153 771084 283487 767606 58935 158899 454698 ,40301 42685 45062 46023 46210 46900 47362 47622 49379 49728 
806117 81069 98184 188780 662629 470883 433104 385046 410009 785229 ,51696 53929 54304 54675 57191 57216 59140 59605 59695 59754 ,806117 81069 98184 188780 662629 470883 433104 385046 410009 785229 ,51696 53929 54304 54675 57191 57216 59140 59605 59695 59754 
106319 635559 429612 506801 815139 567753 510278 808828 469274 71640 ,26697 28312 29319 29890 30595 31690 31760 32047 32676 32872 ,106319 635559 429612 506801 815139 567753 510278 808828 469274 71640 ,26697 28312 29319 29890 30595 31690 31760 32047 32676 32872 
638699 589060 404817 293104 544676 675238 406357 322480 353461 544768 ,17675 19032 22037 22181 25635 26569 27648 27883 29002 29058 ,638699 589060 404817 293104 544676 675238 406357 322480 353461 544768 ,17675 19032 22037 22181 25635 26569 27648 27883 29002 29058 
560753 221285 50092 886315 983577 528181 753547 51692 660881 797509 ,66205 83730 93826 94406 95293 98881 100906 101245 101527 103691 ,560753 221285 50092 886315 983577 528181 753547 51692 660881 797509 ,66205 83730 93826 94406 95293 98881 100906 101245 101527 103691 
64318 326925 325823 368720 365727 322985 795388 795392 322542 86160 ,52858 56462 56965 60632 63534 64114 64115 64630 65569 65852 ,64318 325823 368720 365727 322985 795388 795392 322542 86160 96982 ,52858 56965 60632 63534 64114 64115 64630 65569 65852 67450 
531065 688275 464122 125315 875267 883384 500310 888036 70404 439928 ,113626 121207 129818 130325 135031 138241 143105 147640 147700 148502 ,531065 688275 464122 125315 875267 883384 500310 888036 70404 439928 ,113626 121207 129818 130325 135031 138241 143105 147640 147700 148502 
743420 384816 467351 809458 95613 179909 828137 502460 780333 232669 ,57102 59904 60631 61553 61642 61680 62254 67596 69191 70574 ,743420 502460 232669 366487 506022 173096 179118 116138 515382 235143 ,57102 67596 70574 70793 71947 72111 73152 73711 74696 74748 
668324 861784 439169 936595 728245 594630 677970 58024 860796 69404 ,71798 78941 79480 80165 82312 85204 86194 87876 88257 88711 ,668324 861784 439169 936595 728245 594630 677970 58024 860796 69404 ,71798 78941 79480 80165 82312 85204 86194 87876 88257 88711 
688849 929163 843574 777595 533349 401016 830234 601416 774193 691942 ,47017 50015 50519 51888 53993 54224 54383 55081 56001 56643 ,688849 929163 843574 777595 533349 401016 830234 601416 774193 691942 ,47017 50015 50519 51888 53993 54224 54383 55081 56001 56643 
959415 560683 158159 964032 839930 915609 17178 197811 266425 541483 ,40951 43224 47454 47784 48349 49085 49452 49618 49848 49872 ,959415 560683 158159 964032 839930 915609 17178 197811 266425 541483 ,40951 43224 47454 47784 48349 49085 49452 49618 49848 49872 
757444 703517 343125 480914 448398 526255 176350 253206 379342 233741 ,48019 62651 64199 65367 65537 65558 65917 69230 70213 71060 ,757444 703517 343125 480914 448398 526255 176350 253206 379342 233741 ,48019 62651 64199 65367 65537 65558 65917 69230 70213 71060 
883572 955985 326514 353533 546963 315667 45966 545667 324330 960553 ,64284 73311 76959 84322 84339 84852 85334 86772 87256 87463 ,883572 955985 326514 353533 546963 315667 45966 545667 324330 960553 ,64284 73311 76959 84322 84339 84852 85334 86772 87256 87463 
251337 730147 266244 621797 150241 203574 133294 666210 236544 265709 ,37785 53384 62231 65615 66566 67305 69862 71080 71676 72919 ,251337 730147 266244 621797 150241 203574 133294 666210 236544 265709 ,37785 53384 62231 65615 66566 67305 69862 71080 71676 72919 
34764 173248 679373 749553 945898 310412 846481 282216 370755 16085 ,98632 98731 104370 104680 107136 107726 109519 110009 111185 111699 ,34764 173248 679373 749553 945898 310412 846481 282216 370755 16085 ,98632 98731 104370 104680 107136 107726 109519 110009 111185 111699 
283539 778745 368604 580274 69699 130381 77256 644607 216484 747871 ,48666 56066 59255 61756 62451 62576 63125 63181 63259 63603 ,283539 778745 368604 580274 69699 130381 77256 644607 216484 747871 ,48666 56066 59255 61756 62451 62576 63125 63181 63259 63603 
195920 682121 872761 272330 730500 388375 416492 687561 846800 633875 ,98504 102568 104867 105183 110509 111076 119551 119649 122408 122788 ,195920 682121 272330 730500 388375 416492 687561 846800 633875 847861 ,98504 102568 105183 110509 111076 119551 119649 122408 122788 122909 
622962 516773 635796 636280 751106 550508 202873 298153 246130 636070 ,57247 67587 70743 71061 71780 72507 72667 73254 73673 74545 ,622962 516773 635796 636280 751106 550508 202873 298153 636070 367420 ,57247 67587 70743 71061 71780 72507 72667 73254 74545 76129 
974097 397784 194350 694048 464797 747138 388125 525530 95537 27300 ,66524 75199 77208 78850 81035 81114 82520 83078 83505 84596 ,974097 397784 194350 694048 464797 747138 388125 525530 95537 27300 ,66524 75199 77208 78850 81035 81114 82520 83078 83505 84596 
613247 745749 841999 723359 714126 179775 6377 279664 182583 960718 ,83660 89882 93199 96658 99075 99335 99695 100226 100510 101139 ,613247 745749 841999 723359 714126 179775 6377 279664 182583 960718 ,83660 89882 93199 96658 99075 99335 99695 100226 100510 101139 
860935 515382 76017 390023 950521 447148 534857 226118 966787 696176 ,71603 73104 87433 88821 91148 93836 96290 98353 100666 102358 ,860935 515382 76017 390023 950521 447148 534857 226118 966787 696176 ,71603 73104 87433 88821 91148 93836 96290 98353 100666 102358 
897086 949303 293372 310132 234434 455633 806181 781849 422842 82241 ,62615 68163 70574 71761 74911 76950 77271 78590 79598 79973 ,897086 949303 293372 310132 234434 455633 806181 781849 422842 82241 ,62615 68163 70574 71761 74911 76950 77271 78590 79598 79973 
559604 922975 611624 321954 160545 440276 121972 234279 518344 132757 ,48910 50710 52209 53008 54223 55866 57264 57575 61555 62197 ,559604 922975 611624 321954 160545 440276 121972 234279 518344 132757 ,48910 50710 52209 53008 54223 55866 57264 57575 61555 62197 
807579 634229 416492 189400 312118 876005 359837 537657 580944 15077 ,65360 73188 74008 79911 81765 82261 84354 85049 86127 87138 ,634229 416492 189400 312118 876005 359837 537657 580944 15077 316391 ,73188 74008 79911 81765 82261 84354 85049 86127 87138 87964 
602857 793605 442610 43128 206254 475260 270174 774585 911747 541826 ,65267 80869 80961 82202 87206 88551 89741 91239 91459 94053 ,602857 793605 442610 43128 206254 475260 270174 774585 911747 541826 ,65267 80869 80961 82202 87206 88551 89741 91239 91459 94053 
453902 216223 271267 241232 457796 294994 72214 338807 309504 290795 ,29688 38341 40480 41106 42746 43055 44545 44769 44825 45008 ,453902 216223 271267 241232 457796 294994 72214 338807 309504 290795 ,29688 38341 40480 41106 42746 43055 44545 44769 44825 45008 
419785 31974 847828 288106 325474 226547 308147 459553 701457 961961 ,51347 63725 65237 65747 66800 68532 68676 71520 71741 71773 ,419785 31974 847828 288106 325474 226547 308147 459553 701457 961961 ,51347 63725 65237 65747 66800 68532 68676 71520 71741 71773 
563119 922515 236590 938982 984122 626940 977230 282094 253220 983745 ,71589 77520 78086 80217 84049 85863 86367 87553 87596 88542 ,563119 922515 938982 984122 626940 282094 253220 252824 435910 939380 ,71589 77520 80217 84049 85863 87553 87596 89675 91092 91659 
632886 778081 137484 741814 256895 148040 508516 746678 26467 932182 ,57591 65319 75446 76849 77056 78477 78562 78947 79372 79498 ,632886 778081 137484 741814 256895 148040 508516 746678 26467 932182 ,57591 65319 75446 76849 77056 78477 78562 78947 79372 79498 
787677 497234 116486 62702 650207 692662 303192 390008 546902 322752 ,72782 73965 77916 79778 79791 81042 83101 83471 84557 85886 ,787677 497234 116486 62702 650207 692662 303192 390008 546902 322752 ,72782 73965 77916 79778 79791 81042 83101 83471 84557 85886 
589811 703421 243889 884391 843107 697001 147447 341292 4272 704973 ,78894 89026 90645 91446 94708 96238 96409 97083 97470 100964 ,589811 703421 243889 884391 843107 697001 147447 341292 4272 704973 ,78894 89026 90645 91446 94708 96238 96409 97083 97470 100964 
458866 24589 24390 693226 302745 934713 368217 434283 697040 368880 ,66995 67460 68230 69483 69844 70061 70895 71349 71868 73725 ,458866 24589 693226 934713 368217 697040 368880 744381 106691 911132 ,66995 67460 69483 70061 70895 71868 73725 74068 74136 74273 
286655 232826 483501 866146 105462 876957 177916 441351 219525 575428 ,56623 57299 57473 59779 60082 60424 60822 61142 61442 62448 ,286655 232826 483501 866146 105462 876957 177916 441351 575428 694921 ,56623 57299 57473 59779 60082 60424 60822 61142 62448 63516 
789702 235069 761272 50159 136929 442588 991075 465303 382658 631867 ,77705 90686 91887 95168 95705 98447 99094 99357 102091 102179 ,789702 235069 761272 50159 136929 442588 991075 465303 382658 631867 ,77705 90686 91887 95168 95705 98447 99094 99357 102091 102179 
857458 376037 692076 857334 664862 268400 394573 964542 376142 611747 ,36412 41809 42854 43311 44175 44707 45251 45308 45453 45913 ,857458 376037 692076 857334 664862 268400 394573 964542 376142 611747 ,36412 41809 42854 43311 44175 44707 45251 45308 45453 45913 
910700 30466 208461 826936 397784 893770 308224 894918 267829 836488 ,77649 95333 96447 102333 102432 115039 116907 120397 121696 122440 ,910700 30466 208461 826936 397784 893770 308224 894918 267829 836488 ,77649 95333 96447 102333 102432 115039 116907 120397 121696 122440 
128168 225086 391470 700186 62749 109064 672365 939077 510591 400488 ,63017 78931 79247 79258 83861 83959 84733 85415 86287 86452 ,128168 225086 391470 700186 62749 109064 510591 400488 745660 223921 ,63017 78931 79247 79258 83861 83959 86287 86452 86492 88817 
91167 594647 399455 125762 554013 860064 570133 256113 779152 62456 ,60691 61015 61062 64934 65161 67849 68487 69621 72296 72377 ,91167 594647 399455 125762 554013 860064 570133 256113 779152 62456 ,60691 61015 61062 64934 65161 67849 68487 69621 72296 72377 
904481 519327 689156 681107 319733 968619 851389 414763 389257 87170 ,54641 63335 64161 65206 66596 67146 67450 67477 68131 68351 ,904481 519327 689156 681107 319733 968619 851389 414763 389257 87170 ,54641 63335 64161 65206 66596 67146 67450 67477 68131 68351 
469093 798513 811392 797082 693217 291111 802855 286486 897828 597154 ,93506 99889 101248 109953 110679 111713 114006 114171 118804 118977 ,469093 798513 811392 797082 693217 291111 802855 286486 897828 597154 ,93506 99889 101248 109953 110679 111713 114006 114171 118804 118977 
110074 864257 547300 824631 188746 97328 363606 935362 903166 353078 ,64563 69083 72935 81437 82279 82354 83040 83297 83619 83627 ,110074 864257 547300 824631 188746 97328 363606 935362 903166 353078 ,64563 69083 72935 81437 82279 82354 83040 83297 83619 83627 
103572 188794 293471 534571 468639 81189 502151 502156 534676 636403 ,34616 34627 36424 36830 39112 39294 41469 42293 42373 42715 ,188794 81189 502156 494972 773377 904759 469474 518654 80873 424085 ,34627 39294 42293 43021 43196 43307 44309 44531 45265 45288 
684007 306282 400779 389618 377767 982949 427399 469190 467760 944366 ,75753 81828 81955 84320 84438 84825 86794 86920 89983 92847 ,684007 306282 400779 389618 377767 982949 427399 469190 467760 944366 ,75753 81828 81955 84320 84438 84825 86794 86920 89983 92847 
673887 352058 188450 164870 227832 274057 827466 559365 159572 832143 ,69466 69565 70529 71013 71124 71776 74587 75891 76509 76569 ,673887 352058 188450 227832 274057 827466 559365 159572 832143 226441 ,69466 69565 70529 71124 71776 74587 75891 76509 76569 77104 
707754 603264 603013 415781 846161 203126 267404 153174 582012 49107 ,54040 54981 56851 58588 59054 61832 61832 62072 63588 63771 ,153174 2954 269872 278110 634082 747342 356657 22271 109387 48777 ,62072 65469 73511 74520 83686 85401 86167 92122 92135 93252 
537245 453968 751207 523728 196605 441893 856212 723292 380993 587679 ,68632 69751 69882 72747 73821 74139 76662 76953 80272 80395 ,537245 453968 751207 523728 196605 441893 856212 723292 380993 587679 ,68632 69751 69882 72747 73821 74139 76662 76953 80272 80395 
134891 457113 251139 921226 230548 921048 514550 52382 43286 514453 ,29367 29803 30391 31260 31601 32080 32462 32512 33132 33874 ,134891 457113 251139 921226 230548 921048 514550 52382 43286 514453 ,29367 29803 30391 31260 31601 32080 32462 32512 33132 33874 
410141 199831 119615 126543 529463 409434 7218 355017 229136 865293 ,50763 59228 62281 65721 65770 67931 68263 71076 71664 72193 ,410141 199831 119615 126543 529463 409434 7218 355017 229136 865293 ,50763 59228 62281 65721 65770 67931 68263 71076 71664 72193 
118146 98178 829335 362522 874061 194410 405616 109707 483470 397959 ,58844 61639 61707 62183 64330 65752 66077 67625 68039 68256 ,118146 98178 829335 362522 874061 194410 405616 109707 483470 397959 ,58844 61639 61707 62183 64330 65752 66077 67625 68039 68256 
863000 848913 223991 633895 229926 503698 514785 343295 76032 436965 ,74950 107352 107948 109978 110589 111461 118700 120118 125309 129443 ,863000 848913 223991 633895 229926 503698 514785 343295 76032 436965 ,74950 107352 107948 109978 110589 111461 118700 120118 125309 129443 
12965 167466 681241 997621 572879 225974 74999 695468 860823 572899 ,72229 75436 75815 77171 78753 78949 80713 83796 85470 85583 ,12965 167466 681241 997621 572879 225974 74999 860823 572899 23342 ,72229 75436 75815 77171 78753 78949 80713 85470 85583 86188 
406311 993839 367745 495719 126285 99116 861056 533369 239888 958728 ,66407 70901 71801 72504 73753 73984 75448 75710 75955 77258 ,406311 993839 367745 495719 126285 99116 861056 533369 239888 958728 ,66407 70901 71801 72504 73753 73984 75448 75710 75955 77258 
20900 435353 90989 176508 432879 498689 723287 806111 88995 549522 ,84383 84404 88880 89306 92161 94938 95958 98548 98856 99477 ,20900 435353 90989 176508 432879 498689 723287 806111 88995 549522 ,84383 84404 88880 89306 92161 94938 95958 98548 98856 99477 
68328 868507 861385 539720 932049 883068 206963 73607 317214 618432 ,32651 33747 36189 36388 38908 39177 39372 43115 43501 43843 ,68328 868507 861385 539720 932049 883068 206963 73607 317214 618432 ,32651 33747 36189 36388 38908 39177 39372 43115 43501 43843 
531911 17203 318524 865873 562725 537316 802227 209964 564768 935055 ,65889 69752 72622 76520 76606 77045 77295 77492 77967 78724 ,531911 17203 318524 865873 562725 537316 802227 564768 935055 882230 ,65889 69752 72622 76520 76606 77045 77295 77967 78724 79100 
870440 551760 11045 942312 126573 830697 495757 312354 146562 422485 ,70806 77984 79034 79308 80090 80472 80514 82960 83038 84333 ,870440 551760 11045 942312 126573 495757 146562 422485 13913 881181 ,70806 77984 79034 79308 80090 80514 83038 84333 84585 85184 
758643 725368 736458 8028 790678 929688 696574 733223 352554 530715 ,49857 50954 53995 56976 59665 60600 60665 61798 63582 63709 ,758643 725368 8028 929688 696574 733223 352554 530715 742356 361232 ,49857 50954 56976 60600 60665 61798 63582 63709 63718 66394 
510657 489194 505883 454186 896486 144865 454239 964578 457796 729717 ,49698 59192 59417 64635 65479 67532 70219 70493 70618 71725 ,510657 489194 505883 454186 896486 144865 454239 964578 457796 729717 ,49698 59192 59417 64635 65479 67532 70219 70493 70618 71725 
982949 80178 33657 950031 16573 558378 246903 193737 777997 386729 ,92545 106714 116547 133726 144999 151884 158649 162880 163446 164504 ,982949 80178 33657 950031 16573 558378 246903 193737 777997 386729 ,92545 106714 116547 133726 144999 151884 158649 162880 163446 164504 
920244 877017 538689 443005 17428 956688 703274 251819 225421 113089 ,68419 68970 82069 82713 83801 84756 89103 89941 93708 96460 ,920244 877017 538689 443005 17428 956688 703274 251819 225421 113089 ,68419 68970 82069 82713 83801 84756 89103 89941 93708 96460 
960606 103142 303413 883497 678059 799165 679384 963237 465021 170249 ,61500 64240 64860 66131 67457 67706 68500 68882 70946 71220 ,678059 679384 497925 869576 678594 871658 224572 193128 920972 439836 ,67457 68500 72118 73446 73878 75735 76514 77367 77594 77627 
693339 964201 851364 542204 678873 976482 376917 598809 200957 265235 ,60907 62979 65442 66037 66366 67090 70169 71143 71480 71480 ,693339 964201 542204 376917 265235 594609 226980 225371 13106 767322 ,60907 62979 66037 70169 71480 73336 73569 73733 73967 73993 
703271 703785 703379 634683 80397 791292 294929 719188 227314 306138 ,5165 15036 18769 18873 19557 21003 21297 22040 22099 23169 ,703271 703785 703379 634683 791292 294929 719188 227314 306138 426484 ,5165 15036 18769 18873 21003 21297 22040 22099 23169 23333 
396851 862060 690043 29981 691105 321454 718748 734207 321555 469639 ,49340 49954 51022 51565 52968 55129 56318 58302 58887 59161 ,396851 862060 690043 29981 691105 734207 321555 469639 719231 81416 ,49340 49954 51022 51565 52968 58302 58887 59161 59396 60081 
618652 314423 293672 390008 426850 367059 684400 433011 81665 397122 ,39590 47907 56144 56723 59127 63195 64295 64879 65143 65502 ,618652 314423 293672 390008 426850 367059 684400 433011 81665 397122 ,39590 47907 56144 56723 59127 63195 64295 64879 65143 65502 
781608 517851 814525 781755 987019 220677 221131 714360 637346 805847 ,33163 54087 55101 55503 57163 57212 57857 58035 58622 59173 ,781608 517851 814525 781755 987019 221131 714360 805847 561630 990778 ,33163 54087 55101 55503 57163 57857 58035 59173 59934 60168 
704192 58042 264394 870341 539535 902152 996787 879711 509521 867614 ,28311 28470 32790 33260 35115 35624 35743 35785 36260 36513 ,704192 58042 264394 870341 539535 902152 996787 879711 509521 867614 ,28311 28470 32790 33260 35115 35624 35743 35785 36260 36513 
177752 255052 16317 330357 706838 635121 343888 621646 991026 991325 ,49394 52852 55165 56156 57296 58811 60152 61569 61786 65310 ,177752 255052 16317 330357 706838 635121 343888 621646 991026 991325 ,49394 52852 55165 56156 57296 58811 60152 61569 61786 65310 
200562 815148 264422 923962 815194 123830 597567 857208 944040 923381 ,31221 31714 36719 36905 38013 39665 41753 42431 44122 44236 ,200562 815148 264422 923962 815194 123830 597567 857208 944040 923381 ,31221 31714 36719 36905 38013 39665 41753 42431 44122 44236 
334869 50089 613214 151402 491665 204616 267803 682771 910728 103044 ,57323 57920 61459 65592 67176 69825 72693 73593 73770 74799 ,334869 50089 613214 151402 491665 204616 267803 682771 910728 103044 ,57323 57920 61459 65592 67176 69825 72693 73593 73770 74799 
498876 311034 74093 218480 676965 870441 833495 261244 225491 950954 ,90301 91266 92823 94442 97710 100909 101291 102797 106976 109920 ,498876 311034 74093 218480 676965 870441 833495 261244 225491 950954 ,90301 91266 92823 94442 97710 100909 101291 102797 106976 109920 
278635 143411 236399 582291 566351 391816 292836 247771 417866 278716 ,27974 32919 39938 40685 41415 41617 45648 45769 46150 46259 ,278635 143411 236399 582291 566351 391816 292836 247771 417866 278716 ,27974 32919 39938 40685 41415 41617 45648 45769 46150 46259 
584094 956762 79639 601347 730210 609696 310413 979494 972999 929219 ,31339 33408 35884 35908 36797 37713 39321 39561 39912 39989 ,584094 956762 79639 601347 730210 609696 310413 979494 972999 988040 ,31339 33408 35884 35908 36797 37713 39321 39561 39912 40158 
223975 878668 963343 12766 404237 401498 171814 958035 791569 268148 ,60226 61433 62114 62986 64287 64748 65831 66091 66348 67018 ,223975 878668 963343 12766 404237 401498 171814 958035 791569 268148 ,60226 61433 62114 62986 64287 64748 65831 66091 66348 67018 
678360 483256 420484 70912 637161 432835 970366 136452 569434 787666 ,45853 46362 46591 51077 52742 52851 53083 53103 53977 54238 ,483256 70912 637161 432835 970366 136452 569434 842090 15129 549841 ,46362 51077 52742 52851 53083 53103 53977 54418 54428 54621 
390052 734979 438919 140605 390125 478096 823670 220208 718969 777231 ,33226 33472 42304 42425 42949 43934 46399 46461 46539 46878 ,390052 438919 140605 390125 478096 823670 220208 718969 777231 246683 ,33226 42304 42425 42949 43934 46399 46461 46539 46878 47501 
120153 925400 865861 865667 521294 404434 727966 923332 636226 285065 ,94992 98626 103789 105045 110298 111477 111919 114093 115912 116722 ,120153 925400 865861 865667 521294 404434 727966 923332 636226 285065 ,94992 98626 103789 105045 110298 111477 111919 114093 115912 116722 
66136 678059 140905 720427 873161 956812 488449 102177 837296 541922 ,29252 33766 34020 35417 36470 37442 37915 38148 38724 38993 ,66136 678059 140905 720427 873161 956812 488449 102177 837296 541922 ,29252 33766 34020 35417 36470 37442 37915 38148 38724 38993 
93934 305088 415294 85436 517132 529844 4155 782435 931528 924623 ,52873 54079 60858 62210 64117 65473 68367 68607 69347 69465 ,93934 305088 415294 85436 517132 529844 4155 782435 931528 924623 ,52873 54079 60858 62210 64117 65473 68367 68607 69347 69465 
703747 294478 394669 635793 323130 682191 805557 510736 515339 58757 ,54721 68030 69172 69297 69788 71912 73780 74856 75495 78652 ,703747 294478 394669 635793 323130 682191 805557 510736 515339 58757 ,54721 68030 69172 69297 69788 71912 73780 74856 75495 78652 
362311 873393 855237 718763 864428 422993 460420 38313 770397 518516 ,30202 35498 37262 37665 38309 38311 38692 38848 38849 38935 ,362311 855237 718763 422993 460420 518516 139969 422974 758492 116722 ,30202 37262 37665 38311 38692 38935 39079 40117 40146 40654 
153309 705591 738969 487733 861988 685017 487711 880207 428689 808726 ,46695 46790 49451 50274 56835 56860 56865 57485 58155 58343 ,153309 705591 738969 487733 861988 685017 487711 880207 428689 808726 ,46695 46790 49451 50274 56835 56860 56865 57485 58155 58343 
704966 548624 175483 107647 705249 355205 756670 924866 780412 713828 ,75394 80236 80998 81090 81274 81377 84236 86029 86524 87180 ,704966 548624 175483 705249 355205 756670 924866 780412 713828 33913 ,75394 80236 80998 81274 81377 84236 86029 86524 87180 87624 
486605 811858 240206 632681 852891 205775 762675 3110 398398 15406 ,47674 50321 59835 61747 62710 62890 63080 63170 63665 64413 ,486605 811858 240206 632681 852891 205775 762675 3110 398398 15406 ,47674 50321 59835 61747 62710 62890 63080 63170 63665 64413 
640589 151905 44289 5517 533039 905647 53403 558557 893828 157569 ,23282 23436 24142 26387 26804 26860 27373 27553 27722 27931 ,640589 151905 44289 5517 533039 905647 53403 558557 893828 157569 ,23282 23436 24142 26387 26804 26860 27373 27553 27722 27931 
704418 1706 724116 273556 929315 480511 842891 844314 390089 983066 ,64162 64223 65771 66406 66552 66680 67124 68390 68637 68786 ,704418 1706 724116 273556 929315 480511 842891 844314 390089 983066 ,64162 64223 65771 66406 66552 66680 67124 68390 68637 68786 
703664 173231 263358 145096 92640 587147 507943 606775 624362 251036 ,25655 77531 78106 79206 80850 81536 82043 82127 83188 83456 ,703664 173231 263358 145096 92640 587147 507943 606775 251036 711334 ,25655 77531 78106 79206 80850 81536 82043 82127 83456 83835 
796174 534079 70706 773259 945875 395670 611956 43137 314447 143370 ,66213 67204 69468 69836 71807 74044 74613 74614 74709 74779 ,796174 534079 70706 773259 945875 314447 143370 358423 295495 913268 ,66213 67204 69468 69836 71807 74709 74779 74983 75104 75420 
705013 705123 194281 892569 869529 869937 439390 81672 931707 864468 ,15803 41988 48718 49478 50484 51177 51560 53071 53206 53424 ,705013 705123 194281 892569 869529 869937 439390 81672 931707 864468 ,15803 41988 48718 49478 50484 51177 51560 53071 53206 53424 
607483 543819 537379 618238 879864 420824 739438 732002 255040 629386 ,55327 55579 64641 64853 66801 66899 67145 67767 67880 68424 ,607483 543819 537379 618238 879864 420824 739438 732002 255040 629386 ,55327 55579 64641 64853 66801 66899 67145 67767 67880 68424 
261217 320944 462450 486347 226725 535640 828891 353766 400984 256903 ,39528 43876 50676 50734 50926 53829 54283 56987 57330 57826 ,261217 320944 462450 486347 226725 535640 828891 353766 400984 256903 ,39528 43876 50676 50734 50926 53829 54283 56987 57330 57826 
265586 250714 612111 701830 791044 44980 370817 483458 334625 210386 ,46010 51397 53603 54796 55004 56444 57068 57097 57378 58285 ,265586 250714 612111 701830 791044 44980 370817 483458 334625 210386 ,46010 51397 53603 54796 55004 56444 57068 57097 57378 58285 
498959 252067 730003 658385 246811 301587 306732 120839 450834 254116 ,42628 44905 47138 50374 50837 51105 51223 51254 51719 51853 ,498959 252067 730003 658385 246811 301587 306732 120839 450834 254116 ,42628 44905 47138 50374 50837 51105 51223 51254 51719 51853 
476904 132090 428106 294940 904441 885480 572395 467231 53499 681789 ,43222 52984 55063 61335 62558 63012 65714 66483 68739 69608 ,476904 132090 428106 294940 904441 885480 572395 467231 53499 681789 ,43222 52984 55063 61335 62558 63012 65714 66483 68739 69608 
951058 220699 72941 728629 76256 490639 84044 148325 494272 603876 ,52648 74232 75961 76206 80644 85556 88588 89079 89349 91215 ,951058 220699 72941 728629 76256 490639 84044 148325 494272 603876 ,52648 74232 75961 76206 80644 85556 88588 89079 89349 91215 
944988 922750 223773 834886 70582 22444 588621 87681 149546 465614 ,62464 69204 73761 75169 75426 76142 77582 78436 78793 78839 ,944988 922750 223773 834886 70582 22444 588621 87681 149546 465614 ,62464 69204 73761 75169 75426 76142 77582 78436 78793 78839 
704284 704744 138113 997203 346163 668634 92628 630507 347619 997218 ,27618 56751 59041 63000 64411 66352 66761 66883 66950 71179 ,704284 704744 138113 997203 346163 668634 92628 630507 997218 185936 ,27618 56751 59041 63000 64411 66352 66761 66883 71179 71876 
993605 752453 300480 360250 285806 499777 636875 14448 868170 932978 ,45847 63003 63177 66412 66910 67797 68793 69537 72520 74172 ,993605 752453 300480 360250 285806 499777 636875 14448 868170 932978 ,45847 63003 63177 66412 66910 67797 68793 69537 72520 74172 
913515 978402 189306 700188 982012 49764 376268 231386 737426 335496 ,66483 68554 69371 70693 77661 79540 80439 80628 80915 82831 ,913515 978402 189306 982012 49764 376268 231386 335496 384347 163384 ,66483 68554 69371 77661 79540 80439 80628 82831 83141 83293 
706162 410242 754576 200817 265095 706561 519001 285114 735719 628201 ,14752 22031 25400 31524 31524 32245 32467 32800 33254 33775 ,706162 628201 753839 735258 367065 865001 297015 747473 328289 612151 ,14752 33775 34104 34422 34706 34768 34940 35031 35357 36553 
706745 886540 868301 868727 919154 847326 948349 191001 554708 885666 ,25846 25951 26144 28578 28832 29145 29155 29862 29988 30013 ,706745 886540 868301 868727 919154 847326 948349 191001 554708 885666 ,25846 25951 26144 28578 28832 29145 29155 29862 29988 30013 
68156 244114 911655 69299 67151 933009 868044 430670 71212 371 ,65946 69483 71040 71485 71963 72425 72624 73008 74020 74623 ,68156 244114 911655 69299 67151 933009 868044 430670 71212 371 ,65946 69483 71040 71485 71963 72425 72624 73008 74020 74623 
944559 351913 215667 825518 256404 786660 453770 229136 153329 6989 ,73059 86102 114915 121752 123027 124348 125264 129152 130257 140136 ,944559 351913 215667 825518 256404 786660 453770 229136 153329 6989 ,73059 86102 114915 121752 123027 124348 125264 129152 130257 140136 
706087 505702 708041 274153 770872 805813 412434 500652 226768 873190 ,43076 56001 64065 66186 67531 72091 74437 75138 75931 76569 ,706087 505702 708041 274153 770872 805813 412434 500652 226768 873190 ,43076 56001 64065 66186 67531 72091 74437 75138 75931 76569 
704144 392253 743364 455820 138034 567711 637772 863843 243192 883764 ,26778 45901 54822 57950 59410 60702 61374 61583 62309 63090 ,704144 392253 743364 455820 138034 567711 637772 863843 243192 883764 ,26778 45901 54822 57950 59410 60702 61374 61583 62309 63090 
202637 503387 346978 740184 971489 392930 486223 128216 572141 669419 ,60840 68947 71484 73520 73805 74431 75472 76008 77237 77390 ,202637 503387 346978 740184 971489 392930 486223 128216 572141 669419 ,60840 68947 71484 73520 73805 74431 75472 76008 77237 77390 
407602 705933 46722 91161 188602 171241 869481 807751 38039 46896 ,25685 46285 46388 49410 49911 53886 54680 56991 57466 58916 ,407602 705933 46722 91161 188602 171241 869481 807751 38039 46896 ,25685 46285 46388 49410 49911 53886 54680 56991 57466 58916 
206261 270539 716165 238439 877129 492076 931416 844637 619067 258553 ,30103 30103 33473 33695 33763 33884 33996 34152 34398 35447 ,206261 270539 716165 238439 877129 492076 931416 844637 619067 258553 ,30103 30103 33473 33695 33763 33884 33996 34152 34398 35447 
705557 531640 848682 576697 696568 952719 426270 610194 663065 939107 ,55723 68599 68661 69143 69769 70770 71113 71616 72528 72841 ,531640 848682 576697 696568 952719 426270 610194 663065 939107 461270 ,68599 68661 69143 69769 70770 71113 71616 72528 72841 73318 
441428 387603 896405 530127 633731 596020 968211 127396 847578 621477 ,95637 98663 102552 103987 111141 111923 113401 115015 116494 118259 ,441428 387603 896405 530127 633731 596020 968211 127396 847578 621477 ,95637 98663 102552 103987 111141 111923 113401 115015 116494 118259 
960266 963403 969024 845267 75770 518554 750734 912106 278096 180953 ,72058 73490 75546 76011 77006 77127 78267 78814 78862 79306 ,960266 963403 969024 845267 75770 518554 750734 912106 278096 180953 ,72058 73490 75546 76011 77006 77127 78267 78814 78862 79306 
916614 18477 3132 688665 922853 404055 847103 690968 843572 386853 ,70976 71665 74386 77974 81488 81937 83144 83665 85251 85410 ,916614 18477 3132 688665 922853 404055 847103 690968 843572 386853 ,70976 71665 74386 77974 81488 81937 83144 83665 85251 85410 
485569 42046 170267 174175 483729 106105 348831 509877 269980 891004 ,52671 54299 54346 54635 55310 57464 57722 58561 58608 58624 ,485569 42046 170267 174175 483729 106105 348831 509877 269980 891004 ,52671 54299 54346 54635 55310 57464 57722 58561 58608 58624 
785376 706498 682235 855496 874398 874988 478772 389211 876962 273513 ,51097 54261 54488 56471 56475 57012 57409 57681 59401 59486 ,785376 706498 682235 855496 874398 874988 478772 389211 876962 273513 ,51097 54261 54488 56471 56475 57012 57409 57681 59401 59486 
851469 845772 465303 792509 700795 590408 353928 267112 631175 717282 ,63228 69792 70560 75937 76194 77189 77400 78445 78454 79010 ,851469 845772 465303 792509 700795 590408 353928 267112 631175 717282 ,63228 69792 70560 75937 76194 77189 77400 78445 78454 79010 
59920 86863 268122 966064 377052 296674 12526 969538 211112 834709 ,78531 89965 89993 92902 93394 99800 100087 100147 104450 105125 ,59920 86863 268122 966064 377052 296674 12526 969538 211112 834709 ,78531 89965 89993 92902 93394 99800 100087 100147 104450 105125 
734936 202620 926374 593172 611466 947755 244032 481388 803747 453623 ,76289 82648 86697 87806 88427 89459 91757 91872 92482 92631 ,734936 202620 926374 593172 611466 947755 244032 481388 803747 453623 ,76289 82648 86697 87806 88427 89459 91757 91872 92482 92631 
707782 188022 826556 594772 33325 665387 339043 176041 514399 342983 ,62111 62797 69795 71228 71865 71974 72781 73897 75591 76825 ,707782 188022 826556 594772 33325 665387 339043 176041 514399 342983 ,62111 62797 69795 71228 71865 71974 72781 73897 75591 76825 
275843 431469 525223 431709 194867 205526 269804 929489 833317 636480 ,46151 51083 51470 52671 54082 54113 54113 54442 55100 55706 ,275843 431469 525223 431709 194867 205526 269804 929489 833317 172290 ,46151 51083 51470 52671 54082 54113 54113 54442 55100 55889 
708056 785577 519270 528430 340167 790838 488269 293454 769286 911088 ,28426 28473 28748 29350 29559 30342 32188 34040 34450 35020 ,708056 785577 519270 528430 340167 790838 488269 293454 769286 911088 ,28426 28473 28748 29350 29559 30342 32188 34040 34450 35020 
707187 325306 777231 98000 486956 453201 337966 22213 292405 22106 ,15742 29515 31996 34574 34717 35032 35731 38186 38498 39318 ,707187 325306 777231 98000 486956 453201 337966 22213 292405 22106 ,15742 29515 31996 34574 34717 35032 35731 38186 38498 39318 
660419 255463 899487 315658 708392 205558 835624 233033 901204 145344 ,60364 60895 61493 62425 63684 64906 65047 65748 65825 66497 ,660419 255463 899487 315658 205558 835624 233033 901204 145344 586330 ,60364 60895 61493 62425 64906 65047 65748 65825 66497 66529 
797248 635221 706894 661710 381661 575724 843899 483470 703430 311448 ,55433 61599 63073 64247 65812 69832 70236 73587 73784 76989 ,797248 635221 706894 661710 381661 575724 843899 483470 703430 311448 ,55433 61599 63073 64247 65812 69832 70236 73587 73784 76989 
707734 903844 283087 614913 914083 354182 466586 514752 120284 224487 ,20824 41442 43581 45395 45399 45986 46033 46222 46701 46927 ,514752 120284 425589 687949 518836 182542 390202 195153 524501 518817 ,46222 46701 48660 48762 49531 49713 50573 50688 50848 51141 
253547 63170 391191 269458 829775 419480 862182 579307 634417 695641 ,48198 50445 50519 51264 51406 52596 52669 52958 53900 54084 ,253547 63170 391191 269458 829775 419480 862182 579307 634417 695641 ,48198 50445 50519 51264 51406 52596 52669 52958 53900 54084 
705262 422430 801862 198659 277475 124868 249034 594267 225929 869450 ,37864 59151 59948 59989 59989 60123 60995 61286 61844 62464 ,705262 422430 801862 198659 277475 124868 249034 594267 225929 869450 ,37864 59151 59948 59989 59989 60123 60995 61286 61844 62464 
842178 801741 847696 122895 377977 494902 15643 950107 343895 952787 ,81495 81643 84280 84700 89080 90997 92324 93721 93879 95150 ,842178 801741 847696 122895 377977 494902 15643 950107 343895 952787 ,81495 81643 84280 84700 89080 90997 92324 93721 93879 95150 
683822 351409 138550 348900 326324 514805 283907 455633 168833 390774 ,96948 101105 101984 105761 105921 112850 116555 119892 119975 121955 ,683822 351409 138550 348900 326324 514805 283907 455633 168833 390774 ,96948 101105 101984 105761 105921 112850 116555 119892 119975 121955 
947146 219761 616914 618305 653687 873043 524941 114494 484882 573511 ,83464 90763 91259 94026 94828 95995 96825 97157 97984 98020 ,947146 219761 616914 618305 653687 873043 524941 114494 484882 573511 ,83464 90763 91259 94026 94828 95995 96825 97157 97984 98020 
972770 938577 409343 343295 482055 561593 612206 893082 788869 399733 ,75536 86510 86567 86648 88614 90779 90854 91101 91998 93394 ,972770 938577 409343 343295 482055 561593 612206 893082 788869 399733 ,75536 86510 86567 86648 88614 90779 90854 91101 91998 93394 
188960 548490 706420 182539 169077 377994 729207 933915 59025 390121 ,65505 67732 68456 69283 71680 72163 72656 72887 73540 74501 ,188960 548490 182539 169077 729207 59025 390121 417142 106581 499986 ,65505 67732 69283 71680 72656 73540 74501 75635 75907 79395 
598142 459941 106907 491327 510735 464987 834370 297263 308637 973698 ,94367 102461 110768 111867 115283 116494 116598 116675 117579 117974 ,598142 459941 106907 491327 510735 464987 834370 297263 308637 973698 ,94367 102461 110768 111867 115283 116494 116598 116675 117579 117974 
365366 660419 899487 209033 606524 967248 354318 755341 255463 813132 ,52674 56835 57284 57442 57482 57930 57983 58780 58876 59298 ,365366 660419 899487 209033 606524 967248 354318 755341 255463 813132 ,52674 56835 57284 57442 57482 57930 57983 58780 58876 59298 
281822 551276 284925 18281 833260 806887 300757 349370 410320 457952 ,49621 62960 64477 64783 65550 66323 66390 67787 69541 71744 ,281822 551276 284925 833260 806887 300757 349370 410320 457952 549973 ,49621 62960 64477 65550 66323 66390 67787 69541 71744 72091 
749878 453471 563291 726478 890800 910311 368927 127029 313373 881770 ,74252 77724 79437 82231 82621 84050 84137 85098 85743 87073 ,749878 453471 563291 726478 890800 910311 368927 127029 313373 500237 ,74252 77724 79437 82231 82621 84050 84137 85098 85743 88140 
765727 291603 720613 450958 583239 661516 105737 810500 357761 66795 ,73621 90221 91942 92795 93606 94654 96604 100469 101123 101493 ,765727 291603 720613 450958 583239 661516 105737 810500 357761 66795 ,73621 90221 91942 92795 93606 94654 96604 100469 101123 101493 
71792 268918 671193 59383 12759 69909 596512 220719 679952 169114 ,74948 75392 75596 79573 84166 84307 86219 86430 87377 87460 ,71792 268918 671193 59383 12759 69909 596512 220719 679952 169114 ,74948 75392 75596 79573 84166 84307 86219 86430 87377 87460 
152161 702394 53079 147156 130314 736855 475495 324330 269535 140015 ,82568 82696 85222 87856 91934 94412 95826 98534 99325 102471 ,152161 702394 53079 147156 130314 736855 475495 324330 269535 140015 ,82568 82696 85222 87856 91934 94412 95826 98534 99325 102471 
723645 685491 282891 791410 19768 266188 105134 565800 631460 390689 ,78199 84420 88795 89300 90510 91497 91992 94101 94633 95611 ,723645 685491 282891 791410 19768 266188 105134 565800 631460 390689 ,78199 84420 88795 89300 90510 91497 91992 94101 94633 95611 
540607 149359 52005 328608 543888 865971 193422 244821 855579 802474 ,49273 63687 73177 73965 76550 77754 78572 79328 83715 87707 ,540607 149359 52005 328608 543888 865971 193422 244821 855579 802474 ,49273 63687 73177 73965 76550 77754 78572 79328 83715 87707 
970681 648069 881589 284516 859380 529476 541872 855121 204765 599943 ,37313 38159 43848 45626 50360 52740 54544 54934 57486 57977 ,970681 648069 881589 284516 859380 529476 541872 855121 204765 599943 ,37313 38159 43848 45626 50360 52740 54544 54934 57486 57977 
435191 790536 173719 478849 981480 746650 834709 630029 383534 449432 ,62754 64297 65256 65899 67182 67588 67733 68360 69425 70172 ,435191 790536 173719 478849 981480 746650 630029 383534 449432 950178 ,62754 64297 65256 65899 67182 67588 68360 69425 70172 70262 
534522 501632 720970 285084 176186 84098 782333 193385 690069 744387 ,50516 51386 53160 53682 53890 54400 55971 57119 57702 57842 ,534522 501632 720970 285084 176186 84098 782333 193385 690069 744387 ,50516 51386 53160 53682 53890 54400 55971 57119 57702 57842 
236962 634742 511631 94389 291492 193194 662002 887147 516552 246527 ,21758 35476 35646 35698 39339 40613 41780 42712 43545 43992 ,236962 634742 511631 94389 291492 193194 662002 887147 516552 246527 ,21758 35476 35646 35698 39339 40613 41780 42712 43545 43992 
708436 708308 502580 31651 697053 634813 232696 557253 321951 232704 ,6250 23265 40131 43317 44545 46254 47759 48277 48664 50033 ,727766 812417 55408 32597 482936 646139 510806 161776 294960 435396 ,55324 56305 56732 57941 58155 60781 60882 63465 63651 64058 
620422 620471 195141 928887 465808 388080 203269 788095 837185 503156 ,87956 89971 93861 95357 95804 96864 97806 99716 100582 100756 ,620422 620471 195141 928887 465808 388080 203269 788095 503156 946007 ,87956 89971 93861 95357 95804 96864 97806 99716 100756 100766 
868259 594645 119267 597082 652633 3530 989308 952302 272714 784104 ,56667 61775 65454 65795 70824 70907 71161 71804 73861 74164 ,868259 594645 119267 597082 652633 3530 989308 952302 272714 784104 ,56667 61775 65454 65795 70824 70907 71161 71804 73861 74164 
391537 391056 144865 422273 916117 215340 268873 196926 524018 270917 ,54577 67335 69144 70952 71041 71518 73961 73973 75171 77464 ,391537 391056 144865 422273 916117 215340 268873 196926 524018 270917 ,54577 67335 69144 70952 71041 71518 73961 73973 75171 77464 
543403 640546 540508 615584 793456 538116 538478 106223 535000 993662 ,40892 43174 43328 43686 44345 44502 45353 45407 45894 45973 ,543403 640546 793456 538116 535000 993662 407307 936795 935354 42486 ,40892 43174 44345 44502 45894 45973 46041 46722 47678 48184 
118289 65955 135619 15259 226937 876201 369585 396242 273271 798726 ,86205 90180 93125 93299 94547 98038 98376 101011 102085 102245 ,118289 65955 135619 15259 226937 876201 369585 396242 273271 798726 ,86205 90180 93125 93299 94547 98038 98376 101011 102085 102245 
128216 965394 96340 916777 843817 701710 940657 896220 497771 405782 ,68084 69301 72261 73457 74765 76614 77948 78374 78669 79193 ,128216 965394 96340 916777 843817 701710 940657 896220 497771 204467 ,68084 69301 72261 73457 74765 76614 77948 78374 78669 79607 
111177 383633 398288 106997 401983 832555 510411 722807 72241 817734 ,62391 63847 65360 66347 67275 69802 69964 71408 74424 74487 ,111177 383633 106997 832555 510411 722807 72241 817734 442020 912267 ,62391 63847 66347 69802 69964 71408 74424 74487 75560 76493 
227719 22610 500558 669251 258146 247623 43754 917280 142551 260193 ,54094 69387 77654 79919 80220 83483 86704 87314 87746 94649 ,227719 22610 500558 669251 258146 247623 43754 917280 142551 260193 ,54094 69387 77654 79919 80220 83483 86704 87314 87746 94649 
865243 369747 706520 111114 260974 244133 224508 369433 557948 796071 ,68215 70917 75352 79260 80693 84884 85002 86797 87375 88013 ,865243 706520 244133 369433 933682 205240 688781 695728 403544 836829 ,68215 75352 84884 86797 91920 93741 94098 94367 96298 96402 
576392 32400 516159 408579 140284 266339 109252 484009 106016 197452 ,55558 56589 60366 61272 64264 64435 64686 64975 65722 66211 ,576392 32400 516159 140284 109252 484009 106016 197452 19618 788246 ,55558 56589 60366 64264 64686 64975 65722 66211 68995 69681 
651127 651424 559055 646545 652825 675827 324373 783854 835284 444941 ,31599 42646 44903 45391 46461 46737 46801 46997 48439 48867 ,651127 651424 559055 646545 652825 675827 324373 783854 835284 444941 ,31599 42646 44903 45391 46461 46737 46801 46997 48439 48867 
645509 305488 742820 708795 780594 800307 364356 410320 323587 221080 ,50025 52404 52698 52976 53670 54256 54758 54800 54864 55151 ,305488 708795 780594 800307 364356 323587 221080 432610 141009 189244 ,52404 52976 53670 54256 54758 54864 55151 55939 56297 56879 
572765 337484 534645 409209 802527 660833 426645 607771 908768 310841 ,39262 40512 43116 44356 47391 47458 49076 50535 50545 50819 ,572765 337484 534645 409209 802527 660833 426645 607771 908768 310841 ,39262 40512 43116 44356 47391 47458 49076 50535 50545 50819 
143165 983308 977627 424314 416474 594118 990133 518954 776414 754383 ,45348 51671 52730 53804 54662 54956 55320 55357 55709 55799 ,143165 983308 977627 424314 416474 594118 990133 518954 776414 754383 ,45348 51671 52730 53804 54662 54956 55320 55357 55709 55799 
271763 488403 344924 480501 400670 968409 305776 81189 70603 346076 ,57595 62226 66624 67667 67872 68564 75882 75933 76513 76697 ,271763 488403 344924 480501 400670 968409 305776 81189 70603 346076 ,57595 62226 66624 67667 67872 68564 75882 75933 76513 76697 
292296 433996 121991 703379 690484 208392 511415 388738 684318 138890 ,59871 65004 68658 69127 69550 70393 72256 72830 72895 73038 ,292296 433996 121991 703379 690484 208392 511415 388738 684318 138890 ,59871 65004 68658 69127 69550 70393 72256 72830 72895 73038 
323049 419358 76437 399459 499796 431391 947752 413448 508509 181047 ,40344 55196 55925 58336 59254 60907 60945 61587 61984 63260 ,323049 419358 76437 499796 431391 947752 413448 508509 181047 180808 ,40344 55196 55925 59254 60907 60945 61587 61984 63260 64142 
619423 400119 278417 223902 822878 269752 202681 706344 359325 127396 ,69111 73140 78429 78730 85317 86511 90186 91018 91089 91991 ,619423 400119 278417 223902 822878 269752 202681 706344 359325 127396 ,69111 73140 78429 78730 85317 86511 90186 91018 91089 91991 
341614 780552 853619 72104 539737 4272 880741 224268 348333 65100 ,52411 65178 66724 69764 69846 70025 73134 74498 75420 76457 ,341614 780552 853619 72104 539737 4272 880741 224268 348333 65100 ,52411 65178 66724 69764 69846 70025 73134 74498 75420 76457 
179101 229126 20551 714993 58436 510966 537779 85048 532617 188780 ,72159 75483 75641 76480 77507 77719 80756 82039 82230 83464 ,179101 229126 20551 714993 58436 510966 537779 85048 532617 188780 ,72159 75483 75641 76480 77507 77719 80756 82039 82230 83464 
174949 548304 203021 397832 881615 949996 478744 635204 805897 804855 ,71664 72130 72990 74142 74777 75603 75693 76302 77699 78286 ,174949 548304 397832 881615 949996 478744 635204 805897 804855 27015 ,71664 72130 74142 74777 75603 75693 76302 77699 78286 78766 
353711 193003 271819 323833 389414 775983 192982 739350 324615 331602 ,53122 54643 54643 56621 56891 59497 60807 61000 62829 64785 ,353711 271819 193003 323833 775983 192982 324615 331602 660635 389481 ,53122 54643 54643 56621 59497 60807 62829 64785 64914 64942 
176220 203340 701265 777046 323448 699014 172454 502525 724793 611261 ,48982 59747 61053 63658 64304 64389 65399 66941 68542 68679 ,176220 203340 701265 777046 323448 699014 172454 502525 724793 611261 ,48982 59747 61053 63658 64304 64389 65399 66941 68542 68679 
678788 190692 947603 210624 746381 919056 984512 889036 857460 130138 ,30179 32288 36720 37643 39809 41076 41522 41531 41740 41777 ,678788 190692 947603 210624 746381 919056 984512 889036 857460 130138 ,30179 32288 36720 37643 39809 41076 41522 41531 41740 41777 
845904 116294 547213 55362 108492 456798 968493 182459 229742 920265 ,59761 65270 67367 68128 68305 71543 71990 73232 74236 74966 ,116294 547213 55362 108492 456798 968493 182459 229742 920265 708056 ,65270 67367 68128 68305 71543 71990 73232 74236 74966 74974 
378552 21662 271331 477926 96063 822444 168395 473369 778081 466742 ,68288 68773 69267 71997 73258 73450 75408 76150 77862 81093 ,378552 21662 271331 477926 96063 822444 168395 473369 778081 466742 ,68288 68773 69267 71997 73258 73450 75408 76150 77862 81093 
632028 152215 774516 43303 784504 190040 720824 4584 637671 658253 ,36448 40475 43884 45131 45214 45414 45532 45866 46726 48558 ,632028 152215 774516 43303 784504 190040 720824 637671 658253 429561 ,36448 40475 43884 45131 45214 45414 45532 46726 48558 48694 
264956 730150 193077 200147 254676 10262 407397 795235 970328 743728 ,45022 45878 45997 50087 51538 53161 54809 55246 55818 56878 ,264956 730150 193077 200147 254676 407397 795235 970328 743728 532456 ,45022 45878 45997 50087 51538 54809 55246 55818 56878 58032 
842236 82267 704719 228959 350177 480757 559543 860858 417066 374549 ,85067 86301 87154 88834 89507 92521 94994 96382 96816 97360 ,82267 704719 228959 480757 559543 860858 417066 374549 561713 184794 ,86301 87154 88834 92521 94994 96382 96816 97360 98082 99779 
921210 867625 854854 946968 443324 768227 224926 787571 985379 190552 ,19371 22750 22925 24675 25071 25993 26684 26864 27245 27309 ,921210 867625 854854 946968 443324 768227 224926 787571 985379 190552 ,19371 22750 22925 24675 25071 25993 26684 26864 27245 27309 
752439 803979 833092 59655 657099 898851 274183 555355 605523 60874 ,51845 61470 62202 62486 62845 63928 64337 64649 65519 66017 ,752439 803979 833092 59655 657099 898851 274183 555355 605523 60874 ,51845 61470 62202 62486 62845 63928 64337 64649 65519 66017 
486337 279133 265769 520049 390478 490415 431675 488829 82767 720793 ,83621 86070 89499 90147 91208 92504 92876 97222 98638 98643 ,486337 279133 265769 520049 390478 490415 431675 488829 82767 720793 ,83621 86070 89499 90147 91208 92504 92876 97222 98638 98643 
152864 105156 310442 572718 600931 534926 800357 89126 134660 239681 ,64024 68188 68940 72442 73020 77064 77283 81044 85844 87240 ,152864 105156 310442 572718 600931 534926 800357 89126 134660 239681 ,64024 68188 68940 72442 73020 77064 77283 81044 85844 87240 
500593 682238 397746 711215 622876 359800 737509 500923 33366 590383 ,81474 84630 85298 85405 86954 87271 87877 89615 89935 90328 ,500593 397746 711215 622876 359800 737509 500923 33366 590383 612368 ,81474 85298 85405 86954 87271 87877 89615 89935 90328 90441 
322152 452187 350415 525849 525675 605227 584226 350436 497856 903495 ,34294 35555 36848 36957 38467 38513 39061 39067 39720 40162 ,322152 452187 350415 525849 525675 605227 584226 350436 497856 903495 ,34294 35555 36848 36957 38467 38513 39061 39067 39720 40162 
170913 800169 169112 210668 433637 450761 923426 515020 923350 740381 ,53504 53582 54204 56302 57694 57938 58052 58288 58729 59079 ,170913 800169 169112 210668 433637 450761 923426 515020 923350 740381 ,53504 53582 54204 56302 57694 57938 58052 58288 58729 59079 
309759 237004 610157 379313 364626 682492 345501 682202 604331 84485 ,71891 80260 80262 80539 81440 82742 85008 85177 85574 86226 ,309759 237004 610157 379313 364626 682492 345501 682202 604331 84485 ,71891 80260 80262 80539 81440 82742 85008 85177 85574 86226 
936740 619162 958566 694222 588224 154596 369149 378920 31224 134352 ,86739 90194 90859 95179 98883 100781 101250 101264 101317 103188 ,936740 619162 958566 694222 588224 154596 378920 31224 134352 581098 ,86739 90194 90859 95179 98883 100781 101264 101317 103188 103258 
976045 519898 520199 51731 411182 45072 471364 895200 489306 559496 ,30662 35861 36800 38835 39960 39999 40451 40685 41420 41860 ,976045 519898 520199 51731 411182 471364 895200 489306 559496 51911 ,30662 35861 36800 38835 39960 40451 40685 41420 41860 42180 
153411 286994 581836 68677 69570 461557 558048 174073 645644 400867 ,61040 63259 64860 66492 66755 68383 69904 70313 71924 73542 ,153411 286994 68677 69570 558048 174073 645644 400867 493906 186619 ,61040 63259 66492 66755 69904 70313 71924 73542 73602 73640 
212511 600898 645163 815223 815987 60587 430994 293685 754485 550573 ,63377 65024 67046 68641 69019 70956 71905 73961 74145 74313 ,212511 600898 645163 815223 815987 60587 430994 293685 754485 550573 ,63377 65024 67046 68641 69019 70956 71905 73961 74145 74313 
122477 894318 571435 603017 870441 735658 807440 795373 891799 117301 ,37806 37893 41819 41877 42260 42483 42756 43163 43700 43844 ,122477 894318 571435 603017 735658 807440 795373 891799 117301 716011 ,37806 37893 41819 41877 42483 42756 43163 43700 43844 44062 
423084 37573 132117 221358 611244 79795 498434 650985 514999 179133 ,38993 42833 44662 45953 46227 47411 47836 50203 50542 51168 ,423084 37573 132117 221358 611244 79795 498434 650985 514999 179133 ,38993 42833 44662 45953 46227 47411 47836 50203 50542 51168 
266948 452126 270439 206912 271190 696570 66506 302508 746544 269825 ,69472 69916 70637 71238 71238 72433 74872 75585 76952 77844 ,452126 270439 271190 206912 66506 302508 746544 224261 753222 271067 ,69916 70637 71238 71238 74872 75585 76952 77986 78806 80564 
414126 414477 31302 308980 893306 673626 732035 182773 887655 925553 ,72497 73241 85376 90209 91333 92387 93006 94168 95167 97412 ,414126 414477 31302 893306 673626 732035 964013 453501 324717 359565 ,72497 73241 85376 91333 92387 93006 97453 98295 99245 99365 
202050 878547 377956 75296 731459 354289 834166 396966 964529 599048 ,65500 71065 72415 73907 75728 79493 82559 83774 84060 84131 ,202050 878547 377956 75296 731459 354289 834166 396966 964529 599048 ,65500 71065 72415 73907 75728 79493 82559 83774 84060 84131 
667224 102965 669644 892863 693229 662333 218212 568107 601066 249430 ,26681 27269 28594 29444 29617 30487 31804 32102 32231 32260 ,667224 102965 892863 693229 662333 218212 568107 601066 249430 974190 ,26681 27269 29444 29617 30487 31804 32102 32231 32260 33384 
584368 567711 865219 400218 653827 295240 269741 695590 572439 11313 ,77865 79653 82082 83124 83312 84073 84621 86651 86946 88632 ,584368 567711 865219 400218 653827 295240 269741 695590 572439 11313 ,77865 79653 82082 83124 83312 84073 84621 86651 86946 88632 
933166 433324 696037 96486 406892 122449 869916 502186 684819 699335 ,42540 45140 46479 51306 52922 53019 53355 53705 54552 54794 ,933166 433324 696037 96486 406892 122449 869916 502186 684819 699335 ,42540 45140 46479 51306 52922 53019 53355 53705 54552 54794 
513228 937779 471902 255783 732983 174712 685552 292515 929691 81546 ,44662 60953 62943 65053 66817 68652 68869 69386 69505 69681 ,513228 937779 471902 255783 732983 174712 685552 292515 929691 81546 ,44662 60953 62943 65053 66817 68652 68869 69386 69505 69681 
963730 314901 347392 807580 248015 511682 810523 902999 511589 289727 ,45552 48606 51622 56236 57230 59946 60278 61746 62301 63890 ,963730 314901 347392 807580 248015 511682 810523 902999 511589 289727 ,45552 48606 51622 56236 57230 59946 60278 61746 62301 63890 
274441 480496 153329 965980 735034 528346 256387 967662 668457 123826 ,64894 73448 74517 79502 80023 81032 81747 83856 85128 85561 ,274441 480496 153329 965980 735034 528346 256387 967662 668457 123826 ,64894 73448 74517 79502 80023 81032 81747 83856 85128 85561 
358525 12473 125822 357046 128833 315870 925013 168872 923235 381638 ,70385 73779 74424 75762 75843 76380 76939 77464 78058 79004 ,357046 168872 165711 412346 124770 358548 862211 717617 146547 398459 ,75762 77464 81138 81650 82123 85066 85390 88003 89034 89168 
170848 564383 328647 797532 398823 925835 391421 726086 598326 245940 ,88958 91662 95448 97606 97665 98922 99410 100057 101048 102614 ,170848 564383 328647 797532 398823 925835 391421 726086 598326 245940 ,88958 91662 95448 97606 97665 98922 99410 100057 101048 102614 
519019 159547 932202 378235 770625 934655 46545 76011 752769 185668 ,102023 102560 104716 105004 105669 105993 106439 107402 107569 107692 ,519019 159547 932202 378235 770625 934655 46545 76011 752769 818092 ,102023 102560 104716 105004 105669 105993 106439 107402 107569 108988 
209916 510073 136091 261673 464196 200499 264777 210542 748689 412923 ,53420 56059 57913 58063 58658 59298 59298 60249 60543 62773 ,209916 510073 136091 261673 464196 264777 200499 210542 748689 412923 ,53420 56059 57913 58063 58658 59298 59298 60249 60543 62773 
709842 710154 66189 595098 669181 626460 594619 747284 395705 706697 ,56661 61202 61716 65278 67439 69844 73876 74282 77398 77466 ,626460 836993 942330 671686 971562 560888 595679 966192 689705 878367 ,69844 77642 80804 81474 81955 83431 83691 83867 84032 84313 
845188 72556 432058 165345 169150 241492 879953 594107 982804 210291 ,52584 54940 57937 58356 60393 60418 60554 61346 61533 61600 ,845188 72556 432058 165345 169150 241492 879953 594107 982804 210291 ,52584 54940 57937 58356 60393 60418 60554 61346 61533 61600 
739430 475499 308661 383337 12670 914054 155694 840349 550132 137371 ,101295 102421 102447 103922 105018 107956 109075 109595 109833 110581 ,739430 475499 308661 383337 12670 914054 155694 840349 550132 137371 ,101295 102421 102447 103922 105018 107956 109075 109595 109833 110581 
196860 847048 911235 291122 899425 729425 884602 394969 985038 979419 ,38245 46417 47912 48996 49145 49345 49353 49746 49955 50032 ,196860 847048 911235 291122 899425 729425 884602 394969 985038 980105 ,38245 46417 47912 48996 49145 49345 49353 49746 49955 50288 
72026 32335 407021 513031 135005 965221 844834 270946 156997 106336 ,63885 68664 71021 77444 80583 83555 89444 93520 93990 94612 ,72026 32335 407021 513031 135005 965221 844834 270946 156997 106336 ,63885 68664 71021 77444 80583 83555 89444 93520 93990 94612 
754868 877079 48196 580388 274535 889763 48455 921384 577964 362563 ,30147 31321 32987 33127 33131 33208 33967 34363 34959 35379 ,754868 921384 538619 196615 149372 274102 922846 543166 417227 580600 ,30147 34363 37691 38991 39936 42744 44363 44526 45105 46227 
300162 864180 734772 200042 845411 724982 309210 237979 293631 667322 ,51201 63649 66688 66933 67635 68398 68711 68723 68853 69525 ,300162 864180 734772 200042 845411 724982 309210 237979 293631 667322 ,51201 63649 66688 66933 67635 68398 68711 68723 68853 69525 
117437 502691 896836 187208 350783 750772 449667 144065 277392 925130 ,85377 97986 100457 101531 112765 114698 115247 115759 118749 119011 ,117437 502691 896836 187208 350783 750772 449667 144065 277392 925130 ,85377 97986 100457 101531 112765 114698 115247 115759 118749 119011 
297406 574042 672725 673094 227097 448242 858 847823 956995 545891 ,21524 22288 22386 23516 24783 25147 25568 25782 26701 27035 ,297406 574042 672725 673094 227097 448242 858 847823 956995 545891 ,21524 22288 22386 23516 24783 25147 25568 25782 26701 27035 
480128 899733 413004 478428 476366 476377 538430 768068 768025 480157 ,12605 13514 14369 14787 15375 15627 16041 16388 16571 16599 ,899733 413004 478428 476366 476377 538430 768068 480157 696552 899776 ,13514 14369 14787 15375 15627 16041 16388 16599 16765 17127 
472274 840393 561474 141941 748938 877021 502874 642508 846229 690733 ,40913 41114 42052 47568 50509 54758 55743 57373 58252 58396 ,472274 840393 561474 141941 748938 877021 502874 642508 846229 690733 ,40913 41114 42052 47568 50509 54758 55743 57373 58252 58396 
636436 134478 403758 888036 671968 732868 732105 63905 818829 809720 ,71861 79492 79658 79930 81352 84649 85253 86532 87260 87441 ,636436 134478 403758 888036 671968 732868 732105 63905 818829 809720 ,71861 79492 79658 79930 81352 84649 85253 86532 87260 87441 
648299 737215 777472 834013 802241 695040 186589 674691 776126 617286 ,44053 55729 55928 60105 64074 69845 70253 73676 74277 74630 ,648299 737215 777472 834013 802241 695040 186589 674691 776126 617286 ,44053 55729 55928 60105 64074 69845 70253 73676 74277 74630 
984341 341444 697155 817764 701276 804933 690101 576526 661617 110252 ,75245 97288 101915 104165 105910 114588 119878 121056 121382 122302 ,984341 341444 697155 817764 701276 804933 690101 576526 661617 110252 ,75245 97288 101915 104165 105910 114588 119878 121056 121382 122302 
564078 521869 778280 224349 670642 494831 756342 741459 723577 882972 ,45281 46354 49581 52122 60987 62254 62406 63420 63465 64544 ,564078 521869 778280 224349 670642 494831 756342 741459 723577 882972 ,45281 46354 49581 52122 60987 62254 62406 63420 63465 64544 
45164 647275 653544 289288 226712 649536 201943 134845 605008 314383 ,88151 88615 91191 103695 104857 106759 108945 109674 109892 111674 ,45164 647275 653544 289288 226712 649536 201943 134845 605008 314383 ,88151 88615 91191 103695 104857 106759 108945 109674 109892 111674 
391315 588022 595254 561244 32115 961069 813890 873822 619619 843 ,65412 68452 73262 76618 77144 77894 79083 79545 79771 81495 ,391315 588022 595254 561244 32115 961069 813890 873822 619619 843 ,65412 68452 73262 76618 77144 77894 79083 79545 79771 81495 
192640 521948 495603 947494 270917 519181 827514 611149 805165 973365 ,53237 72925 73176 75223 77561 80419 82396 83661 83700 83700 ,521948 495603 270917 519181 827514 611149 805165 973365 498059 197733 ,72925 73176 77561 80419 82396 83661 83700 83700 83845 84692 
787104 788064 950258 399975 831003 414910 227276 193340 272156 316820 ,67483 69368 72618 75375 75620 75879 76618 77695 77695 79128 ,787104 788064 950258 399975 831003 414910 227276 193340 272156 316820 ,67483 69368 72618 75375 75620 75879 76618 77695 77695 79128 
545302 692971 819784 941112 9455 278125 882476 378064 438306 274589 ,63165 71913 73469 75957 78656 79066 79896 79995 80223 80292 ,545302 692971 819784 941112 9455 278125 882476 378064 438306 274589 ,63165 71913 73469 75957 78656 79066 79896 79995 80223 80292 
835406 580738 108365 540918 13248 70397 834628 249253 70622 597777 ,59966 62173 62536 62723 62730 63733 64290 65751 67935 69073 ,835406 580738 108365 540918 13248 70397 834628 249253 70622 597777 ,59966 62173 62536 62723 62730 63733 64290 65751 67935 69073 
9939 579191 584610 71205 861849 238180 468938 607310 23782 476850 ,41447 47286 48449 49222 49371 51348 52158 52191 52512 53429 ,9939 71205 468938 23782 956265 173264 861737 289378 988873 990471 ,41447 49222 52158 52512 54404 55407 56235 56259 57563 57987 
576222 102218 712593 562452 290331 768361 224891 828553 39977 457649 ,77394 81900 82048 84609 85010 85386 85549 86819 90897 91123 ,576222 102218 712593 562452 290331 768361 224891 828553 39977 457649 ,77394 81900 82048 84609 85010 85386 85549 86819 90897 91123 
190747 905789 583184 560282 284369 581257 883984 174057 295721 811458 ,65230 73860 78796 79230 79707 79977 80174 80896 81562 84058 ,190747 905789 583184 560282 284369 581257 174057 295721 811458 284763 ,65230 73860 78796 79230 79707 79977 80896 81562 84058 85414 
980923 874258 107633 978501 66106 470863 980821 108725 773823 690387 ,52511 61262 70402 70823 72062 86254 87133 89757 92666 93164 ,980923 874258 107633 978501 66106 470863 980821 108725 773823 690387 ,52511 61262 70402 70823 72062 86254 87133 89757 92666 93164 
95665 749287 339272 12143 91935 574921 799331 891794 236885 93544 ,30276 42864 44650 45804 45906 47392 48517 49568 49578 50214 ,95665 749287 91935 574921 799331 236885 93544 46704 628015 518378 ,30276 42864 45906 47392 48517 49578 50214 50496 50542 50734 
227888 851756 748184 208177 556254 272330 178031 193031 271949 961359 ,47252 49042 49439 49503 50045 50281 50770 51524 52069 52256 ,227888 851756 748184 208177 556254 272330 178031 193031 271949 961359 ,47252 49042 49439 49503 50045 50281 50770 51524 52069 52256 
617866 314721 437696 473369 474591 22884 107011 929618 367097 805897 ,66748 74777 79218 79269 79461 83593 83985 84624 84982 86844 ,617866 314721 437696 473369 474591 22884 107011 929618 367097 805897 ,66748 74777 79218 79269 79461 83593 83985 84624 84982 86844 
50003 913348 497161 630601 562826 920156 890728 5463 641951 816417 ,29991 30239 37435 37460 38472 39970 40928 43035 43063 43760 ,472939 883460 718115 7501 566755 700902 541678 641904 911376 339651 ,49995 51108 55484 56763 61006 61189 61574 61783 64103 64425 
521905 815932 349665 210382 298790 160463 168408 924153 20779 92731 ,27136 32859 33275 34494 35234 35776 36799 37398 37612 37653 ,521905 815932 349665 210382 298790 160463 168408 924153 20779 92731 ,27136 32859 33275 34494 35234 35776 36799 37398 37612 37653 
401356 296772 110257 741629 268849 299217 512779 101690 175569 582763 ,66002 66306 70959 71243 71294 71723 74096 74154 75171 75767 ,401356 296772 110257 741629 268849 299217 512779 101690 582763 93141 ,66002 66306 70959 71243 71294 71723 74096 74154 75767 76872 
978742 918159 21207 289462 660892 412675 694165 419532 244624 74347 ,59082 59317 63871 64121 64678 64876 65047 65450 66060 66407 ,978742 918159 21207 289462 660892 412675 694165 419532 244624 809311 ,59082 59317 63871 64121 64678 64876 65047 65450 66060 66493 
524222 862816 730594 121659 801949 950442 758860 323061 3253 226118 ,53879 54261 59983 63123 63230 64379 68260 68425 71581 74633 ,524222 862816 730594 121659 801949 950442 758860 323061 3253 226118 ,53879 54261 59983 63123 63230 64379 68260 68425 71581 74633 
187545 429308 237863 804444 184387 739280 111889 972867 29447 135154 ,37231 38858 39511 39579 39741 41389 41729 42325 43102 43123 ,187545 429308 237863 804444 184387 739280 111889 29447 135154 359512 ,37231 38858 39511 39579 39741 41389 41729 43102 43123 43146 
187218 724841 748377 437413 736048 271341 315057 244770 523250 119054 ,52515 56621 57539 59104 59988 60344 65020 65320 67951 68194 ,187218 724841 748377 437413 736048 271341 315057 244770 523250 119054 ,52515 56621 57539 59104 59988 60344 65020 65320 67951 68194 
698812 482961 450451 102749 743527 932755 405782 546878 947020 17073 ,119729 126030 130914 132063 134884 148868 154610 155532 162056 169437 ,698812 482961 450451 102749 743527 932755 405782 546878 947020 17073 ,119729 126030 130914 132063 134884 148868 154610 155532 162056 169437 
552428 739174 898638 860473 45888 263854 927803 729067 866778 290524 ,76506 86397 89140 94097 95781 96878 97277 99039 100467 105096 ,552428 739174 898638 860473 45888 263854 927803 729067 866778 290524 ,76506 86397 89140 94097 95781 96878 97277 99039 100467 105096 
780856 628521 668497 317008 317266 936420 743004 490010 483619 790320 ,53002 55720 56229 58069 58456 58511 62156 62581 65385 65984 ,780856 628521 668497 317008 317266 936420 743004 490010 483619 790320 ,53002 55720 56229 58069 58456 58511 62156 62581 65385 65984 
583961 822878 741823 60311 488533 385520 433188 288533 433834 69142 ,59866 61960 67362 67676 68240 68641 70173 70768 70871 71318 ,583961 822878 741823 60311 488533 385520 433188 288533 433834 69142 ,59866 61960 67362 67676 68240 68641 70173 70768 70871 71318 
510626 139592 520024 696277 414217 952505 64816 520266 89224 697786 ,54000 59483 61844 62152 62479 65647 65808 65928 66083 67035 ,510626 139592 520024 696277 414217 952505 64816 520266 89224 697786 ,54000 59483 61844 62152 62479 65647 65808 65928 66083 67035 
380389 158152 542437 584588 511904 726394 336793 515691 805541 5902 ,46203 46248 46572 46660 47316 47613 47967 48040 48196 48324 ,158152 542437 584588 511904 726394 5902 551729 699067 600697 61645 ,46248 46572 46660 47316 47613 48324 49565 50399 51321 52018 
100450 727508 947553 742214 884019 619423 225507 571267 503698 542075 ,69794 72912 74435 74469 75204 75667 76562 76607 76779 78678 ,100450 727508 947553 742214 884019 619423 225507 571267 503698 542075 ,69794 72912 74435 74469 75204 75667 76562 76607 76779 78678 
488258 822424 512827 663349 939592 376177 141979 740013 17565 573977 ,54719 79837 82030 84791 86118 87843 90667 91106 91433 93868 ,488258 822424 512827 663349 376177 141979 740013 17565 573977 594020 ,54719 79837 82030 84791 87843 90667 91106 91433 93868 94265 
829899 257859 628730 69634 638164 627884 230656 435497 669195 529837 ,46818 53155 53462 53967 54182 55121 55176 55780 60124 60578 ,829899 257859 628730 69634 638164 627884 230656 435497 669195 529837 ,46818 53155 53462 53967 54182 55121 55176 55780 60124 60578 
672386 732372 238723 819562 599662 695177 431666 722957 662575 801255 ,27566 44326 49309 49829 50620 52359 52561 55716 56408 56923 ,672386 732372 238723 819562 599662 695177 431666 722957 662575 801255 ,27566 44326 49309 49829 50620 52359 52561 55716 56408 56923 
518085 941720 196950 506633 607801 261917 595808 332099 271305 270867 ,60360 75477 77466 79409 80380 80444 81668 84511 89016 89879 ,518085 941720 196950 506633 607801 261917 595808 332099 271305 270867 ,60360 75477 77466 79409 80380 80444 81668 84511 89016 89879 
341118 340147 388106 650633 32220 730386 189435 846172 517878 453046 ,29471 32607 33187 35687 36081 37746 37767 38490 38948 40528 ,341118 340147 388106 650633 32220 730386 189435 846172 517878 453046 ,29471 32607 33187 35687 36081 37746 37767 38490 38948 40528 
531525 85684 523312 425575 748095 20764 153945 94379 280178 460303 ,43888 54627 54704 56214 56936 57305 57334 57960 58376 59027 ,531525 85684 523312 425575 748095 20764 153945 94379 280178 460303 ,43888 54627 54704 56214 56936 57305 57334 57960 58376 59027 
716540 363679 955646 261441 242064 8458 517480 987046 514893 261472 ,16748 28120 28188 28720 29938 30258 30648 30845 31107 31315 ,716540 363679 955646 261441 242064 8458 517480 987046 514893 261472 ,16748 28120 28188 28720 29938 30258 30648 30845 31107 31315 
331387 420081 734911 376620 43908 470985 101160 927270 522233 559980 ,39013 44325 46301 47813 51296 52230 54973 55648 55698 56198 ,331387 420081 734911 376620 43908 470985 101160 927270 522233 559980 ,39013 44325 46301 47813 51296 52230 54973 55648 55698 56198 
241211 451722 11579 525235 21921 306092 785442 725467 449937 965059 ,46935 47766 48659 50343 51623 54043 57005 60127 61789 63313 ,241211 451722 11579 525235 21921 306092 785442 725467 449937 965059 ,46935 47766 48659 50343 51623 54043 57005 60127 61789 63313 
544116 23463 79553 30006 42714 536467 348803 360359 56020 690069 ,25840 27181 28762 29526 32314 32538 32706 32813 33160 34733 ,544116 23463 79553 30006 42714 536467 348803 360359 56020 690069 ,25840 27181 28762 29526 32314 32538 32706 32813 33160 34733 
70833 410305 272900 353771 399822 131651 827695 556584 391708 554569 ,46253 52385 53002 54003 54849 60221 62405 62566 65771 66146 ,70833 410305 272900 353771 399822 131651 827695 556584 391708 554569 ,46253 52385 53002 54003 54849 60221 62405 62566 65771 66146 
708050 309839 70732 829723 668602 515930 586066 825041 553300 680455 ,43577 45558 45642 46091 51211 51825 52401 52629 53510 53842 ,708050 309839 70732 829723 668602 515930 586066 825041 553300 680455 ,43577 45558 45642 46091 51211 51825 52401 52629 53510 53842 
494434 684559 775493 420279 351913 193143 291880 332858 903997 436114 ,84218 86565 88143 88278 88316 90005 92303 93348 93717 93928 ,494434 684559 775493 420279 351913 193143 291880 332858 903997 436114 ,84218 86565 88143 88278 88316 90005 92303 93348 93717 93928 
316717 394124 345756 266652 201093 843241 267950 619855 71672 749032 ,58707 67036 73351 74628 83088 83282 83519 87486 87944 88630 ,316717 394124 345756 266652 201093 843241 619855 71672 749032 17073 ,58707 67036 73351 74628 83088 83282 87486 87944 88630 88725 
720009 784787 87485 336678 923213 526869 551620 79640 516813 347596 ,17883 22572 27957 28398 29983 31040 31048 31225 31499 31641 ,784787 336678 923213 516813 723426 16748 760731 350502 188418 411068 ,22572 28398 29983 31499 32110 32611 32811 33061 33161 33354 
785596 596193 480535 303716 899736 695431 472963 482813 224561 987429 ,59242 63184 63217 65325 69590 69935 70094 71754 72037 72070 ,785596 596193 480535 303716 899736 695431 472963 482813 224561 987429 ,59242 63184 63217 65325 69590 69935 70094 71754 72037 72070 
104860 700830 723116 708795 518085 827394 548443 845417 610084 293046 ,54129 60498 65168 65841 66117 66146 66525 66576 66591 66751 ,104860 700830 723116 708795 827394 548443 845417 610084 293046 730780 ,54129 60498 65168 65841 66146 66525 66576 66591 66751 66949 
831233 417351 593388 937200 603860 605659 555264 984900 112407 456352 ,43095 45444 45462 52256 52337 52867 60694 61634 62032 62037 ,831233 417351 593388 937200 603860 605659 555264 984900 112407 456352 ,43095 45444 45462 52256 52337 52867 60694 61634 62032 62037 
905973 905789 31816 747892 276983 901786 901711 685671 28346 278116 ,42326 53008 53068 54068 59868 62080 62551 63104 63286 64866 ,905973 905789 31816 747892 276983 901786 901711 685671 28346 278116 ,42326 53008 53068 54068 59868 62080 62551 63104 63286 64866 
937938 608184 380773 645717 187938 208158 44683 870130 800004 537519 ,62995 63790 64500 65604 66494 66495 67106 67285 67467 68079 ,645717 187938 208158 44683 870130 537519 864718 187915 228648 432741 ,65604 66494 66495 67106 67285 68079 68303 69105 69920 70045 
346500 716450 86862 594323 307219 459901 128310 432758 917644 497012 ,59851 60055 63900 64592 64971 67428 67504 68023 68226 68535 ,346500 86862 594323 307219 459901 128310 432758 917644 124033 473881 ,59851 63900 64592 64971 67428 67504 68023 68226 70782 71650 
327253 570333 200059 826149 444694 685061 955434 615224 363865 826716 ,19462 20045 20887 21828 21932 22054 22340 22359 22856 22866 ,200059 896205 816273 788311 816758 272010 643137 554713 383053 715391 ,20887 23419 23517 24911 26396 26834 27805 27967 28064 28353 
701249 379993 212768 588998 466114 777211 520076 253648 683779 503254 ,86269 88611 91814 94469 95704 96905 98580 100579 100955 100986 ,701249 379993 212768 588998 466114 777211 520076 253648 683779 503254 ,86269 88611 91814 94469 95704 96905 98580 100579 100955 100986 
628195 159471 668752 963789 815846 279198 515041 682415 41701 523925 ,41433 43606 46177 50370 50386 50684 51621 51686 53070 53151 ,628195 159471 668752 963789 815846 279198 515041 682415 41701 523925 ,41433 43606 46177 50370 50386 50684 51621 51686 53070 53151 
594909 993117 942514 589786 928392 146941 185601 656713 916673 627373 ,109160 109772 113551 117685 118986 121403 122569 122621 122727 123501 ,594909 993117 942514 589786 928392 146941 185601 656713 916673 627373 ,109160 109772 113551 117685 118986 121403 122569 122621 122727 123501 
668886 534523 523930 759220 373581 48641 140388 422834 910925 785109 ,25664 32911 33423 33824 34137 34170 34238 34531 34864 34887 ,668886 534523 523930 759220 373581 48641 140388 422834 910925 785109 ,25664 32911 33423 33824 34137 34170 34238 34531 34864 34887 
494617 299895 992182 477155 46065 305703 827636 228057 823495 848925 ,37304 39927 42217 44457 44919 45032 47580 47759 48622 50089 ,494617 299895 992182 477155 46065 305703 827636 228057 823495 848925 ,37304 39927 42217 44457 44919 45032 47580 47759 48622 50089 
193390 762031 499645 67619 657226 362148 233929 401237 908486 748377 ,52878 53960 54807 55603 57067 59103 60985 61398 62463 66024 ,193390 762031 499645 67619 657226 362148 233929 401237 908486 748377 ,52878 53960 54807 55603 57067 59103 60985 61398 62463 66024 
115537 720465 964941 245138 830587 127795 832457 785124 34100 986581 ,84347 91583 92335 96787 97966 99174 99500 100112 100414 100432 ,115537 720465 964941 245138 830587 127795 832457 785124 34100 986581 ,84347 91583 92335 96787 97966 99174 99500 100112 100414 100432 
718738 906781 373469 762945 244813 472727 899826 816273 994923 122412 ,18753 22624 23136 25631 26549 26611 26909 27875 28065 28208 ,718738 906781 373469 762945 244813 472727 816273 994923 122412 816801 ,18753 22624 23136 25631 26549 26611 27875 28065 28208 28416 
235096 673489 232269 429420 602559 25137 365608 555021 808672 788459 ,52049 52622 57314 58000 58631 58723 59213 59429 59463 59516 ,235096 555021 364047 413473 725299 861331 3846 659446 371347 781288 ,52049 59429 60430 60665 61181 62958 64816 65120 65375 66235 
403785 150829 287340 280640 263995 33261 62374 738706 505984 370052 ,76552 76951 77141 77915 84098 84184 84845 85661 86132 87390 ,403785 150829 287340 280640 263995 33261 62374 738706 505984 370052 ,76552 76951 77141 77915 84098 84184 84845 85661 86132 87390 
256974 302271 719489 250852 116210 668906 886068 671405 614810 904198 ,45169 49339 49484 53710 54930 55648 55934 56331 56806 56974 ,256974 302271 719489 250852 116210 668906 886068 614810 904198 954580 ,45169 49339 49484 53710 54930 55648 55934 56806 56974 57804 
719504 110583 788896 83980 58729 341468 307199 149965 915475 518444 ,44489 45049 47981 50455 50576 51196 52277 53102 53487 53871 ,719504 110583 788896 83980 307199 915475 809787 549138 551510 228314 ,44489 45049 47981 50455 52277 53487 54063 54170 54409 55415 
53813 538514 81944 280799 570151 824526 479952 884950 535193 666872 ,23166 28422 33781 34849 37352 38259 40880 41299 42806 42964 ,53813 538514 81944 280799 570151 824526 479952 884950 535193 666872 ,23166 28422 33781 34849 37352 38259 40880 41299 42806 42964 
82532 786397 37579 796555 850428 297209 831766 936696 876263 823050 ,32516 32929 33550 34864 35461 38077 38624 39119 41346 41441 ,82532 786397 37579 796555 850428 297209 831766 936696 876263 823050 ,32516 32929 33550 34864 35461 38077 38624 39119 41346 41441 
355219 341394 713054 699618 380235 508704 341163 174577 373112 269629 ,63976 64914 68294 68831 71908 73492 73951 76259 76502 76701 ,355219 341394 713054 699618 380235 341163 174577 373112 269629 518932 ,63976 64914 68294 68831 71908 73951 76259 76502 76701 78246 
497876 968613 853619 287350 658049 830953 717155 258462 180521 961253 ,69016 72503 78892 79616 82733 84192 84448 85837 86314 87896 ,497876 968613 853619 287350 658049 830953 717155 258462 180521 961253 ,69016 72503 78892 79616 82733 84192 84448 85837 86314 87896 
683102 615753 656577 380530 640895 17305 597243 357182 200111 517591 ,77476 84115 85964 87799 92361 94511 95985 96117 96665 97480 ,683102 615753 656577 380530 640895 17305 597243 357182 200111 517591 ,77476 84115 85964 87799 92361 94511 95985 96117 96665 97480 
734253 862980 538689 984218 392043 183942 879997 54198 220225 763233 ,57115 63849 64387 65503 68994 69766 72416 73423 74324 74585 ,734253 862980 538689 984218 392043 183942 879997 54198 220225 763233 ,57115 63849 64387 65503 68994 69766 72416 73423 74324 74585 
562719 240451 628378 310833 607769 99709 668478 591380 285822 844437 ,62314 67150 71686 71963 73459 73500 74037 74197 74777 75119 ,562719 628378 310833 607769 99709 668478 285822 844437 260253 315364 ,62314 71686 71963 73459 73500 74037 74777 75119 76164 77522 
626509 851109 378905 975973 832347 361527 535448 884976 533597 45130 ,70681 77241 81618 82028 82298 82597 84006 84271 85210 85272 ,626509 378905 832347 361527 535448 884976 533597 45130 762787 900495 ,70681 81618 82298 82597 84006 84271 85210 85272 85476 87685 
505032 27264 355098 867896 134532 80694 178889 913603 209426 326180 ,80863 83650 85460 86376 88742 89544 90274 90617 91318 91332 ,505032 27264 355098 867896 80694 178889 913603 209426 326180 739551 ,80863 83650 85460 86376 89544 90274 90617 91318 91332 92143 
83901 376277 525240 823452 261483 686893 505013 432823 499724 933412 ,72664 79437 83943 98690 108665 109819 114709 117555 117712 117927 ,83901 376277 525240 823452 261483 686893 505013 432823 499724 933412 ,72664 79437 83943 98690 108665 109819 114709 117555 117712 117927 
284903 55766 386729 955044 649255 546697 598735 805256 315783 973703 ,142550 152750 167807 168372 174211 177891 179367 180731 181735 185901 ,284903 55766 386729 955044 649255 546697 598735 805256 315783 973703 ,142550 152750 167807 168372 174211 177891 179367 180731 181735 185901 
887432 177499 885448 335613 664431 591790 207933 442054 767758 600343 ,66672 66764 103017 103711 108565 110259 111692 113003 113068 117048 ,887432 177499 885448 335613 664431 591790 207933 442054 767758 600343 ,66672 66764 103017 103711 108565 110259 111692 113003 113068 117048 
417119 164292 95443 560985 913785 844316 122598 295398 844139 325549 ,73357 74088 75444 76404 76912 77622 79371 79396 79730 80835 ,417119 164292 95443 913785 844316 122598 295398 844139 325549 712085 ,73357 74088 75444 76912 77622 79371 79396 79730 80835 81067 
708616 801670 120853 273972 940635 219353 111052 943126 948605 993431 ,84869 87994 89654 90570 90993 91910 92439 93460 94066 98554 ,708616 801670 120853 273972 940635 219353 111052 943126 948605 993431 ,84869 87994 89654 90570 90993 91910 92439 93460 94066 98554 
953954 163653 54832 353638 161703 54623 212388 275551 874837 852766 ,59665 71087 72944 74871 77123 77294 79737 80268 80449 82170 ,953954 163653 54832 353638 161703 54623 212388 275551 874837 852766 ,59665 71087 72944 74871 77123 77294 79737 80268 80449 82170 
646524 646664 771153 646814 7136 8030 648287 568091 449680 709527 ,40703 42438 43414 43511 44437 45298 47764 47995 48881 48928 ,955708 115626 866041 215876 766217 247867 767147 930934 285920 10577 ,60374 65022 66290 68259 76903 77453 77554 78338 82479 82942 
264169 658034 659477 899938 836272 812201 608643 902631 218170 953568 ,81742 82579 82885 85857 89296 89557 90543 91159 91642 92382 ,264169 658034 659477 899938 836272 812201 608643 902631 218170 953568 ,81742 82579 82885 85857 89296 89557 90543 91159 91642 92382 
60830 832457 627795 44917 305965 547317 523601 523228 519951 23968 ,61638 61783 63571 66524 70829 73200 74289 74871 75186 76079 ,60830 832457 627795 44917 305965 547317 523601 523228 519951 46304 ,61638 61783 63571 66524 70829 73200 74289 74871 75186 76609 
412022 258767 396105 178654 608318 688433 175022 668593 457581 601795 ,81523 95941 97170 97747 98498 98826 100688 101000 101379 101639 ,412022 258767 396105 178654 175022 668593 457581 601795 336379 411820 ,81523 95941 97170 97747 100688 101000 101379 101639 102208 102393 
766517 270347 545654 206878 271156 240955 486877 270145 691803 855291 ,52660 54497 59713 62106 62106 62197 63740 64949 66128 66480 ,766517 270347 545654 206878 271156 240955 486877 270145 691803 855291 ,52660 54497 59713 62106 62106 62197 63740 64949 66128 66480 
807497 387195 482614 107596 989216 516047 451601 117044 418530 841181 ,36794 65294 74048 76141 78933 83539 84868 85657 91025 93195 ,807497 387195 482614 107596 989216 516047 451601 117044 418530 841181 ,36794 65294 74048 76141 78933 83539 84868 85657 91025 93195 
903052 631833 187667 449924 637439 699830 805681 86863 80245 59497 ,62057 63483 64487 64923 65721 67897 68901 69099 69889 71583 ,903052 631833 187667 449924 637439 699830 805681 86863 80245 59497 ,62057 63483 64487 64923 65721 67897 68901 69099 69889 71583 
744992 734292 16279 381778 51544 836333 72624 180478 14326 370597 ,44397 45024 45436 46146 48116 48440 48599 49568 51213 51325 ,744992 734292 16279 381778 51544 836333 72624 180478 14326 370597 ,44397 45024 45436 46146 48116 48440 48599 49568 51213 51325 
684599 818739 71584 604214 219585 219419 312538 721240 548097 935979 ,57536 60012 67327 73758 74839 75225 75510 76144 76304 76500 ,684599 818739 71584 604214 219585 219419 312538 721240 548097 935979 ,57536 60012 67327 73758 74839 75225 75510 76144 76304 76500 
798457 890604 348386 757181 748428 586448 298938 142146 994255 394123 ,71898 72744 74062 74782 78301 78716 78856 78925 79867 79900 ,798457 890604 348386 757181 748428 586448 298938 142146 994255 394123 ,71898 72744 74062 74782 78301 78716 78856 78925 79867 79900 
935307 987924 597995 632507 830163 382027 381483 864289 197633 543822 ,58122 59458 61318 62816 63581 63648 64384 64781 64827 65000 ,935307 987924 597995 632507 830163 382027 381483 864289 197633 543822 ,58122 59458 61318 62816 63581 63648 64384 64781 64827 65000 
597328 545675 347967 414680 747928 150009 353775 75773 594720 876572 ,78617 81718 91049 103259 105619 107247 107581 110302 111751 114039 ,597328 545675 347967 414680 747928 150009 353775 75773 594720 876572 ,78617 81718 91049 103259 105619 107247 107581 110302 111751 114039 
720630 225985 482451 308045 554725 469189 168689 206602 910819 998286 ,29203 51279 51836 53788 54504 54991 56807 57376 57579 57702 ,720630 482451 308045 554725 469189 168689 206602 910819 998286 570264 ,29203 51836 53788 54504 54991 56807 57376 57579 57702 57898 
776454 625275 986119 196801 275617 64191 743955 656809 598256 595133 ,72588 76828 79101 79563 79563 79627 79780 81433 84859 85081 ,776454 625275 986119 196801 275617 64191 743955 656809 598256 595133 ,72588 76828 79101 79563 79563 79627 79780 81433 84859 85081 
892173 450212 272339 613570 787077 633133 860188 33231 130417 329072 ,75205 83301 87103 87179 87389 88882 90604 93071 93648 93733 ,892173 450212 272339 613570 633133 860188 130417 329072 646633 383155 ,75205 83301 87103 87179 88882 90604 93648 93733 93910 97890 
430699 210530 193788 338992 280028 924173 77743 94294 290240 168494 ,59763 61331 62726 65045 66168 67219 67366 68722 70923 72451 ,430699 210530 193788 338992 280028 924173 77743 94294 290240 168494 ,59763 61331 62726 65045 66168 67219 67366 68722 70923 72451 
144268 493025 693260 213790 631529 86683 272238 594909 67291 126666 ,63320 71188 77775 79328 82445 83095 84225 84826 85708 85742 ,144268 493025 693260 213790 631529 86683 272238 594909 67291 126666 ,63320 71188 77775 79328 82445 83095 84225 84826 85708 85742 
506870 874870 156764 492969 904703 747136 419915 783411 388000 369716 ,51874 59207 64216 68959 70509 70791 72842 74343 75688 76374 ,506870 874870 156764 492969 904703 747136 419915 783411 388000 369716 ,51874 59207 64216 68959 70509 70791 72842 74343 75688 76374 
303995 890776 288619 643796 421821 288021 945664 263939 808265 290318 ,27076 31711 32725 33456 34775 35385 37164 39054 40719 41887 ,303995 890776 288619 643796 421821 288021 945664 263939 808265 290318 ,27076 31711 32725 33456 34775 35385 37164 39054 40719 41887 
146891 605785 991240 704709 202674 358274 62823 110325 377070 20552 ,74398 80350 94865 95268 96444 96643 99289 99462 99732 99750 ,605785 991240 704709 202674 358274 62823 110325 377070 20552 61398 ,80350 94865 95268 96444 96643 99289 99462 99732 99750 100521 
153329 277127 427619 525272 229136 693646 723096 779296 574565 719977 ,92090 95588 95752 96938 102517 102921 103876 105098 105803 106768 ,153329 277127 427619 525272 229136 693646 723096 779296 574565 719977 ,92090 95588 95752 96938 102517 102921 103876 105098 105803 106768 
884744 64575 225321 892023 842009 48735 428 42404 435084 472912 ,61995 65541 66927 71510 76305 76869 77987 78307 78651 81634 ,884744 64575 225321 892023 842009 48735 428 42404 435084 472912 ,61995 65541 66927 71510 76305 76869 77987 78307 78651 81634 
927258 422395 692842 167837 86219 697881 711324 687054 190278 398760 ,108657 109600 117979 118690 123486 128235 128815 130894 132595 133358 ,927258 422395 692842 167837 86219 697881 711324 687054 190278 398760 ,108657 109600 117979 118690 123486 128235 128815 130894 132595 133358 
858547 595850 595340 970867 868780 595333 749040 185422 791960 866767 ,49184 49934 51713 55919 58088 59209 61658 63037 63089 65442 ,858547 185422 546296 352195 490609 185929 193295 538577 376690 2923 ,49184 63037 65578 65602 66148 66239 67276 67405 67746 69435 
300445 648950 389086 669489 379338 421573 478358 12046 651065 654811 ,69387 79162 93824 93949 100701 101388 101879 103522 104062 104153 ,300445 648950 389086 669489 379338 421573 478358 12046 651065 654811 ,69387 79162 93824 93949 100701 101388 101879 103522 104062 104153 
441447 390731 356122 20391 727884 752347 620834 508927 225244 266755 ,72397 90693 91218 91617 91623 91814 92225 93659 93981 94121 ,441447 390731 356122 20391 727884 752347 620834 508927 225244 266755 ,72397 90693 91218 91617 91623 91814 92225 93659 93981 94121 
966174 22329 667797 713198 903169 468701 124574 916393 358603 634002 ,62289 63437 67138 70713 74748 75758 76064 76977 77633 78239 ,966174 22329 713198 916393 634002 273562 386268 913190 692941 198645 ,62289 63437 70713 76977 78239 82922 82988 82992 83603 85933 
725792 109472 48369 185755 3780 704157 906892 359452 163581 898759 ,110506 122230 125133 129975 130707 131067 131301 131598 132537 133058 ,725792 109472 48369 185755 3780 704157 906892 359452 163581 898759 ,110506 122230 125133 129975 130707 131067 131301 131598 132537 133058 
95918 587000 233928 196046 548211 266644 328528 59150 459046 486337 ,39879 42649 45430 48948 50383 50741 51264 51691 52072 52091 ,95918 587000 233928 196046 548211 266644 328528 59150 459046 486337 ,39879 42649 45430 48948 50383 50741 51264 51691 52072 52091 
774319 49309 857242 7866 49262 856240 26755 799616 808665 46689 ,31090 41123 41409 43874 45108 45843 45893 46540 47412 47768 ,774319 49309 857242 7866 49262 856240 26755 799616 808665 46689 ,31090 41123 41409 43874 45108 45843 45893 46540 47412 47768 
931377 360866 807734 799526 226460 945567 914972 407659 332053 916627 ,69290 77963 93641 94821 96293 99115 100045 101014 102933 104650 ,931377 360866 807734 799526 226460 945567 914972 407659 332053 916627 ,69290 77963 93641 94821 96293 99115 100045 101014 102933 104650 
816814 229481 311868 255316 759243 631434 591427 817492 818073 373833 ,64792 91579 92913 96404 98072 98099 100837 101594 103790 104557 ,816814 229481 311868 255316 759243 631434 591427 817492 818073 373833 ,64792 91579 92913 96404 98072 98099 100837 101594 103790 104557 
91708 711469 418237 45734 77703 348345 168815 88050 430100 80517 ,65261 66165 71346 73875 74105 74399 75490 75926 76319 76539 ,91708 711469 418237 45734 77703 348345 168815 430100 383585 941037 ,65261 66165 71346 73875 74105 74399 75490 76319 76944 77156 
680458 931017 380284 976438 507476 94058 246600 229004 230430 69193 ,38392 48241 51437 53562 54791 55990 56706 57145 57828 59199 ,680458 931017 380284 976438 507476 94058 246600 229004 230430 69193 ,38392 48241 51437 53562 54791 55990 56706 57145 57828 59199 
546207 981369 516115 509917 399577 903787 264990 120320 265352 188062 ,77499 78183 78406 79391 79957 80263 80298 81463 84590 84814 ,546207 981369 516115 509917 399577 903787 264990 120320 265352 188062 ,77499 78183 78406 79391 79957 80263 80298 81463 84590 84814 
857495 473063 175344 495030 638018 693915 541698 528460 193546 614904 ,63987 64186 69366 72544 73145 75444 76843 77789 78433 78680 ,857495 473063 175344 495030 638018 693915 541698 528460 193546 614904 ,63987 64186 69366 72544 73145 75444 76843 77789 78433 78680 
258146 801900 234077 539571 303059 996971 31952 561220 844060 734309 ,50234 50403 55697 56968 56981 57369 58089 59489 60562 60595 ,258146 801900 234077 539571 303059 996971 31952 561220 734309 670257 ,50234 50403 55697 56968 56981 57369 58089 59489 60595 60774 
109731 781372 534672 617132 923751 16994 335970 523498 419620 159776 ,46531 51787 52049 54979 55335 55885 57782 58416 58825 58967 ,109731 781372 534672 617132 923751 16994 335970 523498 419620 159776 ,46531 51787 52049 54979 55335 55885 57782 58416 58825 58967 
238501 497591 282767 168363 982444 805237 481081 950110 281438 802085 ,44779 46750 50861 51585 51673 51760 51983 52399 52910 52958 ,238501 497591 282767 168363 982444 805237 481081 950110 281438 802085 ,44779 46750 50861 51585 51673 51760 51983 52399 52910 52958 
714280 96003 944559 229136 924684 256404 747238 357730 839568 7218 ,107194 125755 137236 152677 167088 178812 188273 218401 222793 226310 ,714280 96003 944559 229136 924684 256404 747238 357730 839568 7218 ,107194 125755 137236 152677 167088 178812 188273 218401 222793 226310 
616654 328104 64899 723213 777753 182786 294463 622778 172327 315869 ,48589 55503 56287 56511 62081 63164 64407 64527 64746 64750 ,616654 328104 64899 723213 777753 182786 294463 622778 172327 315869 ,48589 55503 56287 56511 62081 63164 64407 64527 64746 64750 
401129 84110 305787 809199 821438 419321 61513 485855 328282 884676 ,79142 80205 81833 82590 83312 83781 85230 85243 86650 87234 ,401129 84110 305787 809199 821438 419321 61513 485855 328282 884676 ,79142 80205 81833 82590 83312 83781 85230 85243 86650 87234 
98971 730572 117784 569480 349402 389813 601072 690558 80630 29955 ,24680 26803 27552 28981 29197 29873 30481 31158 31300 31762 ,98971 730572 117784 569480 349402 389813 601072 690558 80630 29955 ,24680 26803 27552 28981 29197 29873 30481 31158 31300 31762 
501728 347026 302663 172702 154016 308888 682356 620202 176074 183488 ,62414 63095 63461 65194 66916 67719 68522 69391 70650 70771 ,501728 347026 302663 154016 308888 682356 620202 176074 183488 307165 ,62414 63095 63461 66916 67719 68522 69391 70650 70771 70773 
912409 723876 192315 294631 296291 10069 163550 278235 112952 960420 ,34736 38814 40603 41771 46814 46967 47343 48812 48878 49665 ,912409 723876 192315 294631 296291 10069 163550 278235 112952 960420 ,34736 38814 40603 41771 46814 46967 47343 48812 48878 49665 
505195 170717 705670 431211 281123 544732 323879 334259 36941 452149 ,56034 60921 64149 66080 66234 66645 67503 67653 68215 68421 ,505195 170717 705670 431211 281123 544732 323879 334259 36941 452149 ,56034 60921 64149 66080 66234 66645 67503 67653 68215 68421 
752784 2953 704250 629489 189260 399672 942604 3336 532889 693752 ,60965 65759 66351 68086 69317 70433 72145 72790 73065 74109 ,752784 2953 704250 629489 399672 942604 3336 693752 543656 517584 ,60965 65759 66351 68086 70433 72145 72790 74109 76094 76147 
465363 501043 619664 321602 557050 465567 744302 428052 181539 808317 ,72359 72532 74603 80050 84816 87144 87418 91519 91685 92300 ,465363 501043 619664 321602 557050 465567 744302 428052 181539 808317 ,72359 72532 74603 80050 84816 87144 87418 91519 91685 92300 
973650 998946 562171 837770 992062 755875 666369 854595 15800 767022 ,23946 28813 34265 34377 34382 35025 35465 35545 35708 36385 ,973650 998946 562171 837770 992062 755875 666369 854595 15800 767022 ,23946 28813 34265 34377 34382 35025 35465 35545 35708 36385 
381343 858776 380584 860773 754098 989250 336032 837707 966447 418980 ,76003 77415 79359 79940 82610 83245 83703 84703 85377 86279 ,381343 858776 380584 860773 754098 989250 336032 837707 966447 418980 ,76003 77415 79359 79940 82610 83245 83703 84703 85377 86279 
91946 68416 815262 616621 232665 495229 711823 522276 351913 16456 ,25568 35640 36977 37672 40639 40751 44313 44454 46287 46628 ,91946 68416 815262 616621 232665 495229 711823 522276 351913 16456 ,25568 35640 36977 37672 40639 40751 44313 44454 46287 46628 
463761 459530 285054 226060 274388 285014 380443 390325 15392 425492 ,91388 92319 96316 96922 99844 103687 104135 106456 107427 107636 ,463761 459530 285054 226060 274388 285014 380443 390325 15392 425492 ,91388 92319 96316 96922 99844 103687 104135 106456 107427 107636 
670763 118163 978419 63341 442019 431346 167967 792108 400647 841349 ,76510 76887 78230 80978 82225 85255 85439 87304 88277 88425 ,670763 118163 978419 63341 442019 431346 167967 792108 400647 841349 ,76510 76887 78230 80978 82225 85255 85439 87304 88277 88425 
283232 60953 710349 210540 553866 527614 488867 800065 368036 886868 ,118203 121870 122088 123356 124129 126063 127442 127912 128109 128191 ,283232 60953 710349 210540 553866 527614 488867 800065 368036 886868 ,118203 121870 122088 123356 124129 126063 127442 127912 128109 128191 
517343 169731 708459 748949 379413 468450 792108 161174 188735 232228 ,74290 82509 86386 86483 87230 87479 88570 88591 89905 91502 ,517343 169731 708459 748949 379413 468450 792108 161174 188735 232228 ,74290 82509 86386 86483 87230 87479 88570 88591 89905 91502 
367194 10124 342612 381260 22256 42224 240825 352659 730177 326430 ,68623 69975 70575 72626 72673 72995 73053 74347 74372 74696 ,367194 10124 342612 381260 22256 42224 352659 326430 555240 769096 ,68623 69975 70575 72626 72673 72995 74347 74696 74781 74898 
397886 450200 850970 117705 301824 133853 519446 680446 934568 183278 ,110880 114550 114803 115334 118373 119492 123370 123769 124552 124653 ,397886 450200 850970 117705 301824 133853 519446 680446 934568 183278 ,110880 114550 114803 115334 118373 119492 123370 123769 124552 124653 
318868 619203 506314 141900 850394 930101 367835 124230 503382 228201 ,52073 63231 66161 66346 69263 69844 69859 70065 70491 70820 ,318868 619203 506314 141900 850394 930101 367835 124230 503382 228201 ,52073 63231 66161 66346 69263 69844 69859 70065 70491 70820 
893314 992773 750707 163856 321276 664737 35850 603144 749822 298667 ,43629 49849 50065 51534 52345 53123 54017 54033 54534 55179 ,893314 992773 750707 163856 321276 664737 35850 603144 749822 298667 ,43629 49849 50065 51534 52345 53123 54017 54033 54534 55179 
238927 603560 603488 509772 238603 99117 281882 662763 589348 120556 ,38762 40355 41243 41633 42427 42514 43416 43557 43733 44310 ,238927 603560 509772 99117 281882 662763 589348 120556 798009 560064 ,38762 40355 41633 42514 43416 43557 43733 44310 44871 45892 
464070 253289 31441 138251 728328 32856 196358 347113 697861 171597 ,67476 76832 76938 77563 79883 80398 80833 80939 81533 81551 ,464070 253289 31441 138251 728328 32856 196358 347113 697861 735352 ,67476 76832 76938 77563 79883 80398 80833 80939 81533 82469 
833318 833499 249804 354962 339170 727571 23577 889153 864781 322203 ,46630 47938 48887 51739 54939 55131 55157 55179 55219 55468 ,833318 833499 249804 354962 727571 889153 864781 322203 190303 650466 ,46630 47938 48887 51739 55131 55179 55219 55468 55577 56047 
56496 133835 310486 967727 417413 52233 376166 839218 325921 626978 ,53436 55677 57647 58475 59209 59738 60583 61349 61722 62896 ,56496 133835 310486 967727 417413 52233 376166 839218 325921 626978 ,53436 55677 57647 58475 59209 59738 60583 61349 61722 62896 
897795 767438 387265 895459 864274 187502 15801 122892 587439 155371 ,60842 70029 78686 79298 80382 85883 86730 86753 87030 87661 ,897795 767438 387265 895459 864274 187502 15801 122892 587439 155371 ,60842 70029 78686 79298 80382 85883 86730 86753 87030 87661 
118190 405274 323499 247210 235239 884208 828735 243550 602133 77746 ,101399 102298 105485 105595 108322 116091 117061 118300 120754 121311 ,118190 405274 323499 247210 235239 884208 828735 243550 602133 77746 ,101399 102298 105485 105595 108322 116091 117061 118300 120754 121311 
723836 919476 724450 310987 7374 864654 636984 219521 998989 658806 ,16735 22824 23355 23733 23961 25317 25390 26801 27319 28923 ,723836 919476 724450 310987 7374 864654 636984 219521 998989 658806 ,16735 22824 23355 23733 23961 25317 25390 26801 27319 28923 
94666 815326 614965 814657 261504 815297 17690 815352 815404 818601 ,22334 23669 24144 24329 24795 24814 25728 26405 26473 26934 ,94666 815326 614965 814657 261504 815297 17690 815352 815404 818601 ,22334 23669 24144 24329 24795 24814 25728 26405 26473 26934 
417092 437382 843746 797532 73633 287303 943157 665274 731519 126594 ,67637 83010 86628 86652 87115 87938 88342 88532 88808 89518 ,417092 437382 843746 797532 73633 287303 943157 665274 731519 126594 ,67637 83010 86628 86652 87115 87938 88342 88532 88808 89518 
279215 609788 964707 469275 690070 609916 551626 818650 821921 808142 ,22974 24136 25364 25528 25581 25661 25910 26415 27354 27441 ,279215 609788 964707 469275 690070 609916 551626 818650 821921 808142 ,22974 24136 25364 25528 25581 25661 25910 26415 27354 27441 
679677 227810 79554 360359 960684 566260 402446 516560 666275 524763 ,39090 45452 49193 51322 51748 51878 51996 52462 52650 52743 ,679677 227810 79554 360359 566260 402446 516560 666275 524763 449937 ,39090 45452 49193 51322 51878 51996 52462 52650 52743 53519 
524222 21746 430448 681831 489326 482222 358330 530886 727642 599192 ,50042 50226 50959 51417 52278 53968 54005 54232 54752 55138 ,524222 21746 430448 681831 489326 482222 358330 530886 727642 599192 ,50042 50226 50959 51417 52278 53968 54005 54232 54752 55138 
830594 367266 25581 340885 166836 764190 767438 272938 568924 947265 ,55228 56314 56403 56519 59051 59250 63508 64182 64939 65512 ,830594 367266 25581 340885 166836 764190 767438 272938 568924 947265 ,55228 56314 56403 56519 59051 59250 63508 64182 64939 65512 
850343 533561 76446 594229 829429 271407 727213 261628 958052 581 ,61962 62212 66260 73044 73453 73636 74095 74570 74627 76132 ,850343 533561 76446 594229 829429 271407 727213 261628 958052 581 ,61962 62212 66260 73044 73453 73636 74095 74570 74627 76132 
619248 299614 190779 6196 775806 368158 367859 916606 121566 537348 ,45531 45763 46013 46765 46866 46980 47039 47623 48257 48695 ,619248 299614 190779 6196 775806 368158 367859 916606 121566 537348 ,45531 45763 46013 46765 46866 46980 47039 47623 48257 48695 
734517 988138 855379 272892 250864 297619 609836 894693 773817 192297 ,45206 46246 48243 48694 52943 56447 56447 57659 58551 58607 ,734517 988138 855379 272892 250864 609836 297619 894693 773817 192297 ,45206 46246 48243 48694 52943 56447 56447 57659 58551 58607 
724106 547053 467667 928718 567778 532425 551627 59644 264324 327480 ,45482 47421 56104 56404 57235 57483 58895 59518 60202 60569 ,724106 547053 467667 928718 567778 532425 551627 59644 264324 327480 ,45482 47421 56104 56404 57235 57483 58895 59518 60202 60569 
234376 632982 733339 449069 852566 730508 621431 679256 569716 550809 ,46234 55359 57140 57809 57811 58457 58874 59741 61110 61330 ,234376 632982 733339 449069 852566 730508 621431 679256 569716 550809 ,46234 55359 57140 57809 57811 58457 58874 59741 61110 61330 
822674 262327 152908 685872 529428 905426 683349 363641 497795 222224 ,35097 36089 41203 42703 42894 44424 44522 44845 45193 45771 ,262327 152908 685872 529428 905426 683349 363641 497795 222224 548424 ,36089 41203 42703 42894 44424 44522 44845 45193 45771 46894 
806260 806155 363949 228573 833781 452747 122222 242413 725047 495030 ,44393 47355 56049 56877 57326 57709 57989 58449 58465 59752 ,806260 806155 363949 228573 833781 452747 122222 242413 725047 219108 ,44393 47355 56049 56877 57326 57709 57989 58449 58465 59799 
673488 325497 350744 1547 784931 805173 297913 277167 795275 337246 ,65525 66727 67203 68501 71551 71766 73598 74013 74031 75065 ,673488 325497 350744 1547 784931 805173 297913 277167 795275 337246 ,65525 66727 67203 68501 71551 71766 73598 74013 74031 75065 
343433 296653 239576 305862 87433 693959 319681 11579 179118 932962 ,61841 65641 78527 78586 78683 80912 82906 83221 84151 84260 ,343433 296653 239576 305862 87433 693959 319681 11579 179118 932962 ,61841 65641 78527 78586 78683 80912 82906 83221 84151 84260 
69034 280445 709767 596493 1260 748149 31471 63287 86124 988028 ,74964 78514 82642 85779 92604 92903 94049 94053 94591 95863 ,69034 280445 709767 596493 1260 748149 31471 63287 86124 988028 ,74964 78514 82642 85779 92604 92903 94049 94053 94591 95863 
722112 822943 646744 107811 749296 866840 149437 960526 915360 958772 ,51708 56058 57588 59838 60363 60426 61024 61303 64044 65736 ,722112 822943 646744 107811 749296 866840 149437 960526 915360 958772 ,51708 56058 57588 59838 60363 60426 61024 61303 64044 65736 
298776 677120 563592 353197 11319 907833 926041 338738 364105 19912 ,69474 75731 77168 82778 89016 91375 91931 92519 94326 94654 ,298776 677120 563592 353197 11319 907833 926041 338738 364105 19912 ,69474 75731 77168 82778 89016 91375 91931 92519 94326 94654 
341299 989064 586387 977420 201568 176537 139309 562888 122556 983387 ,71380 71460 72857 73363 76830 77840 79118 79976 80378 80765 ,341299 989064 586387 977420 201568 176537 139309 562888 122556 983387 ,71380 71460 72857 73363 76830 77840 79118 79976 80378 80765 
684477 168474 684823 164591 719158 719165 684332 168768 377286 520890 ,34196 40336 41017 41957 41994 42289 43095 43336 43414 43738 ,684477 168474 684823 719158 719165 168768 377286 520890 688 964778 ,34196 40336 41017 41994 42289 43336 43414 43738 44481 44659 
471956 736251 719135 179219 208300 389834 514290 606753 712962 119078 ,49924 52489 53317 53907 57663 57765 58243 59135 59293 59899 ,471956 736251 719135 179219 389834 514290 606753 712962 119078 169231 ,49924 52489 53317 53907 57765 58243 59135 59293 59899 60309 
976869 17052 272156 17942 311640 630055 182946 684599 132146 275740 ,62578 66367 67535 70368 74187 75434 76954 77329 78418 78722 ,976869 17052 17942 311640 630055 182946 684599 132146 275740 249709 ,62578 66367 70368 74187 75434 76954 77329 78418 78722 78928 
532742 152146 549711 694335 942016 627178 827394 482644 600189 489390 ,48559 50896 51363 53004 53187 53321 53591 54099 54300 55233 ,694335 627178 827394 795000 92209 518085 395719 407159 92474 678727 ,53004 53321 53591 57830 58612 59274 59792 60627 60847 61389 
704045 392830 569983 840470 405308 956688 463355 243309 186785 348861 ,65688 69417 71923 73511 74366 76728 79521 79956 81371 82465 ,704045 392830 569983 840470 405308 956688 463355 243309 186785 348861 ,65688 69417 71923 73511 74366 76728 79521 79956 81371 82465 
317259 670475 243127 492487 425679 332776 986428 767101 694274 280345 ,72803 74267 76116 78556 81731 81846 82976 83556 85398 85770 ,317259 670475 243127 492487 425679 332776 986428 767101 694274 280345 ,72803 74267 76116 78556 81731 81846 82976 83556 85398 85770 
783248 132586 867942 819350 141132 134302 455478 313581 632100 256974 ,52891 67009 67211 68657 70939 71830 75024 76001 76830 77326 ,783248 867942 819350 141132 134302 455478 313581 632100 256974 600350 ,52891 67211 68657 70939 71830 75024 76001 76830 77326 77327 
90746 312113 465901 859393 659003 284695 821040 522871 680275 745749 ,51508 71575 74715 77224 80620 81887 82062 82162 83436 83615 ,90746 312113 465901 859393 659003 284695 821040 522871 680275 745749 ,51508 71575 74715 77224 80620 81887 82062 82162 83436 83615 
628289 454014 17428 705453 746971 678337 13504 876884 494882 503047 ,52596 55855 60761 63144 65025 65729 67436 68233 69590 70087 ,628289 454014 17428 705453 746971 678337 13504 876884 494882 503047 ,52596 55855 60761 63144 65025 65729 67436 68233 69590 70087 
242534 725053 430997 364501 941030 703046 401216 662089 323682 789391 ,97493 105661 107607 107919 110836 112204 112949 113787 114013 114256 ,242534 725053 430997 364501 941030 703046 401216 662089 323682 789391 ,97493 105661 107607 107919 110836 112204 112949 113787 114013 114256 
149572 474856 42372 518486 594894 272988 125483 893134 326576 643091 ,41597 51342 51469 56251 58817 61717 62016 62372 63440 64334 ,474856 42372 518486 272988 125483 893134 326576 643091 55102 62063 ,51342 51469 56251 61717 62016 62372 63440 64334 64630 65049 
195673 274489 971758 143729 915496 987574 963403 916875 909006 157419 ,60230 60230 62960 63840 64906 65056 65316 65429 66590 67158 ,274489 195673 971758 143729 915496 987574 963403 916875 909006 157419 ,60230 60230 62960 63840 64906 65056 65316 65429 66590 67158 
927535 302663 200857 264267 373118 501742 719811 336003 577524 204090 ,47027 56606 60835 64417 65100 66593 67140 67207 68355 68485 ,302663 200857 264267 373118 501742 719811 336003 577524 204090 323532 ,56606 60835 64417 65100 66593 67140 67207 68355 68485 69193 
6266 934856 724357 464914 516571 748912 474568 464896 64801 738812 ,28549 31853 32137 32212 33980 35683 35792 36370 36527 38177 ,6266 934856 724357 464914 516571 748912 474568 64801 738812 599052 ,28549 31853 32137 32212 33980 35683 35792 36527 38177 38258 
126132 406604 977661 928809 689738 491423 670881 473186 78696 952508 ,54343 58401 59387 59497 60845 61283 61352 61434 61538 61684 ,126132 406604 977661 928809 689738 491423 670881 78696 952508 421540 ,54343 58401 59387 59497 60845 61283 61352 61538 61684 61955 
951291 450075 988161 1564 741954 518570 847659 899910 562535 197546 ,47314 50595 51184 51611 52878 53233 53945 54066 54193 54377 ,951291 450075 988161 1564 741954 518570 847659 899910 562535 455776 ,47314 50595 51184 51611 52878 53233 53945 54066 54193 54401 
228199 973358 263927 314831 262479 189060 321895 939514 322458 722089 ,48595 53434 56944 59099 60313 62217 63344 63627 64268 64295 ,228199 973358 263927 314831 262479 189060 321895 939514 322458 722089 ,48595 53434 56944 59099 60313 62217 63344 63627 64268 64295 
717388 547934 488990 467412 614991 517310 164857 738679 139474 266819 ,57231 58075 58248 60087 60230 60329 61596 61704 62019 62128 ,717388 547934 488990 467412 614991 164857 738679 139474 266819 51940 ,57231 58075 58248 60087 60230 61596 61704 62019 62128 63037 
482649 933974 933380 868561 97484 221167 86793 391263 354666 524022 ,56885 58473 59316 59983 60308 62623 62858 63946 64689 64821 ,482649 933974 933380 868561 97484 221167 86793 391263 354666 524022 ,56885 58473 59316 59983 60308 62623 62858 63946 64689 64821 
609206 43251 406822 967993 201900 797369 478377 99697 396416 321644 ,102786 106828 107455 108085 109857 111304 112874 113884 116768 117316 ,609206 43251 406822 967993 201900 797369 478377 99697 396416 321644 ,102786 106828 107455 108085 109857 111304 112874 113884 116768 117316 
196894 369304 154723 13149 544149 859734 748661 429838 724726 370007 ,63502 64435 64529 65176 66808 68260 70473 71146 72248 72450 ,154723 13149 544149 436925 303271 481524 153827 507171 751178 89340 ,64529 65176 66808 73490 74934 75149 75162 75662 76457 76671 
393655 177710 632736 635772 169699 458725 71931 177070 155813 224889 ,68151 71125 71182 73263 74574 75448 76729 76998 77105 77710 ,393655 177710 632736 635772 169699 458725 71931 177070 155813 224889 ,68151 71125 71182 73263 74574 75448 76729 76998 77105 77710 
576414 97564 718290 296521 835401 63344 716624 515932 724960 978056 ,103089 108845 111228 112405 112470 114759 116819 118406 118771 119452 ,576414 97564 718290 296521 835401 63344 716624 515932 724960 978056 ,103089 108845 111228 112405 112470 114759 116819 118406 118771 119452 
970334 577078 461413 242228 591732 678280 548615 270203 61354 92352 ,77260 83648 91238 92453 93675 93924 96604 99316 101500 101515 ,970334 577078 461413 242228 591732 678280 270203 61354 92352 273703 ,77260 83648 91238 92453 93675 93924 99316 101500 101515 101598 
790813 453777 871188 37060 703359 383384 740954 874566 204351 268629 ,75640 89170 95897 95919 97393 97443 97501 97727 98586 98586 ,790813 453777 871188 703359 383384 740954 268629 204351 747138 44429 ,75640 89170 95897 97393 97443 97501 98586 98586 98713 99167 
110725 185827 141314 177017 454099 435103 530172 789141 751821 297040 ,63027 65051 65187 68341 68872 69818 69974 71689 72329 72448 ,110725 185827 141314 177017 454099 435103 530172 789141 751821 297040 ,63027 65051 65187 68341 68872 69818 69974 71689 72329 72448 
735234 62856 31361 194889 72663 462224 432069 422128 712709 826974 ,75077 77742 79111 82156 82158 82627 83556 85410 85859 86597 ,735234 62856 31361 194889 72663 462224 432069 422128 712709 826974 ,75077 77742 79111 82156 82158 82627 83556 85410 85859 86597 
930239 974279 957546 14960 991554 600165 134082 619494 958571 860219 ,56790 57381 59022 63798 64558 64654 64720 65190 65965 67942 ,930239 974279 957546 14960 991554 600165 134082 619494 958571 860219 ,56790 57381 59022 63798 64558 64654 64720 65190 65965 67942 
939264 32580 63610 936277 697486 952575 946431 296903 577002 921153 ,67862 80520 83852 84483 84955 85007 85038 85851 87347 89224 ,939264 32580 63610 936277 697486 952575 946431 296903 577002 921153 ,67862 80520 83852 84483 84955 85007 85038 85851 87347 89224 
732204 482394 663549 684237 295680 358435 70156 353226 616004 530775 ,54692 57404 58256 58615 61450 61499 61709 61892 62154 62644 ,732204 482394 684237 295680 358435 70156 616004 530775 256081 663442 ,54692 57404 58615 61450 61499 61709 62154 62644 63115 63476 
342926 306767 948799 13350 282971 351573 153581 513358 110872 461473 ,34923 36443 42395 43367 43719 45453 45513 47460 47481 47627 ,648313 340014 533623 80901 279159 860876 305805 719796 95977 634241 ,48045 50376 50603 50780 52188 52267 52391 52846 54745 54970 
59428 71223 491319 185749 967754 549054 615885 296562 465580 372265 ,54636 56175 59609 60521 61067 62294 63140 63320 64347 64729 ,59428 71223 491319 185749 967754 549054 615885 296562 465580 372265 ,54636 56175 59609 60521 61067 62294 63140 63320 64347 64729 
353297 47337 47769 353135 413885 341046 301307 305996 442203 221207 ,40031 45804 45866 46346 50868 51466 54763 56514 58554 59121 ,353297 47337 47769 353135 413885 341046 305996 442203 221207 421510 ,40031 45804 45866 46346 50868 51466 56514 58554 59121 59820 
293417 16031 515075 520137 600477 196874 408219 466557 261074 198682 ,71057 71210 71680 77006 77236 79008 80762 80820 80876 82237 ,293417 16031 515075 520137 600477 196874 408219 466557 261074 198682 ,71057 71210 71680 77006 77236 79008 80762 80820 80876 82237 
815245 586206 568698 831242 818677 956318 496338 554013 557989 244322 ,52320 52547 57284 58930 61498 62535 63388 63469 63512 64780 ,815245 586206 568698 831242 818677 956318 496338 554013 557989 244322 ,52320 52547 57284 58930 61498 62535 63388 63469 63512 64780 
763157 927604 968096 525456 549012 464780 748619 468133 272109 511538 ,45390 50051 53947 55197 56598 57606 58444 58750 59912 60141 ,763157 927604 968096 525456 549012 464780 748619 468133 272109 511538 ,45390 50051 53947 55197 56598 57606 58444 58750 59912 60141 
385125 164610 117199 6517 723426 420078 107337 522129 448613 528262 ,40182 44514 45065 46589 47267 47902 48819 49726 50165 50516 ,385125 164610 117199 6517 723426 420078 107337 522129 528262 708914 ,40182 44514 45065 46589 47267 47902 48819 49726 50516 50693 
801362 924599 358391 959080 836430 602598 624029 234475 13812 172687 ,94686 95620 97397 97541 100654 106050 107060 110823 111364 115341 ,801362 924599 358391 959080 836430 602598 624029 234475 13812 172687 ,94686 95620 97397 97541 100654 106050 107060 110823 111364 115341 
711396 509808 204995 269273 477064 371785 633693 477091 434298 136189 ,41831 49179 49834 49834 49847 54068 54455 55065 55388 55565 ,509808 269273 204995 371785 633693 477091 434298 136189 387614 649470 ,49179 49834 49834 54068 54455 55065 55388 55565 57207 57501 
168712 748716 572098 698499 74632 168677 363764 113200 122571 36673 ,63909 65783 67659 68825 69449 69905 70086 70548 70574 70743 ,748716 572098 698499 74632 168677 363764 113200 122571 356783 89958 ,65783 67659 68825 69449 69905 70086 70548 70574 71009 72015 
78357 531456 176516 554368 596468 369910 422593 430946 696353 577625 ,85235 95159 97526 99163 100959 104794 105187 106663 107780 107859 ,78357 531456 176516 554368 596468 369910 422593 430946 696353 577625 ,85235 95159 97526 99163 100959 104794 105187 106663 107780 107859 
917344 539180 583157 218150 547536 240408 692956 235650 433204 670858 ,62715 68393 72530 76231 77687 78141 78222 78331 79744 79998 ,917344 539180 583157 218150 547536 240408 692956 235650 433204 670858 ,62715 68393 72530 76231 77687 78141 78222 78331 79744 79998 
269689 723620 993539 915470 742973 784012 561302 723664 939649 334578 ,76043 76896 77218 80903 82468 82750 83722 84137 84470 85045 ,269689 723620 993539 915470 742973 784012 561302 723664 939649 334578 ,76043 76896 77218 80903 82468 82750 83722 84137 84470 85045 
326545 705918 322165 11319 271603 487375 549300 875295 350692 452197 ,91962 92422 93509 97541 99377 100751 101049 101133 101393 102259 ,326545 705918 322165 11319 271603 487375 549300 875295 350692 452197 ,91962 92422 93509 97541 99377 100751 101049 101133 101393 102259 
101798 507550 953903 892864 23830 176561 646739 190447 609747 750549 ,61837 67269 67298 67812 69932 70728 72343 73938 74476 76113 ,101798 507550 953903 892864 23830 176561 646739 190447 609747 750549 ,61837 67269 67298 67812 69932 70728 72343 73938 74476 76113 
892128 58226 62980 897759 566725 463596 35467 107353 880186 421540 ,44989 50150 51390 53715 54729 55033 56807 57072 57524 59414 ,62980 566725 880186 421540 450174 256056 553317 552417 17326 922495 ,51390 54729 57524 59414 59770 62066 63161 63727 64026 64659 
946872 337719 670608 205131 658407 435043 215149 902590 523586 378469 ,54908 60522 68446 68834 70023 72380 75369 76615 76949 77786 ,946872 337719 670608 205131 658407 435043 215149 902590 523586 378469 ,54908 60522 68446 68834 70023 72380 75369 76615 76949 77786 
394751 470991 481066 174755 471140 60946 416912 87209 387211 306837 ,59422 62583 64973 66686 67383 67993 68505 69442 69443 69780 ,394751 470991 481066 174755 471140 60946 416912 87209 387211 306837 ,59422 62583 64973 66686 67383 67993 68505 69442 69443 69780 
200893 201390 397379 100773 922805 617346 563872 984691 276417 913653 ,38284 41711 42042 43288 44034 45208 45737 45869 46109 46588 ,200893 201390 397379 100773 922805 617346 563872 984691 276417 913653 ,38284 41711 42042 43288 44034 45208 45737 45869 46109 46588 
464616 595724 209287 664898 30493 4467 783149 656666 361297 721807 ,78279 79183 79196 80338 81429 81597 81827 82139 82225 82641 ,464616 595724 30493 783149 656666 361297 721807 455117 626287 108648 ,78279 79183 81429 81827 82139 82225 82641 83449 84066 86093 
854527 432507 285042 254595 875871 510360 563333 967845 59219 589668 ,59440 59836 64078 64354 67114 68001 68002 68955 68999 69376 ,854527 432507 285042 254595 875871 510360 563333 59219 589668 142997 ,59440 59836 64078 64354 67114 68001 68002 68999 69376 69396 
364043 800236 389831 516789 215152 323634 143336 182351 830947 297340 ,29739 29794 30242 31253 31512 32225 32351 32789 33008 33082 ,800236 389831 516789 215152 143336 182351 830947 297340 99282 367441 ,29794 30242 31253 31512 32351 32789 33008 33082 33165 33315 
75908 67710 308460 487893 420255 237621 314286 235144 255593 17504 ,66017 67430 68163 68166 68988 69037 69255 70923 71498 71799 ,75908 67710 308460 487893 420255 237621 314286 235144 255593 17504 ,66017 67430 68163 68166 68988 69037 69255 70923 71498 71799 
947494 82129 959928 777246 295957 109648 639521 554788 376204 645524 ,64274 78707 84537 87742 99691 100227 104416 105482 105546 109794 ,947494 82129 959928 777246 295957 109648 639521 554788 376204 645524 ,64274 78707 84537 87742 99691 100227 104416 105482 105546 109794 
578919 343857 944767 590009 774399 828103 551089 806998 585438 989988 ,90103 101967 112160 112747 113719 115231 116413 117046 117531 117658 ,578919 343857 944767 590009 774399 828103 551089 806998 585438 989988 ,90103 101967 112160 112747 113719 115231 116413 117046 117531 117658 
460858 59914 466918 416141 903098 930436 692903 90819 182563 791338 ,87069 98586 103077 104693 105986 107098 108024 108481 109130 109631 ,460858 59914 466918 416141 903098 930436 692903 90819 182563 791338 ,87069 98586 103077 104693 105986 107098 108024 108481 109130 109631 
744737 272811 256404 404514 360391 633019 510395 514759 305249 952719 ,73298 84464 85273 86176 86624 89532 92941 93120 93434 93603 ,744737 272811 256404 404514 360391 633019 510395 514759 305249 952719 ,73298 84464 85273 86176 86624 89532 92941 93120 93434 93603 
272870 42560 342722 172918 634086 181356 76790 405565 640780 966062 ,67793 70543 73731 74779 75051 75334 84123 85617 85829 87299 ,272870 42560 342722 172918 634086 181356 76790 405565 640780 966062 ,67793 70543 73731 74779 75051 75334 84123 85617 85829 87299 
88235 747708 51567 636033 5788 521028 79540 482167 375889 459803 ,49993 52187 52610 54890 56533 57378 58998 59265 60335 60619 ,88235 747708 51567 636033 5788 521028 79540 482167 375889 459803 ,49993 52187 52610 54890 56533 57378 58998 59265 60335 60619 
268259 152176 289254 345735 996458 107487 5395 32117 622081 685491 ,81554 93211 96677 99386 107240 109204 109249 109721 109952 111555 ,268259 152176 289254 345735 996458 107487 5395 32117 622081 685491 ,81554 93211 96677 99386 107240 109204 109249 109721 109952 111555 
633254 681919 536122 940248 75056 501820 12355 437581 861930 686224 ,50463 53188 59945 62986 63235 63298 64601 67482 68248 69492 ,633254 681919 536122 940248 75056 501820 12355 437581 861930 686224 ,50463 53188 59945 62986 63235 63298 64601 67482 68248 69492 
802465 138493 262145 420368 785861 393209 110940 12331 367379 665641 ,59141 59428 63414 63502 64769 65070 65824 65920 66425 67031 ,802465 138493 262145 420368 785861 393209 110940 12331 367379 665641 ,59141 59428 63414 63502 64769 65070 65824 65920 66425 67031 
797840 481794 926576 826197 951587 65234 639759 12781 749959 594909 ,61131 71531 75410 80100 81313 81505 81655 84074 85275 87302 ,797840 481794 926576 826197 951587 65234 639759 12781 749959 594909 ,61131 71531 75410 80100 81313 81505 81655 84074 85275 87302 
690630 690836 725311 112247 302079 181714 298367 967659 496664 364265 ,40538 42527 43916 47589 51190 51407 51790 52267 52387 52397 ,690630 690836 725311 112247 302079 181714 298367 967659 496664 364265 ,40538 42527 43916 47589 51190 51407 51790 52267 52387 52397 
565496 449271 21338 404222 241589 614423 372222 934477 437324 269600 ,49606 63185 63948 67336 71277 71763 72814 73274 73669 74504 ,565496 449271 21338 404222 241589 614423 372222 269600 867138 562120 ,49606 63185 63948 67336 71277 71763 72814 74504 74906 75716 
759174 264155 700796 68763 926455 748183 145271 88697 752152 209226 ,73065 74686 78292 78627 78751 81188 81511 82464 84352 86492 ,759174 264155 700796 68763 926455 748183 145271 88697 752152 209226 ,73065 74686 78292 78627 78751 81188 81511 82464 84352 86492 
526561 711314 191837 663047 128381 598443 535936 470857 300901 380688 ,75343 79484 84720 92552 94161 98576 99993 102460 103064 103412 ,526561 711314 191837 663047 128381 598443 535936 470857 300901 380688 ,75343 79484 84720 92552 94161 98576 99993 102460 103064 103412 
519817 100756 110623 879799 561243 697008 259403 968873 571589 691830 ,53947 55962 67033 67305 72499 74042 76306 77932 78041 80675 ,519817 100756 110623 879799 561243 697008 259403 968873 571589 691830 ,53947 55962 67033 67305 72499 74042 76306 77932 78041 80675 
270711 309816 77035 561616 800274 153222 788650 366827 266650 341641 ,73580 73736 75322 79193 79913 81515 82212 82235 82534 83133 ,270711 309816 77035 561616 800274 153222 788650 366827 266650 341641 ,73580 73736 75322 79193 79913 81515 82212 82235 82534 83133 
729471 89860 20038 254520 342483 929255 728943 215149 527754 350624 ,37192 40384 43226 44455 44556 45734 46542 46905 47605 48208 ,729471 89860 20038 254520 342483 929255 728943 215149 527754 350624 ,37192 40384 43226 44455 44556 45734 46542 46905 47605 48208 
492790 871625 127024 12789 844647 169694 302 513537 921690 225074 ,47280 48358 50065 51604 51886 51974 53057 53155 53233 53372 ,492790 871625 127024 12789 844647 169694 302 513537 921690 225074 ,47280 48358 50065 51604 51886 51974 53057 53155 53233 53372 
163229 410755 789818 158503 169326 219549 182288 950009 370827 752349 ,69001 72035 73683 74104 75434 76868 78091 78129 79410 79447 ,163229 410755 789818 158503 169326 219549 182288 950009 370827 959916 ,69001 72035 73683 74104 75434 76868 78091 78129 79410 79969 
16002 619063 669315 215673 409343 972835 463948 131045 394550 746656 ,67352 74616 81030 83501 84000 84821 89029 90130 90857 91691 ,16002 619063 669315 215673 409343 972835 463948 131045 394550 746656 ,67352 74616 81030 83501 84000 84821 89029 90130 90857 91691 
281589 68248 439365 377921 101053 778821 240232 285192 712938 465617 ,71011 73542 77176 79983 81378 82518 82715 83272 83349 83378 ,281589 68248 439365 377921 101053 778821 240232 285192 712938 465617 ,71011 73542 77176 79983 81378 82518 82715 83272 83349 83378 
951595 556864 865542 65821 82486 950907 449392 241916 627966 879809 ,44369 51512 52619 53733 54447 54738 54890 55490 55522 55894 ,951595 556864 865542 65821 82486 950907 449392 241916 627966 879809 ,44369 51512 52619 53733 54447 54738 54890 55490 55522 55894 
283137 251091 651848 374907 252537 542434 886456 758427 638135 711096 ,31763 32190 36328 37134 38561 39414 40245 40489 40636 40676 ,283137 251091 651848 252537 542434 886456 758427 638135 711096 996714 ,31763 32190 36328 38561 39414 40245 40489 40636 40676 40865 
480803 9353 766702 692372 97602 808446 229134 262876 980905 577974 ,56626 76839 84926 90445 92516 92852 93377 94674 95059 96971 ,480803 9353 766702 692372 97602 808446 229134 262876 980905 577974 ,56626 76839 84926 90445 92516 92852 93377 94674 95059 96971 
71398 110981 355744 51444 679275 810097 236561 197709 779139 580108 ,47491 51888 51907 52060 53521 54042 54153 54866 55259 55407 ,71398 110981 355744 51444 679275 810097 236561 197709 580108 546330 ,47491 51888 51907 52060 53521 54042 54153 54866 55407 55670 
195343 269068 161961 973348 533648 519018 81172 698840 401353 351207 ,62350 63484 66720 72079 77595 78080 78196 79672 80566 80773 ,195343 269068 161961 973348 533648 519018 81172 698840 401353 351207 ,62350 63484 66720 72079 77595 78080 78196 79672 80566 80773 
860217 790121 22043 840947 197205 657609 798293 430947 439594 97781 ,78087 78226 79857 80992 83555 83827 83911 84072 84881 85129 ,860217 790121 22043 840947 197205 657609 798293 430947 439594 97781 ,78087 78226 79857 80992 83555 83827 83911 84072 84881 85129 
782967 223922 916768 484496 998445 202906 688309 485396 210106 100608 ,58373 68021 71363 71497 72510 72808 73190 75791 76686 77733 ,782967 223922 916768 484496 998445 202906 688309 485396 210106 100608 ,58373 68021 71363 71497 72510 72808 73190 75791 76686 77733 
305805 306266 688837 24290 770646 322328 109950 110406 473549 778692 ,28317 30217 34533 34878 35761 36060 36218 36604 36770 36824 ,305805 306266 688837 24290 770646 322328 109950 110406 473549 573674 ,28317 30217 34533 34878 35761 36060 36218 36604 36770 36956 
518538 521 513843 283720 597083 615716 136214 326442 742055 877032 ,75927 80223 86040 89719 90772 91691 92416 93635 94168 94370 ,518538 521 283720 597083 615716 136214 326442 742055 877032 506512 ,75927 80223 89719 90772 91691 92416 93635 94168 94370 94421 
956227 483228 762245 518036 454693 940134 204044 268322 64909 367745 ,61504 62429 62966 63146 66494 67164 67275 67275 70548 71607 ,956227 483228 762245 518036 454693 940134 204044 268322 64909 367745 ,61504 62429 62966 63146 66494 67164 67275 67275 70548 71607 
655532 55616 216070 744527 6910 850986 961735 112374 869180 5711 ,40172 40543 44618 45932 46415 46915 46931 47151 47564 49305 ,655532 55616 216070 744527 6910 850986 961735 112374 869180 5711 ,40172 40543 44618 45932 46415 46915 46931 47151 47564 49305 
341292 210040 606546 703421 911646 506533 708095 753444 273739 18948 ,101650 111873 116477 116893 118240 118668 120952 122446 124536 125530 ,341292 210040 606546 703421 911646 506533 708095 753444 273739 18948 ,101650 111873 116477 116893 118240 118668 120952 122446 124536 125530 
998002 813673 264458 661070 635651 250301 114156 833045 562528 255440 ,47524 49419 57154 57274 57350 57617 60718 61712 62602 63106 ,998002 813673 264458 661070 635651 250301 114156 833045 562528 255440 ,47524 49419 57154 57274 57350 57617 60718 61712 62602 63106 
271865 435959 433513 385334 385864 431650 951214 459435 688249 780637 ,70045 71070 71988 72449 74094 76872 76909 77009 77336 78495 ,271865 435959 433513 385334 431650 459435 688249 780637 486744 838989 ,70045 71070 71988 72449 76872 77009 77336 78495 78802 78935 
928250 566165 702177 451967 402119 211787 735719 339748 730808 185212 ,84955 96616 98632 101015 105852 107005 107843 108511 109526 110531 ,928250 566165 702177 451967 402119 211787 735719 339748 730808 185212 ,84955 96616 98632 101015 105852 107005 107843 108511 109526 110531 
306294 505877 534842 934329 357335 143140 493031 63497 599371 629686 ,55801 64013 65973 66047 66863 69296 69502 70382 72656 74467 ,306294 505877 534842 934329 357335 143140 493031 63497 599371 629686 ,55801 64013 65973 66047 66863 69296 69502 70382 72656 74467 
571737 636958 516731 935863 999031 248124 895675 998720 248780 57001 ,35490 39833 42765 42765 43388 43781 44145 45733 45818 45943 ,571737 636958 516731 935863 999031 248124 895675 998720 248780 57001 ,35490 39833 42765 42765 43388 43781 44145 45733 45818 45943 
973505 82731 823874 781491 752200 287845 490118 309308 84036 792192 ,70366 80248 83912 84889 86081 86115 86430 87669 90167 90424 ,973505 82731 823874 781491 752200 490118 84036 792192 926386 85288 ,70366 80248 83912 84889 86081 86430 90167 90424 91137 91369 
659530 227624 914506 250013 243507 112231 849516 403946 597264 438153 ,61727 67351 73206 73275 73442 73819 74582 75551 76082 76524 ,659530 227624 914506 250013 243507 112231 597264 438153 531331 772445 ,61727 67351 73206 73275 73442 73819 76082 76524 77369 77840 
634388 690043 430293 454697 464831 122025 84382 224631 686150 359521 ,68186 68213 70202 70441 71949 72540 74536 76985 77326 78403 ,634388 690043 430293 454697 464831 122025 84382 224631 686150 359521 ,68186 68213 70202 70441 71949 72540 74536 76985 77326 78403 
180406 379386 27727 2950 70145 794658 401064 34169 55198 568692 ,71283 72768 73116 74700 76506 77189 80285 81594 82903 84200 ,180406 379386 27727 2950 70145 794658 401064 34169 55198 568692 ,71283 72768 73116 74700 76506 77189 80285 81594 82903 84200 
935863 480487 773619 951787 869654 477948 378850 963687 14987 973207 ,51320 66015 71671 77053 79707 81716 83080 83488 84693 85384 ,935863 480487 773619 951787 869654 477948 378850 963687 14987 973207 ,51320 66015 71671 77053 79707 81716 83080 83488 84693 85384 
525843 782419 406972 614134 742244 740409 992554 99364 194986 198799 ,59599 67531 77258 78014 78301 78617 80273 81021 81268 82214 ,525843 782419 406972 614134 742244 740409 992554 99364 194986 198799 ,59599 67531 77258 78014 78301 78617 80273 81021 81268 82214 
437948 821341 679314 783205 633467 931154 676309 908121 562801 820236 ,81604 82661 82761 86402 89134 89325 89336 89871 90203 91685 ,437948 821341 679314 783205 931154 676309 908121 562801 820236 582371 ,81604 82661 82761 86402 89325 89336 89871 90203 91685 92070 
167064 631041 807975 229900 784539 174331 499280 475974 914763 92424 ,60077 63833 69371 70892 71635 73477 74068 74598 75332 79435 ,167064 631041 807975 229900 784539 174331 499280 475974 914763 92424 ,60077 63833 69371 70892 71635 73477 74068 74598 75332 79435 
138454 550966 166757 927489 266199 160882 459473 356259 507990 412742 ,67391 71484 74530 75138 75313 75424 75942 76322 76472 76493 ,138454 550966 166757 927489 266199 160882 459473 356259 507990 412742 ,67391 71484 74530 75138 75313 75424 75942 76322 76472 76493 
788387 590247 503427 382936 660089 130258 591249 484546 212983 929208 ,65060 68283 70909 70915 70988 71909 72341 73152 73187 74858 ,788387 590247 503427 382936 660089 130258 212983 929208 379539 571016 ,65060 68283 70909 70915 70988 71909 73187 74858 75700 76093 
802812 73103 913950 518085 448352 4941 706133 45976 481466 225648 ,69520 72019 90424 91018 92394 96224 96816 97261 97762 98424 ,802812 73103 913950 518085 448352 4941 706133 45976 481466 225648 ,69520 72019 90424 91018 92394 96224 96816 97261 97762 98424 
284237 649870 256404 468938 661509 515932 556006 944163 30791 202318 ,108494 113562 120184 130170 130632 136877 145280 146089 150032 150647 ,284237 649870 256404 468938 661509 515932 556006 944163 30791 202318 ,108494 113562 120184 130170 130632 136877 145280 146089 150032 150647 
608329 71420 16507 294341 402207 567340 263883 242863 578410 242565 ,78404 78921 80742 81460 82061 82168 82472 83638 87002 87104 ,608329 71420 16507 294341 402207 567340 263883 242863 578410 242565 ,78404 78921 80742 81460 82061 82168 82472 83638 87002 87104 
462753 93870 629137 91174 517689 107250 312953 416903 972463 347207 ,96921 97924 100633 101679 102829 105339 109842 111322 111978 112066 ,462753 93870 629137 91174 517689 107250 312953 416903 972463 347207 ,96921 97924 100633 101679 102829 105339 109842 111322 111978 112066 
271355 238983 454520 84490 344982 298001 228762 334548 843994 551140 ,60957 62797 64212 66322 67829 67958 68056 68094 68563 69806 ,271355 238983 84490 298001 228762 334548 843994 551140 964149 781624 ,60957 62797 66322 67958 68056 68094 68563 69806 70009 70208 
296041 453169 119086 470658 66981 224235 7063 498363 44980 276197 ,92233 93189 97447 99440 99775 101366 103604 103946 104301 104866 ,296041 453169 119086 470658 66981 224235 7063 498363 44980 276197 ,92233 93189 97447 99440 99775 101366 103604 103946 104301 104866 
628188 810468 244818 596520 177707 125310 71003 596833 332724 555505 ,107130 107816 117067 117529 123874 125013 129257 131283 134919 137387 ,628188 810468 244818 596520 177707 125310 71003 596833 332724 555505 ,107130 107816 117067 117529 123874 125013 129257 131283 134919 137387 
751631 904079 941830 694454 694890 941569 964063 694521 776286 932790 ,55120 60975 61034 61165 61477 61631 61684 61743 62127 62338 ,751631 904079 941830 694454 694890 941569 964063 694521 776286 932790 ,55120 60975 61034 61165 61477 61631 61684 61743 62127 62338 
487479 21663 132259 993674 822627 463107 21289 69962 152355 527705 ,59598 66122 68152 68697 70507 71683 72601 72843 73058 73516 ,487479 21663 132259 993674 463107 21289 69962 152355 527705 300130 ,59598 66122 68152 68697 71683 72601 72843 73058 73516 74229 
64321 755142 774199 516378 490600 756628 470392 554013 98809 265004 ,58927 61565 64806 77808 81857 83584 90204 90571 90950 91757 ,64321 755142 774199 516378 490600 756628 470392 554013 98809 265004 ,58927 61565 64806 77808 81857 83584 90204 90571 90950 91757 
753932 821236 910587 992064 52910 254044 853366 919688 119322 205923 ,28391 31836 33253 34633 37277 37351 37973 38042 39089 39609 ,753932 821236 910587 992064 52910 254044 853366 919688 119322 205923 ,28391 31836 33253 34633 37277 37351 37973 38042 39089 39609 
176659 706510 175886 860142 127249 560240 81364 213509 526964 434022 ,52846 53070 53356 57130 59396 60730 60964 61184 61207 61279 ,176659 706510 175886 860142 127249 560240 81364 213509 526964 434022 ,52846 53070 53356 57130 59396 60730 60964 61184 61207 61279 
203686 861481 238762 409875 610863 359523 400152 165589 107570 35039 ,55966 69767 70449 70880 73251 75114 75293 75314 75819 75863 ,203686 861481 238762 409875 610863 359523 400152 165589 107570 35039 ,55966 69767 70449 70880 73251 75114 75293 75314 75819 75863 
992349 399691 852204 904287 877567 686794 800095 686930 713525 888682 ,75125 79611 80023 84124 84401 84667 84998 85442 85916 86609 ,992349 399691 852204 904287 877567 800095 686930 713525 646372 18879 ,75125 79611 80023 84124 84401 84998 85442 85916 87335 89104 
263217 715828 149143 128195 711923 813004 987344 359411 430950 665143 ,81007 90774 95332 95365 95690 96134 96211 96598 99225 99511 ,263217 715828 149143 128195 711923 813004 987344 359411 430950 665143 ,81007 90774 95332 95365 95690 96134 96211 96598 99225 99511 
142908 871570 59592 883 143682 377222 623432 220048 142528 549768 ,62556 63975 70934 71705 72398 72745 72855 73582 73612 74672 ,142908 871570 59592 883 143682 377222 623432 220048 142528 549768 ,62556 63975 70934 71705 72398 72745 72855 73582 73612 74672 
679976 524505 578789 582051 154618 14960 524195 70677 216568 803788 ,42292 48916 52605 53770 53792 54111 55946 56117 56168 57055 ,679976 524505 578789 582051 154618 14960 524195 70677 216568 803788 ,42292 48916 52605 53770 53792 54111 55946 56117 56168 57055 
845102 696922 945051 331328 17789 197970 628081 613698 764342 666219 ,67807 67956 68926 68983 74733 75661 76178 77410 78830 78898 ,845102 696922 945051 331328 17789 197970 628081 613698 764342 666219 ,67807 67956 68926 68983 74733 75661 76178 77410 78830 78898 
734936 78617 453623 854804 399459 385869 231432 379963 613240 614134 ,83446 84709 90238 92046 94644 96805 100798 108660 110646 118025 ,734936 78617 453623 854804 399459 385869 231432 379963 613240 614134 ,83446 84709 90238 92046 94644 96805 100798 108660 110646 118025 
404167 831672 485947 145273 306803 202086 393031 169412 129146 226575 ,75038 80706 94035 94773 96715 100906 101057 102211 103339 106990 ,404167 831672 485947 145273 306803 202086 393031 169412 129146 226575 ,75038 80706 94035 94773 96715 100906 101057 102211 103339 106990 
387792 627385 256594 401674 440576 837069 659286 484738 663091 591799 ,83178 83628 85119 89070 89368 89605 92589 93878 94994 95415 ,387792 256594 401674 440576 837069 659286 484738 663091 591799 805377 ,83178 85119 89070 89368 89605 92589 93878 94994 95415 96604 
436533 544333 179515 99296 402439 563093 754051 902970 205554 253532 ,47467 49968 56137 57311 57519 57538 57877 58623 59062 59339 ,436533 544333 179515 99296 402439 563093 754051 902970 205554 253532 ,47467 49968 56137 57311 57519 57538 57877 58623 59062 59339 
351913 130505 384695 603542 1545 719790 516660 51326 306300 124681 ,39243 40876 41525 42308 42686 42840 45734 45782 45996 49852 ,351913 130505 384695 603542 1545 719790 516660 51326 306300 124681 ,39243 40876 41525 42308 42686 42840 45734 45782 45996 49852 
812483 442308 883819 27799 620003 333314 764882 409891 568341 853364 ,62754 66159 66756 71480 77446 78470 78912 79537 79939 82883 ,812483 442308 883819 27799 620003 333314 764882 409891 568341 853364 ,62754 66159 66756 71480 77446 78470 78912 79537 79939 82883 
799296 614904 263061 16534 297012 16577 730572 890133 744752 78131 ,30784 33639 33963 34202 35447 36523 37715 37899 38082 39657 ,799296 614904 263061 16534 297012 16577 730572 890133 744752 78131 ,30784 33639 33963 34202 35447 36523 37715 37899 38082 39657 
554657 94861 800283 684213 322174 606830 305354 570031 473659 295327 ,43234 43500 45512 46163 50484 50886 51534 53307 54143 54298 ,554657 94861 800283 684213 322174 606830 305354 570031 473659 295327 ,43234 43500 45512 46163 50484 50886 51534 53307 54143 54298 
974444 282944 587068 325198 324940 708292 455076 970887 141461 408681 ,36113 43741 51526 52080 57730 58481 60617 60796 65788 66854 ,974444 282944 587068 325198 324940 708292 455076 970887 141461 408681 ,36113 43741 51526 52080 57730 58481 60617 60796 65788 66854 
55130 546598 59029 233752 96896 364938 233878 867189 301307 896746 ,60754 69912 80976 115229 116484 139183 144296 145676 151933 161950 ,55130 546598 59029 233752 96896 364938 233878 867189 301307 896746 ,60754 69912 80976 115229 116484 139183 144296 145676 151933 161950 
753915 191051 954067 414361 963711 299419 255508 157301 476177 26761 ,28064 29491 29565 30535 31596 32140 33174 34648 34778 34986 ,753915 191051 954067 963711 299419 157301 476177 26761 954417 298404 ,28064 29491 29565 31596 32140 34648 34778 34986 35399 36597 
188642 698410 246266 82812 100897 83537 68908 170462 391743 227810 ,51173 51197 51359 51721 52119 53319 53534 53688 54478 54505 ,188642 698410 246266 82812 100897 83537 68908 170462 391743 227810 ,51173 51197 51359 51721 52119 53319 53534 53688 54478 54505 
731277 994748 369702 67696 994807 683307 271488 235079 343242 791052 ,12895 33702 34516 34617 37521 37897 39093 40254 40590 40695 ,731277 994748 369702 67696 994807 683307 271488 235079 343242 791052 ,12895 33702 34516 34617 37521 37897 39093 40254 40590 40695 
31643 25286 364344 132627 941799 245868 362123 174181 35394 334022 ,76830 84281 86284 86555 86886 87681 89135 92485 93818 94424 ,31643 25286 364344 132627 941799 245868 362123 174181 35394 334022 ,76830 84281 86284 86555 86886 87681 89135 92485 93818 94424 
601112 107782 834562 170121 36530 834561 724106 127249 261982 700583 ,43242 44812 46252 47073 47481 47941 49552 49918 50148 50303 ,601112 107782 834562 170121 36530 834561 724106 127249 261982 700583 ,43242 44812 46252 47073 47481 47941 49552 49918 50148 50303 
132729 142966 111148 151067 789003 873761 279873 129283 419539 23656 ,32553 41456 42488 42572 43059 43394 44055 44778 46537 46542 ,132729 142966 111148 151067 789003 873761 279873 129283 419539 23656 ,32553 41456 42488 42572 43059 43394 44055 44778 46537 46542 
319877 505018 421602 414506 537031 388248 870801 198598 154564 863173 ,38037 46002 46036 46357 46486 47104 47584 48469 48704 48763 ,319877 505018 421602 414506 537031 388248 870801 198598 154564 863173 ,38037 46002 46036 46357 46486 47104 47584 48469 48704 48763 
732547 732641 732626 777180 777215 604604 605384 732540 77391 674150 ,2798 12718 14486 26138 26315 30978 35554 38317 38516 38792 ,732547 732641 777180 604604 605384 674150 612788 937897 851576 611425 ,2798 12718 26138 30978 35554 38792 39282 39757 40160 42308 
539750 214225 995033 235185 790166 821106 656367 702845 722656 587461 ,54796 57593 59705 61032 61585 62146 63992 66114 67551 67611 ,539750 214225 995033 235185 790166 821106 656367 702845 722656 587461 ,54796 57593 59705 61032 61585 62146 63992 66114 67551 67611 
732562 731555 731955 731567 732547 605769 732641 777189 351071 777180 ,2062 5921 9758 16060 20714 32573 34342 37128 37201 37816 ,732562 731555 731955 731567 732547 605769 732641 777189 351071 777180 ,2062 5921 9758 16060 20714 32573 34342 37128 37201 37816 
346477 749898 866063 332600 874584 86076 218033 874927 35313 149034 ,68876 68917 69794 70038 71094 71549 71922 72869 73203 73525 ,346477 749898 866063 332600 874584 86076 218033 874927 35313 149034 ,68876 68917 69794 70038 71094 71549 71922 72869 73203 73525 
596230 175178 503782 94383 467813 708759 599053 799306 518607 353466 ,54781 64711 66625 66924 70408 72108 72216 72777 73707 73787 ,596230 175178 503782 94383 467813 708759 599053 799306 518607 353466 ,54781 64711 66625 66924 70408 72108 72216 72777 73707 73787 
395836 338738 365357 11319 460526 164257 658502 697249 550939 992114 ,90086 99134 101110 108515 108966 109021 111792 112493 113040 115945 ,395836 338738 365357 11319 460526 164257 658502 697249 550939 992114 ,90086 99134 101110 108515 108966 109021 111792 112493 113040 115945 
806844 681626 684638 161158 292406 750684 31970 818864 632923 832488 ,74816 77432 81287 81889 83739 84899 85055 85959 86297 90662 ,806844 681626 684638 161158 292406 750684 31970 818864 632923 832488 ,74816 77432 81287 81889 83739 84899 85055 85959 86297 90662 
368949 173719 509326 524091 477578 540829 474678 688506 184883 412378 ,56634 59402 62660 64034 64382 66852 67983 69137 69576 69635 ,368949 173719 540829 474678 688506 184883 412378 413473 292069 3846 ,56634 59402 66852 67983 69137 69576 69635 69860 70003 70003 
732897 935329 510654 437504 859519 160173 64326 138645 380021 942737 ,35009 58726 61762 63592 63964 65591 67085 68110 68670 69773 ,859519 160173 380021 605537 98813 196915 948529 380487 665063 380518 ,63964 65591 68670 71057 71784 71856 71933 72329 72449 73779 
564466 874493 103797 452168 545912 173700 861737 634899 711474 632362 ,47740 48797 50296 51915 52963 54402 54446 54470 54894 55007 ,564466 874493 103797 452168 545912 861737 634899 711474 632362 397832 ,47740 48797 50296 51915 52963 54446 54470 54894 55007 55445 
131687 636138 748682 96760 196391 144799 385767 772521 264587 357589 ,86133 88060 88111 88621 96840 97354 97666 97924 98354 99057 ,131687 636138 748682 96760 196391 144799 385767 772521 264587 357589 ,86133 88060 88111 88621 96840 97354 97666 97924 98354 99057 
187882 307036 111846 515404 261861 520731 306486 42883 51833 953326 ,32825 34311 35236 35975 36855 36925 37169 37611 37722 37874 ,187882 307036 111846 515404 261861 520731 306486 42883 51833 953326 ,32825 34311 35236 35975 36855 36925 37169 37611 37722 37874 
279563 108010 556844 449603 103378 471937 441012 521673 930944 517340 ,56941 59434 61585 63006 66168 66182 67923 69896 72458 73796 ,279563 108010 556844 449603 103378 471937 441012 521673 930944 517340 ,56941 59434 61585 63006 66168 66182 67923 69896 72458 73796 
808176 184019 887840 511559 419384 325994 189435 772195 492922 291218 ,56294 57329 57757 66780 67571 68109 72401 74700 77069 78412 ,808176 184019 887840 511559 419384 325994 189435 772195 492922 291218 ,56294 57329 57757 66780 67571 68109 72401 74700 77069 78412 
232269 389612 906209 800078 22620 718208 529562 283012 21746 803153 ,29113 32890 33209 34638 35804 36333 36576 37680 37813 39621 ,232269 389612 906209 800078 22620 718208 283012 21746 803153 23020 ,29113 32890 33209 34638 35804 36333 37680 37813 39621 40381 
483681 980180 459383 12331 436968 867312 747654 286994 757255 483844 ,59228 59947 60196 60874 67676 68112 68400 69476 71244 71448 ,483681 980180 459383 12331 436968 867312 747654 286994 483844 89580 ,59228 59947 60196 60874 67676 68112 68400 69476 71448 71541 
740528 740458 738835 718889 812102 746732 851138 827229 744427 42337 ,18875 24198 24342 29323 36902 37244 39855 41256 44233 47776 ,740458 746732 827229 39094 800832 401595 478140 807923 124983 678671 ,24198 37244 41256 49805 52531 53400 62856 63997 64598 65101 
740869 735326 739182 740600 744715 179935 679416 680541 681024 432859 ,16623 22076 23587 23970 32108 62947 66136 68205 68441 70503 ,740869 735326 740600 744715 179935 680541 681024 432859 749985 132286 ,16623 22076 23970 32108 62947 68205 68441 70503 71126 71466 
448630 896894 207762 948467 970716 57177 416010 141285 576803 540436 ,17987 18262 18837 18992 19005 19031 19067 19180 19765 19773 ,448630 896894 207762 948467 970716 57177 416010 141285 576803 540436 ,17987 18262 18837 18992 19005 19031 19067 19180 19765 19773 
191265 44036 609540 900468 190849 588197 900161 152625 660898 146086 ,13055 14422 14677 14800 15079 15235 15252 15443 15639 15753 ,191265 44036 609540 900468 190849 588197 900161 152625 660898 146086 ,13055 14422 14677 14800 15079 15235 15252 15443 15639 15753 
80761 350423 285607 231130 522338 567760 678208 713426 200046 150346 ,41263 41611 42157 43080 44564 45864 47243 47543 47857 48063 ,80761 350423 285607 231130 522338 567760 678208 713426 200046 150346 ,41263 41611 42157 43080 44564 45864 47243 47543 47857 48063 
799100 414491 540031 421787 519032 518504 332960 250109 617177 40385 ,81960 114648 122788 124704 146398 148102 150973 154999 160655 170315 ,799100 414491 540031 421787 519032 518504 332960 250109 617177 40385 ,81960 114648 122788 124704 146398 148102 150973 154999 160655 170315 
961359 925275 487944 553732 872641 187091 587790 201329 557077 886858 ,60894 64870 67897 74779 75837 77369 78537 79691 79850 80623 ,961359 925275 487944 553732 872641 187091 587790 201329 557077 886858 ,60894 64870 67897 74779 75837 77369 78537 79691 79850 80623 
23260 874292 834710 832325 705074 614565 589631 439743 224255 513352 ,52720 54785 54888 55257 56139 58213 58403 58840 59057 60485 ,23260 874292 834710 832325 589631 439743 224255 877468 988126 575309 ,52720 54785 54888 55257 58403 58840 59057 61108 61828 61906 
110390 635998 598011 628289 843567 842642 822941 948062 490300 434693 ,62743 64250 68990 69235 69509 70865 72418 72919 74125 74211 ,110390 635998 598011 628289 843567 842642 822941 948062 490300 434693 ,62743 64250 68990 69235 69509 70865 72418 72919 74125 74211 
804825 62603 514849 542112 520434 574012 598352 915451 69514 435305 ,70490 71152 78471 81292 83199 83698 88234 88387 89137 89244 ,804825 62603 514849 542112 520434 574012 915451 69514 435305 729850 ,70490 71152 78471 81292 83199 83698 88387 89137 89244 90639 
389746 738795 740581 962613 156605 464323 740636 681114 668649 671347 ,34049 36879 39469 43446 45152 45607 45742 45794 46401 46612 ,389746 738795 740581 962613 156605 464323 740636 681114 668649 929420 ,34049 36879 39469 43446 45152 45607 45742 45794 46401 46807 
733435 614134 282361 477726 812069 731495 318800 986456 756768 559703 ,67002 88788 91358 96724 98533 99059 107443 111638 113127 115236 ,733435 614134 282361 477726 812069 731495 318800 986456 756768 559703 ,67002 88788 91358 96724 98533 99059 107443 111638 113127 115236 
735552 740918 795259 913764 409757 909037 863144 596071 745640 476361 ,44409 46802 49589 51385 52710 53088 55114 56107 56234 57582 ,735552 740918 795259 913764 409757 909037 863144 596071 745640 476361 ,44409 46802 49589 51385 52710 53088 55114 56107 56234 57582 
549237 849089 856757 200306 191843 983579 964577 277345 997053 11367 ,38339 46051 50724 53221 63152 65007 66441 66650 68293 69910 ,549237 849089 856757 200306 191843 983579 964577 277345 997053 11367 ,38339 46051 50724 53221 63152 65007 66441 66650 68293 69910 
765906 50307 406076 56757 448710 716390 162602 871039 475899 559368 ,81285 82333 83158 84836 95994 103880 109886 114408 116467 117254 ,765906 50307 406076 56757 448710 716390 162602 871039 475899 559368 ,81285 82333 83158 84836 95994 103880 109886 114408 116467 117254 
887757 357724 466528 380592 594119 915177 630843 540112 229712 23014 ,84536 92579 96462 96772 97176 98361 98489 99981 100258 100382 ,887757 357724 466528 380592 594119 915177 630843 540112 229712 76421 ,84536 92579 96462 96772 97176 98361 98489 99981 100258 101357 
618136 397330 615746 30466 352659 833393 434313 679310 529729 785771 ,67632 67889 68165 72148 73051 73261 75591 77155 77428 77768 ,618136 397330 615746 352659 833393 434313 679310 529729 785771 156439 ,67632 67889 68165 73051 73261 75591 77155 77428 77768 79026 
267689 435059 461175 15849 564323 710129 595702 531690 31515 663973 ,77445 79947 80501 84237 85870 87378 90149 91153 91353 92115 ,267689 435059 461175 15849 564323 710129 595702 31515 663973 630245 ,77445 79947 80501 84237 85870 87378 90149 91353 92115 93341 
337055 30006 547305 20781 104752 151401 131166 529188 525680 604877 ,28113 28802 31926 33152 34356 34817 35294 38036 38427 39915 ,337055 30006 547305 20781 104752 151401 131166 529188 525680 604877 ,28113 28802 31926 33152 34356 34817 35294 38036 38427 39915 
332907 607291 658961 636896 994017 535250 529113 637953 566318 142424 ,31868 36033 42302 48425 50101 55369 56020 56319 57041 57546 ,332907 607291 658961 636896 994017 535250 529113 637953 566318 142424 ,31868 36033 42302 48425 50101 55369 56020 56319 57041 57546 
421852 397856 50110 232667 618376 339910 771612 669318 7536 33729 ,87831 107154 115420 142673 144021 149355 150341 154759 155262 157675 ,421852 397856 50110 232667 618376 339910 771612 669318 7536 33729 ,87831 107154 115420 142673 144021 149355 150341 154759 155262 157675 
912529 40532 103300 912743 248468 882956 417182 907222 89626 414342 ,50651 52094 52976 54697 55809 58926 59289 60441 60517 61160 ,912529 40532 103300 912743 248468 882956 907222 89626 414342 32159 ,50651 52094 52976 54697 55809 58926 60441 60517 61160 62134 
281026 879393 365099 90567 925400 683822 407767 429617 183076 702895 ,88887 90412 94491 94853 96475 98691 99224 100510 102751 105204 ,281026 879393 365099 90567 925400 683822 407767 429617 183076 702895 ,88887 90412 94491 94853 96475 98691 99224 100510 102751 105204 
645399 235626 528456 674886 522437 205804 762753 444956 204929 602480 ,24072 29292 35682 37406 39384 42485 44911 45064 48957 52186 ,645399 235626 528456 674886 522437 205804 762753 444956 204929 602480 ,24072 29292 35682 37406 39384 42485 44911 45064 48957 52186 
726954 492952 324744 520434 809896 987634 289067 818864 794919 687013 ,77837 82151 85796 89475 89833 90706 91375 91828 93074 93446 ,726954 492952 324744 520434 809896 987634 289067 818864 794919 687013 ,77837 82151 85796 89475 89833 90706 91375 91828 93074 93446 
655965 375601 375073 759243 619617 612644 835457 28076 841237 401394 ,43991 45347 45389 45834 47500 47781 50601 52299 53070 53761 ,655965 375601 375073 759243 619617 612644 835457 28076 841237 401394 ,43991 45347 45389 45834 47500 47781 50601 52299 53070 53761 
2295 386312 253718 921025 43019 389225 241134 539013 881185 478904 ,55753 57175 62301 63124 64071 64204 64463 65865 69046 71866 ,2295 386312 253718 921025 43019 389225 241134 539013 881185 478904 ,55753 57175 62301 63124 64071 64204 64463 65865 69046 71866 
11750 100929 579293 58830 641245 573333 832472 314919 58753 439596 ,79971 83779 84444 88344 92446 95053 96862 97082 98482 99482 ,11750 100929 579293 58830 641245 573333 314919 58753 439596 852966 ,79971 83779 84444 88344 92446 95053 97082 98482 99482 99793 
504439 779053 897464 650765 228395 355312 992251 801631 417566 836940 ,27187 34292 40607 40786 45559 46311 46955 47495 48299 48409 ,779053 355312 992251 417566 836940 490811 281110 207154 134591 900815 ,34292 46311 46955 48299 48409 49701 49922 50675 52072 52466 
224879 451857 843346 711872 741197 101805 29635 59246 470545 453144 ,84935 86971 93253 96664 97269 101102 101331 103225 103971 104784 ,224879 451857 843346 711872 101805 29635 59246 470545 453144 720815 ,84935 86971 93253 96664 101102 101331 103225 103971 104784 105838 
79830 310653 117465 460843 533214 887118 679096 713629 51829 63167 ,65474 69426 70201 70625 73935 74164 74274 74688 76899 78516 ,79830 310653 117465 460843 533214 887118 679096 713629 51829 63167 ,65474 69426 70201 70625 73935 74164 74274 74688 76899 78516 
357282 558135 335636 901115 53540 662354 120136 27916 325942 314285 ,22814 25670 34485 35566 39347 42797 44499 45395 46527 46724 ,357282 558135 335636 901115 53540 662354 120136 27916 325942 314285 ,22814 25670 34485 35566 39347 42797 44499 45395 46527 46724 
598413 38500 580148 115082 692590 475675 893879 709324 256442 634919 ,108364 111347 118092 122115 127306 131760 132203 132898 135094 137731 ,598413 38500 580148 115082 692590 475675 893879 709324 256442 634919 ,108364 111347 118092 122115 127306 131760 132203 132898 135094 137731 
530369 523925 261736 351800 238695 362870 16509 684132 108047 391745 ,63646 64524 69893 75437 76904 78050 79553 81084 83788 85294 ,530369 523925 261736 351800 238695 362870 16509 684132 108047 391745 ,63646 64524 69893 75437 76904 78050 79553 81084 83788 85294 
698634 905368 910736 122191 471784 961155 518496 494794 889016 736486 ,46712 51526 52742 53882 56146 56663 56960 57576 57620 57980 ,698634 905368 910736 122191 471784 961155 518496 494794 889016 736486 ,46712 51526 52742 53882 56146 56663 56960 57576 57620 57980 
797229 683529 786138 693688 291673 747478 548856 68096 352864 778700 ,61063 61945 66573 66588 68230 71936 73167 73377 73405 75128 ,631318 936179 697420 85852 575254 483239 949659 738131 553690 914384 ,88896 90169 90316 91509 92572 94253 95572 96495 97215 97365 
838070 362750 454805 830334 539797 876913 353306 355208 292623 641101 ,45207 46642 47371 51980 52104 52747 52840 53764 54624 55468 ,838070 362750 454805 830334 539797 876913 353306 355208 641101 566529 ,45207 46642 47371 51980 52104 52747 52840 53764 55468 55504 
993035 984625 582213 979466 220795 764703 992013 769684 989307 282874 ,55009 62419 67307 68886 71077 71346 72416 72582 72745 73085 ,993035 984625 582213 979466 220795 764703 992013 769684 989307 282874 ,55009 62419 67307 68886 71077 71346 72416 72582 72745 73085 
993120 114858 572272 206427 750399 818050 180594 304018 958954 716978 ,79255 87188 89152 89201 91784 92955 93940 94530 94671 94748 ,993120 114858 572272 206427 750399 818050 180594 304018 958954 716978 ,79255 87188 89152 89201 91784 92955 93940 94530 94671 94748 
850856 449021 112861 485004 404 107357 125311 971989 110221 209568 ,64501 74505 74932 75543 75827 78719 79577 79768 79965 80037 ,850856 449021 112861 485004 404 107357 125311 110221 209568 975409 ,64501 74505 74932 75543 75827 78719 79577 79965 80037 80214 
186514 916708 654773 443440 768371 893112 224561 829615 857481 719587 ,55412 61854 66600 67371 70725 70801 71288 71595 71786 72681 ,186514 916708 654773 443440 768371 893112 224561 829615 857481 719587 ,55412 61854 66600 67371 70725 70801 71288 71595 71786 72681 
454817 30245 392630 637671 663806 498138 731219 840120 684698 993102 ,71315 71920 72220 72579 75355 75382 76744 76898 77983 78124 ,454817 30245 392630 637671 663806 498138 731219 840120 684698 993102 ,71315 71920 72220 72579 75355 75382 76744 76898 77983 78124 
474447 442886 477591 537889 907196 992030 229469 607707 82407 489064 ,43856 46005 48689 51434 51626 52487 52506 53474 53582 54328 ,474447 442886 477591 537889 907196 992030 229469 607707 82407 489064 ,43856 46005 48689 51434 51626 52487 52506 53474 53582 54328 
753585 915454 634890 558246 895159 82743 515053 677997 43128 77722 ,43184 48808 53732 54086 55296 55304 58336 58611 59717 61143 ,753585 915454 634890 558246 895159 82743 515053 677997 43128 77722 ,43184 48808 53732 54086 55296 55304 58336 58611 59717 61143 
640375 188260 978788 374075 772399 232700 754098 887190 57157 754008 ,25805 33728 37104 39479 45618 47132 50871 50891 51094 51495 ,640375 188260 978788 374075 772399 232700 754098 887190 57157 754008 ,25805 33728 37104 39479 45618 47132 50871 50891 51094 51495 
754229 330403 197088 148905 475822 457113 988620 733492 290013 701866 ,23209 51073 56324 58622 65682 66732 67247 69527 70516 70934 ,148905 733492 290013 146072 742822 733358 123628 640105 832489 605091 ,58622 69527 70516 72287 72662 73802 75404 75432 75981 77391 
47128 879361 667048 896305 522855 981544 558991 447040 979573 446184 ,54235 55780 56571 63845 65255 72179 73803 81460 81514 82171 ,47128 879361 667048 896305 522855 981544 558991 447040 979573 446184 ,54235 55780 56571 63845 65255 72179 73803 81460 81514 82171 
754277 753708 38014 38939 37841 37743 753652 814344 899432 56230 ,7009 19834 20348 26117 26154 26261 26481 29012 29054 29093 ,754277 753708 38014 38939 37841 37743 753652 814344 899432 56230 ,7009 19834 20348 26117 26154 26261 26481 29012 29054 29093 
52511 487832 487378 692145 774442 82812 526509 282923 529123 815303 ,45545 46424 51556 51728 52427 53129 53678 53964 54932 55040 ,52511 487832 487378 692145 774442 82812 526509 282923 529123 815303 ,45545 46424 51556 51728 52427 53129 53678 53964 54932 55040 
52648 255429 52947 537036 521589 260298 754577 754278 255805 256447 ,15749 16987 17625 17976 18370 18935 19348 19892 21110 21652 ,770821 812472 947473 673821 255326 281102 807726 38530 899633 615020 ,22957 24391 27219 27768 28059 28371 29983 30171 31344 31724 
658339 291945 280698 370627 724576 392011 353663 459868 961154 662618 ,38200 38393 39841 41882 41933 42498 43656 44392 44668 45079 ,658339 291945 280698 370627 724576 392011 353663 459868 961154 662618 ,38200 38393 39841 41882 41933 42498 43656 44392 44668 45079 
548867 58625 471910 833759 745743 300704 450898 188719 389123 661307 ,27563 30971 31058 32098 32429 32671 32974 34609 35303 35554 ,548867 58625 471910 833759 745743 300704 450898 188719 389123 661307 ,27563 30971 31058 32098 32429 32671 32974 34609 35303 35554 
69208 903176 962257 246524 523362 716677 431694 303543 97079 822732 ,53890 54453 56083 58860 60786 63549 65609 66237 67293 68847 ,69208 903176 962257 246524 523362 716677 431694 303543 97079 822732 ,53890 54453 56083 58860 60786 63549 65609 66237 67293 68847 
865839 78267 976200 81612 545529 634680 733245 869023 980956 864924 ,47140 60792 61172 62075 64185 68794 69116 69336 70254 72219 ,865839 78267 976200 81612 545529 634680 733245 869023 980956 864924 ,47140 60792 61172 62075 64185 68794 69116 69336 70254 72219 
516542 51830 667388 657344 754984 51402 914725 615191 890275 953039 ,25649 28712 32276 32850 32949 33845 34125 34804 35531 35561 ,516542 51830 667388 657344 754984 51402 914725 615191 890275 953039 ,25649 28712 32276 32850 32949 33845 34125 34804 35531 35561 
753969 753819 754732 968555 419474 754490 399312 754356 44053 286660 ,13344 15873 23200 27181 27596 30374 32037 32476 34077 34357 ,753969 753819 968555 754490 754356 269690 288064 253010 754350 156478 ,13344 15873 27181 30374 32476 38005 39058 40117 42201 42259 
57401 633477 510477 906581 473499 787894 995439 462280 807519 44463 ,71051 87489 112507 113973 116302 117779 117976 121088 135508 135848 ,57401 633477 510477 906581 473499 787894 995439 462280 807519 44463 ,71051 87489 112507 113973 116302 117779 117976 121088 135508 135848 
708806 801800 564681 654004 849542 769092 996922 170076 868755 799397 ,27802 39828 45949 48760 50670 50859 50967 52020 52035 53958 ,708806 801800 564681 654004 849542 769092 996922 170076 868755 799397 ,27802 39828 45949 48760 50670 50859 50967 52020 52035 53958 
180651 806179 180658 177198 474298 431647 208461 584408 142696 530961 ,38760 40103 42366 42899 43272 44239 44577 44792 44898 45310 ,180651 806179 177198 474298 208461 584408 142696 530961 60067 379491 ,38760 40103 42899 43272 44577 44792 44898 45310 45763 46038 
699408 543787 184501 592019 542716 533625 108219 436630 929904 822511 ,53849 67797 67930 68657 69981 70341 70873 70933 72836 73382 ,543787 184501 592019 533625 108219 436630 929904 822511 919635 202627 ,67797 67930 68657 70341 70873 70933 72836 73382 74108 74577 
1067 437889 667712 398747 667769 369815 63411 62360 255628 49191 ,50459 54320 54876 56236 56312 56572 56613 56687 56747 58100 ,1067 437889 667712 398747 667769 369815 63411 62360 49191 176380 ,50459 54320 54876 56236 56312 56572 56613 56687 58100 58784 
897188 644333 558649 849957 50054 50834 814844 686006 52689 688322 ,33732 37282 46659 55218 55552 56674 58763 65524 67867 68538 ,558649 849957 50054 50834 814844 686006 52689 688322 553773 700879 ,46659 55218 55552 56674 58763 65524 67867 68538 71524 75467 
364486 326875 512290 62711 701763 768496 711041 432698 810397 553606 ,32096 33972 61773 66863 70399 88371 88523 88893 97765 100882 ,364486 326875 512290 62711 701763 768496 711041 432698 810397 553606 ,32096 33972 61773 66863 70399 88371 88523 88893 97765 100882 
627800 785078 305533 140416 571440 303295 441259 673215 826373 351329 ,53773 56741 60117 60774 61557 61580 62070 62733 62788 62815 ,785078 305533 140416 571440 303295 441259 673215 826373 351329 224478 ,56741 60117 60774 61557 61580 62070 62733 62788 62815 62848 
755317 990616 807 769805 163498 769791 856836 124460 363 130807 ,27052 43338 53260 54123 54439 55028 55610 56748 56871 56909 ,755317 990616 807 769805 163498 769791 130807 915774 752027 806573 ,27052 43338 53260 54123 54439 55028 56909 57888 58232 60726 
508806 255819 60458 195374 805220 864532 919280 223539 842595 297332 ,52663 57710 59498 61424 61600 62707 63486 63710 64161 65120 ,508806 60458 195374 805220 864532 919280 223539 842595 297332 846369 ,52663 59498 61424 61600 62707 63486 63710 64161 65120 65797 
646050 30204 672173 672175 672739 995532 672515 327114 672222 672731 ,32069 36891 39727 40928 42918 43772 45145 45189 45397 46815 ,646050 30204 672173 672175 672739 995532 672515 327114 672222 672731 ,32069 36891 39727 40928 42918 43772 45145 45189 45397 46815 
536175 292760 854237 293834 351897 293652 296778 293525 350545 502767 ,28861 29695 30331 31625 32455 33638 33817 34100 34958 35342 ,536175 292760 854237 293834 351897 293652 296778 293525 350545 502767 ,28861 29695 30331 31625 32455 33638 33817 34100 34958 35342 
662716 602480 292364 279354 292523 297905 746121 364494 152775 498630 ,47492 49014 49781 49818 53052 55054 55906 55945 58684 59698 ,662716 602480 292364 279354 292523 297905 746121 364494 152775 498630 ,47492 49014 49781 49818 53052 55054 55906 55945 58684 59698 
993208 856608 974936 974677 992322 833304 833044 755918 757442 755752 ,35118 36899 47885 48125 48158 50859 52907 54809 55796 59514 ,993208 856608 974677 992322 833304 833044 755918 757442 755752 856675 ,35118 36899 48125 48158 50859 52907 54809 55796 59514 60041 
757400 895216 758076 373931 851428 373811 764858 974434 858037 974184 ,13544 15838 16774 17550 19786 19933 20383 22812 23348 23506 ,757400 895216 758076 373931 851428 373811 764858 974434 858037 974184 ,13544 15838 16774 17550 19786 19933 20383 22812 23348 23506 
129239 540084 67006 468073 540393 778841 890755 914166 457906 852076 ,57702 64687 67796 73655 73662 73929 91198 91403 91964 93097 ,129239 540084 67006 468073 540393 778841 890755 914166 457906 852076 ,57702 64687 67796 73655 73662 73929 91198 91403 91964 93097 
757668 855644 190651 24353 992575 848545 993193 25895 836736 374729 ,23140 55829 58647 61757 62180 66813 67146 70916 72477 72858 ,757668 855644 190651 24353 992575 848545 993193 25895 836736 374729 ,23140 55829 58647 61757 62180 66813 67146 70916 72477 72858 
506186 79555 396941 114602 336936 285081 93126 506512 784787 263061 ,24192 29030 32670 33373 34243 38841 39405 40034 40057 40844 ,506186 79555 396941 114602 336936 285081 93126 506512 784787 263061 ,24192 29030 32670 33373 34243 38841 39405 40034 40057 40844 
507421 658195 365393 363948 300238 926663 365392 964799 614921 815506 ,26330 31557 35685 38404 39914 41079 41424 41785 42174 42321 ,507421 658195 365393 363948 300238 926663 365392 964799 614921 815506 ,26330 31557 35685 38404 39914 41079 41424 41785 42174 42321 
718738 893857 473662 807644 96903 190846 921294 922049 959742 853906 ,21838 30884 31067 31245 32121 32469 33677 34042 34127 35916 ,718738 96903 959742 853906 420997 764025 472727 912724 894889 893662 ,21838 32121 34127 35916 37978 39718 40210 41244 41386 41617 
300286 382043 335609 476361 312104 154023 308183 506216 826185 627514 ,59481 65291 65337 76850 77799 78048 79592 79895 80314 80625 ,300286 382043 335609 476361 312104 154023 308183 506216 826185 627514 ,59481 65291 65337 76850 77799 78048 79592 79895 80314 80625 
103788 765784 815190 991620 857291 260953 477912 393065 986734 247825 ,66006 75026 82491 88243 95309 112441 114340 117529 119703 121698 ,103788 765784 815190 991620 857291 260953 477912 393065 986734 247825 ,66006 75026 82491 88243 95309 112441 114340 117529 119703 121698 
943477 811280 826151 541453 349237 321063 768326 247825 870845 136065 ,101739 113696 119045 132319 133589 136800 139530 146079 153182 154347 ,943477 811280 826151 541453 349237 321063 768326 247825 870845 136065 ,101739 113696 119045 132319 133589 136800 139530 146079 153182 154347 
859432 876242 730705 852506 934581 988626 958215 620749 832594 759324 ,87620 87700 89216 89825 93179 94801 95823 95841 97823 99573 ,859432 876242 730705 852506 934581 988626 958215 620749 832594 759324 ,87620 87700 89216 89825 93179 94801 95823 95841 97823 99573 
756801 756786 759118 294334 511259 441716 26907 175676 96279 973878 ,16792 19592 28521 58450 59913 61553 61907 62343 62391 63150 ,756801 756786 759118 294334 511259 441716 26907 96279 973878 799795 ,16792 19592 28521 58450 59913 61553 61907 62391 63150 63596 
757249 756694 757165 91684 617872 759669 758178 761647 393375 842734 ,19093 25001 36089 38110 39272 39988 40688 43038 44792 45363 ,757249 756694 757165 91684 617872 758178 761647 393375 842734 279150 ,19093 25001 36089 38110 39272 40688 43038 44792 45363 48584 
611600 889701 191049 540423 660049 916971 886269 609156 416006 998122 ,13938 21064 21216 21477 24063 26941 27130 27617 28227 29223 ,611600 889701 191049 540423 660049 916971 886269 609156 416006 998122 ,13938 21064 21216 21477 24063 26941 27130 27617 28227 29223 
997735 852300 890662 356635 572659 840462 634746 831850 758487 896582 ,75983 80942 83474 84172 87599 90107 91804 93584 93857 95757 ,997735 852300 890662 356635 572659 840462 634746 831850 758487 896582 ,75983 80942 83474 84172 87599 90107 91804 93584 93857 95757 
907226 708997 785128 569991 672990 675729 253853 410598 534437 672793 ,19172 19298 21328 21901 22014 22705 23055 23589 23823 23823 ,907226 708997 785128 569991 672990 675729 253853 410598 534437 672793 ,19172 19298 21328 21901 22014 22705 23055 23589 23823 23823 
234204 170534 409965 692508 158775 170578 260702 853467 732236 136445 ,56107 75891 77166 80377 81422 85700 88209 94715 96410 100958 ,234204 170534 409965 692508 158775 170578 260702 853467 732236 136445 ,56107 75891 77166 80377 81422 85700 88209 94715 96410 100958 
555368 948767 634021 437873 510076 738202 915105 212223 114960 168360 ,46999 61012 63348 63597 67816 68613 68803 69710 70443 72261 ,555368 948767 634021 437873 510076 738202 915105 212223 114960 168360 ,46999 61012 63348 63597 67816 68613 68803 69710 70443 72261 
992212 949541 991898 992249 756487 817493 972427 326062 785034 594355 ,64602 67976 83290 83339 87243 89840 92347 93238 94215 95763 ,949541 991898 817493 972427 326062 785034 594355 854214 191509 975822 ,67976 83290 89840 92347 93238 94215 95763 97018 98035 98821 
292943 544118 958686 494355 475685 700794 576107 659999 59857 524901 ,44056 50687 50761 52466 53815 54883 54917 55271 55387 56196 ,292943 544118 958686 494355 475685 700794 576107 659999 59857 524901 ,44056 50687 50761 52466 53815 54883 54917 55271 55387 56196 
898610 744878 377565 976273 478242 124734 358062 764311 527447 976842 ,110643 124699 128494 129220 132067 133169 139956 141677 145763 147631 ,898610 744878 377565 976273 478242 124734 358062 764311 527447 976842 ,110643 124699 128494 129220 132067 133169 139956 141677 145763 147631 
84174 87486 525320 4737 502308 5300 430997 73879 857476 117494 ,51054 51354 52292 52523 53005 53115 54358 55260 56155 56194 ,84174 87486 525320 4737 502308 5300 430997 73879 857476 117494 ,51054 51354 52292 52523 53005 53115 54358 55260 56155 56194 
912228 827642 48036 913588 905122 997596 81439 563996 861019 960671 ,32291 32296 32478 32984 35340 35368 38015 38386 38908 39069 ,207096 191065 842512 514090 542299 708741 955283 904535 918901 544153 ,42530 42860 45430 46923 47489 47979 48918 49670 49815 50509 
758384 992521 757077 991969 992212 136439 778640 813663 789720 985547 ,24634 39922 61335 62654 70813 72707 73491 73976 74733 76540 ,758384 992521 757077 991969 136439 778640 789720 985547 991964 677165 ,24634 39922 61335 62654 72707 73491 74733 76540 77282 78237 
757178 824147 772585 446844 772190 190867 757017 772185 773232 990045 ,4182 5868 10113 10951 11428 11737 11817 11819 12340 12558 ,757178 824147 772585 446844 772190 190867 757017 772185 773232 990045 ,4182 5868 10113 10951 11428 11737 11817 11819 12340 12558 
848414 878325 557987 835957 240247 251025 597227 763010 144945 257831 ,55843 58904 62946 64056 74538 75725 77314 78311 82400 83103 ,848414 878325 557987 835957 240247 251025 597227 763010 144945 257831 ,55843 58904 62946 64056 74538 75725 77314 78311 82400 83103 
319710 710780 336465 975847 859425 598371 138508 423935 344267 295218 ,106010 108247 112187 115483 117392 122090 128739 134909 137470 137591 ,319710 710780 336465 975847 859425 598371 138508 423935 344267 295218 ,106010 108247 112187 115483 117392 122090 128739 134909 137470 137591 
962346 12992 128847 100816 992212 366874 211787 965139 256811 637518 ,151345 202609 206043 218264 220440 225950 241059 243734 246126 255967 ,962346 12992 128847 100816 992212 366874 211787 965139 256811 637518 ,151345 202609 206043 218264 220440 225950 241059 243734 246126 255967 
78337 472787 854007 750691 368024 922462 990138 464940 110348 599062 ,40221 40537 40814 45761 47423 47568 47953 48627 48961 49300 ,78337 472787 854007 750691 368024 922462 990138 464940 110348 599062 ,40221 40537 40814 45761 47423 47568 47953 48627 48961 49300 
672958 758593 677012 470302 857230 760735 757668 190750 756148 887600 ,72152 73814 81377 89515 92651 97409 97459 100618 100670 102084 ,758593 677012 857230 760735 757668 190750 756148 887600 993193 833153 ,73814 81377 92651 97409 97459 100618 100670 102084 104041 105601 
757444 151152 46908 921034 921888 151299 452456 280946 516868 86235 ,16330 34069 34813 35161 35745 36295 36324 36354 36986 37251 ,757444 151152 921034 921888 151299 452456 280946 516868 86235 748955 ,16330 34069 35161 35745 36295 36324 36354 36986 37251 37423 
405206 952049 790524 473387 190695 84572 578571 556273 404931 57418 ,52366 53495 54100 54870 56684 57300 57518 58982 59420 59688 ,405206 952049 790524 473387 190695 84572 578571 556273 404931 635579 ,52366 53495 54100 54870 56684 57300 57518 58982 59420 59699 
758750 778109 374238 7102 919225 760066 568471 839234 548456 995712 ,27990 51845 52889 53728 53900 65085 65958 66350 79666 80346 ,758750 778109 374238 7102 919225 760066 568471 839234 548456 995712 ,27990 51845 52889 53728 53900 65085 65958 66350 79666 80346 
487683 142953 816156 170673 488662 14486 428513 179191 131409 155262 ,46842 57530 58396 59398 61250 61460 62374 62453 63032 63056 ,487683 142953 816156 170673 14486 428513 179191 131409 155262 742733 ,46842 57530 58396 59398 61460 62374 62453 63032 63056 63292 
816924 248525 801454 944426 996791 958814 904402 191038 639463 836929 ,38192 38965 39633 40353 43638 45075 46890 47310 47526 47818 ,816924 248525 801454 944426 996791 958814 191038 639463 836929 113533 ,38192 38965 39633 40353 43638 45075 47310 47526 47818 47974 
758175 989825 776527 374990 867180 756212 392816 710148 802663 971152 ,30226 41870 56578 58358 59068 61792 62454 62807 64131 64203 ,758175 989825 776527 374990 867180 756212 392816 710148 802663 971152 ,30226 41870 56578 58358 59068 61792 62454 62807 64131 64203 
153091 79976 863145 545848 74614 80605 17609 775536 926615 42511 ,35329 36466 37234 38427 39968 39987 41766 42841 43106 43518 ,153091 79976 863145 545848 74614 80605 775536 926615 42511 526679 ,35329 36466 37234 38427 39968 39987 42841 43106 43518 43614 
363972 523922 111713 730277 670763 403810 698628 524867 549392 414833 ,47250 52818 54488 54877 56441 56685 57377 57390 57413 57561 ,363972 523922 111713 730277 670763 403810 698628 524867 549392 414833 ,47250 52818 54488 54877 56441 56685 57377 57390 57413 57561 
638371 850741 833121 375274 672760 758797 142553 981007 544500 761395 ,30421 32020 34229 34637 40296 40467 45084 52999 54011 54084 ,638371 850741 833121 375274 672760 758797 142553 981007 544500 761395 ,30421 32020 34229 34637 40296 40467 45084 52999 54011 54084 
759284 567312 568519 995737 995879 568411 567193 451133 758734 26379 ,9602 16872 21462 23699 23735 26117 27029 28259 29824 32905 ,759284 567312 568519 995737 995879 568411 567193 451133 758734 26379 ,9602 16872 21462 23699 23735 26117 27029 28259 29824 32905 
759243 847213 583254 190385 638854 144708 667176 592766 297249 257730 ,45420 48756 57914 65785 66729 69444 72302 73197 73387 73409 ,759243 847213 583254 190385 638854 144708 667176 592766 297249 257730 ,45420 48756 57914 65785 66729 69444 72302 73197 73387 73409 
112537 364938 290275 508240 711478 990763 151421 518442 390854 476334 ,78758 82957 84750 86501 87799 88415 89013 89210 89762 90044 ,112537 364938 290275 508240 711478 990763 151421 518442 390854 476334 ,78758 82957 84750 86501 87799 88415 89013 89210 89762 90044 
758907 758349 858346 117950 759065 604644 901338 392177 403554 969794 ,30155 31289 32802 38392 40058 40789 41481 41706 41958 42175 ,758907 758349 858346 117950 759065 604644 901338 392177 403554 969794 ,30155 31289 32802 38392 40058 40789 41481 41706 41958 42175 
101338 517678 244564 841889 776817 394550 669324 789944 70232 848965 ,19350 26725 28454 31111 32056 33635 34982 35414 37706 38235 ,101338 517678 244564 841889 776817 394550 669324 789944 70232 848965 ,19350 26725 28454 31111 32056 33635 34982 35414 37706 38235 
759197 758456 570201 853846 849383 772770 142179 772615 757177 142729 ,11220 14157 17134 17656 17917 18588 18670 18726 21511 21797 ,759197 758456 570201 853846 849383 772770 142179 772615 757177 142729 ,11220 14157 17134 17656 17917 18588 18670 18726 21511 21797 
150210 297049 95692 442986 297005 628726 152766 121198 907671 875206 ,53780 67020 67253 67944 69888 70510 70681 71587 73047 73317 ,150210 297049 442986 297005 628726 152766 907671 875206 526212 721618 ,53780 67020 67944 69888 70510 70681 73047 73317 73550 73906 
888962 980993 885238 976423 781351 689544 804976 387198 301230 489774 ,74613 87547 88145 89606 90856 91575 92005 93575 94717 95885 ,888962 980993 885238 976423 781351 689544 804976 387198 301230 489774 ,74613 87547 88145 89606 90856 91575 92005 93575 94717 95885 
230097 753691 692666 504478 725540 851150 229813 861896 921339 813092 ,85511 85553 88929 99186 100635 103181 104617 104774 105307 107041 ,230097 753691 692666 504478 725540 851150 229813 861896 921339 813092 ,85511 85553 88929 99186 100635 103181 104617 104774 105307 107041 
772274 765453 774191 858903 672920 998122 856912 541453 534416 164032 ,17662 19447 21299 21517 21569 25020 25696 26462 26646 26655 ,772274 765453 774191 858903 672920 998122 541453 534416 164032 624414 ,17662 19447 21299 21517 21569 25020 26462 26646 26655 26826 
88639 280046 959929 41903 480903 36518 29994 89625 85805 481844 ,49183 49234 51312 52534 53196 53287 53973 54893 55090 55200 ,88639 280046 959929 41903 480903 36518 29994 89625 85805 481844 ,49183 49234 51312 52534 53196 53287 53973 54893 55090 55200 
46931 433819 55766 546900 145618 564468 472880 89383 378638 425042 ,78325 85691 86715 86792 89370 91425 93149 94727 94997 95588 ,46931 433819 546900 145618 564468 472880 89383 378638 425042 941579 ,78325 85691 86792 89370 91425 93149 94727 94997 95588 96554 
450200 585492 627953 698762 99964 509004 839074 600413 114347 555104 ,50122 65038 69388 78899 79287 82840 83870 84372 85383 87913 ,450200 585492 627953 698762 99964 509004 839074 600413 114347 555104 ,50122 65038 69388 78899 79287 82840 83870 84372 85383 87913 
760944 758684 835173 837620 836407 760835 756426 374727 835553 756678 ,9569 10830 14725 16318 19911 20857 21018 21100 21186 21724 ,760944 758684 835173 837620 836407 760835 756426 374727 835553 756678 ,9569 10830 14725 16318 19911 20857 21018 21100 21186 21724 
757795 443212 443236 758870 552630 657329 657239 656920 443216 421496 ,6420 6948 7399 8157 8502 8695 8745 8918 9055 9219 ,757795 443212 443236 758870 552630 657329 657239 656920 443216 421496 ,6420 6948 7399 8157 8502 8695 8745 8918 9055 9219 
388624 230442 405711 447550 556925 604786 650319 61789 711509 217011 ,35511 44924 46421 48178 48252 48667 51421 51893 51963 52040 ,230442 405711 447550 556925 604786 650319 61789 711509 217011 665518 ,44924 46421 48178 48252 48667 51421 51893 51963 52040 52187 
567453 957505 140535 954038 593908 15402 890253 740716 270393 894982 ,73035 111055 114199 115647 122162 122306 124616 127491 132378 133072 ,567453 957505 140535 954038 593908 15402 890253 740716 270393 894982 ,73035 111055 114199 115647 122162 122306 124616 127491 132378 133072 
757806 757627 611346 759869 28663 750599 400301 162761 763712 673771 ,35367 41008 45766 55907 66199 66432 68916 68994 71266 71746 ,757806 757627 611346 759869 28663 400301 162761 763712 673771 374729 ,35367 41008 45766 55907 66199 68916 68994 71266 71746 72682 
755729 995796 534352 995267 876805 853942 997440 852158 666883 959426 ,8732 20311 21956 22087 22805 23980 24657 24753 25477 26577 ,755729 995796 534352 995267 876805 853942 997440 852158 666883 959426 ,8732 20311 21956 22087 22805 23980 24657 24753 25477 26577 
441601 255531 876996 112359 364468 537591 238502 354586 832945 628550 ,32692 35074 36398 37131 38171 39905 40171 40482 40980 41351 ,441601 255531 876996 112359 364468 537591 238502 354586 832945 628550 ,32692 35074 36398 37131 38171 39905 40171 40482 40980 41351 
446110 838926 884896 142032 507386 886835 114709 934860 486104 339986 ,94456 95419 101835 102480 103812 105183 106479 108576 110406 110887 ,446110 838926 884896 142032 507386 934860 486104 339986 612862 384492 ,94456 95419 101835 102480 103812 108576 110406 110887 111280 111352 
582563 759545 190958 825444 147354 872145 764802 161143 849465 675465 ,34516 49639 52892 55742 59559 59654 64491 69951 72146 73591 ,582563 759545 190958 825444 147354 872145 764802 161143 849465 675465 ,34516 49639 52892 55742 59559 59654 64491 69951 72146 73591 
893413 980630 936346 522 675820 681566 138517 853369 414701 746230 ,58292 58770 71634 77299 82348 83430 86024 86433 87751 88626 ,893413 980630 936346 522 675820 681566 138517 853369 414701 746230 ,58292 58770 71634 77299 82348 83430 86024 86433 87751 88626 
445645 445130 360289 446696 443714 349826 443964 355821 444633 806610 ,17661 25616 25815 31774 32146 33787 35036 36284 36934 37408 ,445645 445130 360289 446696 443714 349826 443964 444633 806610 443882 ,17661 25616 25815 31774 32146 33787 35036 36934 37408 38159 
43158 757525 963240 207113 570133 673199 992121 374315 307798 140887 ,48788 56295 86907 99976 103192 107313 109126 111851 112685 115805 ,43158 757525 963240 207113 570133 673199 992121 374315 307798 140887 ,48788 56295 86907 99976 103192 107313 109126 111851 112685 115805 
871829 759569 410673 862663 685726 757805 735412 475121 537925 701700 ,14445 17095 17929 17957 18212 18406 18940 18946 18963 19008 ,759569 410673 862663 685726 757805 735412 475121 701700 823569 856502 ,17095 17929 17957 18212 18406 18940 18946 19008 19090 19125 
270308 462058 714324 206473 410979 157048 357793 569003 470908 192220 ,74235 92348 96144 97248 97910 100601 102569 103376 104311 105182 ,270308 462058 714324 206473 410979 157048 357793 569003 470908 192220 ,74235 92348 96144 97248 97910 100601 102569 103376 104311 105182 
710322 643148 670559 774399 96845 945477 505659 850521 868246 949474 ,99729 116507 123960 126682 127643 129921 130736 132287 135216 136657 ,710322 643148 670559 774399 96845 945477 505659 850521 868246 949474 ,99729 116507 123960 126682 127643 129921 130736 132287 135216 136657 
677160 369959 924836 995474 27903 306640 50025 31986 617419 370952 ,110341 111898 114283 115739 120991 122081 123674 125418 130809 131298 ,677160 369959 924836 995474 27903 306640 50025 31986 617419 370952 ,110341 111898 114283 115739 120991 122081 123674 125418 130809 131298 
760636 757824 31381 212388 750981 931680 991607 835606 198078 89417 ,34939 44156 76740 80735 82710 83598 83933 84161 84444 85005 ,760636 757824 750981 931680 991607 835606 198078 89417 60939 251377 ,34939 44156 82710 83598 83933 84161 84444 85005 85239 85243 
760028 759309 569425 954287 756371 758420 891258 801467 985110 761212 ,10841 31158 35828 36190 36725 38148 38293 38649 39432 40095 ,954287 756371 801467 758603 992580 610086 596097 760122 758012 758567 ,36190 36725 38649 42233 42851 45286 45731 46557 46995 48099 
279707 514417 520634 83901 90906 228314 292687 928716 313682 934184 ,75167 85921 88960 89711 89749 91916 93251 93956 95586 95838 ,279707 514417 520634 83901 90906 228314 292687 928716 313682 934184 ,75167 85921 88960 89711 89749 91916 93251 93956 95586 95838 
281943 27115 29110 726164 98041 626699 795374 632678 792043 362525 ,100139 105059 107842 116040 116705 119920 120154 121170 123651 124722 ,281943 27115 29110 726164 98041 626699 795374 632678 792043 362525 ,100139 105059 107842 116040 116705 119920 120154 121170 123651 124722 
171767 640286 29527 374246 25280 757431 884950 37364 757458 254922 ,46473 51103 51689 51992 53074 53891 54090 54205 55457 55718 ,171767 640286 29527 374246 25280 757431 884950 37364 757458 254922 ,46473 51103 51689 51992 53074 53891 54090 54205 55457 55718 
404707 756028 715944 721160 763529 405893 977866 907820 993117 781247 ,71576 92108 99225 100552 102873 104081 109253 110389 110931 113499 ,404707 756028 715944 721160 763529 405893 977866 993117 781247 367069 ,71576 92108 99225 100552 102873 104081 109253 110931 113499 114392 
494564 59954 22104 997802 16689 338765 715015 9324 192240 512341 ,49694 64484 65258 65533 65630 68743 68889 69029 69328 69887 ,494564 59954 22104 997802 16689 715015 9324 192240 512341 732519 ,49694 64484 65258 65533 65630 68889 69029 69328 69887 70329 
691798 919145 481598 372341 859738 724944 30466 465363 527652 439511 ,91386 94777 101122 101695 102834 103472 104383 105736 108404 110279 ,691798 919145 481598 372341 859738 724944 30466 465363 527652 439511 ,91386 94777 101122 101695 102834 103472 104383 105736 108404 110279 
791954 100915 279510 296674 942433 436170 256895 459297 986942 122049 ,73322 81444 82351 82523 83276 84581 84649 86175 86680 90437 ,791954 100915 279510 296674 942433 436170 256895 459297 986942 122049 ,73322 81444 82351 82523 83276 84581 84649 86175 86680 90437 
143188 49753 584811 10921 163872 170034 670113 586857 521197 811685 ,97715 105413 118388 119407 122325 124556 129008 130856 134818 135458 ,143188 49753 584811 10921 163872 170034 670113 586857 521197 811685 ,97715 105413 118388 119407 122325 124556 129008 130856 134818 135458 
422961 960639 297265 554679 676303 722814 425379 927340 653004 559280 ,76170 95235 99490 99617 100744 102834 119703 120576 122641 123569 ,422961 960639 297265 554679 676303 722814 425379 927340 653004 559280 ,76170 95235 99490 99617 100744 102834 119703 120576 122641 123569 
605019 409425 259303 490610 718479 588317 464634 5575 326223 558862 ,42526 52068 56793 59455 60322 61723 61853 61855 63135 64295 ,605019 409425 259303 490610 718479 588317 464634 5575 326223 558862 ,42526 52068 56793 59455 60322 61723 61853 61855 63135 64295 
404796 568745 158443 567259 830260 374190 468914 838618 650136 672762 ,13757 15681 16139 17279 21100 21893 23324 23417 26035 26742 ,404796 568745 158443 567259 830260 374190 468914 838618 650136 672762 ,13757 15681 16139 17279 21100 21893 23324 23417 26035 26742 
548761 968161 974475 581393 318276 66853 71779 930315 628973 18604 ,98877 99379 100736 106466 107120 107371 107896 109174 109310 110019 ,548761 968161 974475 581393 318276 71779 930315 628973 18604 633045 ,98877 99379 100736 106466 107120 107896 109174 109310 110019 111973 
847638 252595 763760 647993 112386 253189 847607 772449 940937 847522 ,58496 58683 58690 58727 60547 61017 61945 62278 62811 62906 ,647993 112386 834730 554321 539420 727084 459024 894452 890687 836835 ,58727 60547 63545 64473 64862 65015 66534 66623 67668 68131 
912859 945586 912940 891389 564407 470720 973904 65669 6217 973871 ,45713 57702 58045 58063 58519 58723 58842 58881 59264 59403 ,912859 945586 912940 891389 564407 470720 973904 65669 6217 973871 ,45713 57702 58045 58063 58519 58723 58842 58881 59264 59403 
164834 520509 602417 560352 831682 913098 336968 957108 101689 53518 ,30550 39272 41460 41888 42077 42318 43367 43425 44105 44398 ,164834 520509 602417 560352 831682 913098 336968 957108 101689 53518 ,30550 39272 41460 41888 42077 42318 43367 43425 44105 44398 
935310 740312 358704 937623 712453 692205 645358 943141 267968 575189 ,81416 90325 91621 91672 93735 94962 95605 96479 97624 98670 ,935310 740312 358704 937623 692205 645358 943141 267968 575189 204881 ,81416 90325 91621 91672 94962 95605 96479 97624 98670 100061 
856009 370883 202365 205580 990331 952651 901217 896410 781297 394235 ,103948 105897 108894 110171 111252 111936 112403 115057 115361 115417 ,856009 202365 205580 990331 896410 781297 394235 781553 593918 952145 ,103948 108894 110171 111252 115057 115361 115417 115842 116074 116157 
760024 760614 974976 283840 613160 312332 787745 645128 221608 761932 ,13909 33108 41079 51341 51700 52361 55284 55533 55618 56674 ,760024 760614 974976 283840 613160 312332 787745 221608 761932 686092 ,13909 33108 41079 51341 51700 52361 55284 55618 56674 56826 
327628 183084 341949 77301 201607 236352 743847 2674 479165 206663 ,95265 96871 97441 97615 98976 101929 104135 105909 106704 109732 ,327628 183084 341949 77301 236352 2674 479165 206663 238077 404688 ,95265 96871 97441 97615 101929 105909 106704 109732 110829 111546 
629973 39655 571001 470518 902894 747461 62321 354424 366039 502054 ,39861 40660 50147 51918 56116 58188 58615 58664 59096 62884 ,629973 39655 571001 470518 902894 747461 62321 354424 366039 502054 ,39861 40660 50147 51918 56116 58188 58615 58664 59096 62884 
454762 512625 574928 886364 970011 959942 128160 961989 277627 278140 ,73069 76691 76997 78653 80997 81926 83402 83857 84198 86029 ,454762 512625 574928 886364 970011 959942 128160 961989 277627 278140 ,73069 76691 76997 78653 80997 81926 83402 83857 84198 86029 
674990 758581 135353 609961 81843 557189 345097 942967 513787 375205 ,58672 62753 73548 76637 83437 84062 93209 99873 100681 101321 ,674990 758581 135353 609961 81843 557189 345097 942967 513787 375205 ,58672 62753 73548 76637 83437 84062 93209 99873 100681 101321 
310548 356888 561041 795793 829973 158803 743055 448832 780660 957821 ,74957 84638 119836 137869 142528 144778 145456 146903 148925 152508 ,310548 356888 561041 795793 829973 158803 743055 448832 780660 957821 ,74957 84638 119836 137869 142528 144778 145456 146903 148925 152508 
455650 387223 401419 349344 476238 497876 308795 231223 100455 289913 ,92353 96770 97059 97256 97915 98807 100242 102393 102823 104014 ,455650 387223 401419 349344 476238 497876 308795 231223 100455 289913 ,92353 96770 97059 97256 97915 98807 100242 102393 102823 104014 
545836 761461 940970 424391 554305 761793 703044 473095 653418 994020 ,46913 47535 52825 57278 58144 58667 61595 62793 63175 64575 ,761461 940970 424391 554305 761793 473095 994020 83256 574920 472107 ,47535 52825 57278 58144 58667 62793 64575 65069 65671 65753 
352717 221516 627915 536312 7580 670115 470889 460858 985657 440191 ,110875 132403 133981 135309 140544 147428 148000 149172 159666 168536 ,352717 221516 627915 536312 7580 670115 470889 460858 985657 440191 ,110875 132403 133981 135309 140544 147428 148000 149172 159666 168536 
596096 4420 819791 907226 362143 570201 773679 253853 886607 447552 ,34290 36435 37027 37096 37255 37416 37487 38031 39105 39556 ,596096 4420 819791 907226 362143 570201 773679 253853 886607 447552 ,34290 36435 37027 37096 37255 37416 37487 38031 39105 39556 
694189 867160 756749 294266 714627 246686 432528 435615 545305 576640 ,65717 77327 77639 77918 80620 87261 88269 88315 88563 88568 ,694189 867160 756749 294266 714627 246686 432528 435615 545305 576640 ,65717 77327 77639 77918 80620 87261 88269 88315 88563 88568 
650682 811726 649834 647580 653231 647884 548156 647298 793931 892020 ,33297 35546 35669 39609 41505 43766 49056 49486 49489 49745 ,650682 811726 649834 647580 653231 647884 548156 647298 793931 648587 ,33297 35546 35669 39609 41505 43766 49056 49486 49489 51876 
188125 951248 999569 361070 156519 537142 64039 501680 213091 289660 ,57418 61270 61291 61547 62060 62881 63461 63696 64018 64457 ,188125 951248 999569 361070 156519 537142 64039 501680 213091 289660 ,57418 61270 61291 61547 62060 62881 63461 63696 64018 64457 
169205 491211 330470 439699 168465 338638 2325 365133 904595 899554 ,80754 81972 87239 88671 90424 91452 91681 93245 94558 94646 ,169205 491211 330470 439699 168465 338638 2325 365133 904595 899554 ,80754 81972 87239 88671 90424 91452 91681 93245 94558 94646 
736450 678404 807006 943270 731605 796748 519594 512559 904434 520219 ,39240 44782 46977 48284 49056 49066 50263 50423 51796 52306 ,736450 678404 807006 943270 731605 796748 519594 512559 904434 520219 ,39240 44782 46977 48284 49056 49066 50263 50423 51796 52306 
547398 764811 413777 176359 841300 481878 72435 241898 583890 128611 ,63945 69150 70802 72977 73257 73501 73636 74192 74215 74268 ,547398 764811 413777 176359 841300 481878 72435 241898 583890 128611 ,63945 69150 70802 72977 73257 73501 73636 74192 74215 74268 
988129 674608 674258 677467 673811 835241 675817 550542 674383 652338 ,63270 69494 71761 74018 76173 76396 76442 77394 78602 78818 ,988129 674608 674258 677467 673811 835241 675817 550542 674383 652338 ,63270 69494 71761 74018 76173 76396 76442 77394 78602 78818 
309988 803579 285636 252554 759546 462121 296868 397187 575913 59866 ,70712 78257 78271 79965 83478 83994 85304 86007 86118 86630 ,309988 803579 285636 252554 759546 296868 397187 575913 59866 314438 ,70712 78257 78271 79965 83478 85304 86007 86118 86630 87669 
100160 970843 970093 599430 205827 270105 599596 786611 680104 962852 ,28698 29979 31663 32935 33662 33662 35172 36110 36142 36189 ,100160 970093 599430 205827 599596 786611 680104 635758 914716 599414 ,28698 31663 32935 33662 35172 36110 36142 37523 37716 37858 
770303 788310 907168 609874 794328 552283 558650 7591 213119 377635 ,17764 26211 31942 41562 43222 46355 46683 55104 59566 59713 ,770303 788310 907168 609874 794328 552283 558650 7591 213119 377635 ,17764 26211 31942 41562 43222 46355 46683 55104 59566 59713 
887840 351465 305223 189435 516048 236681 497064 350705 158325 306830 ,26942 30022 31037 33268 33386 33605 34221 34342 34429 35300 ,887840 351465 305223 189435 516048 236681 497064 350705 158325 306830 ,26942 30022 31037 33268 33386 33605 34221 34342 34429 35300 
640484 639869 799287 851279 634919 852500 830223 632443 534353 711869 ,23537 35909 37905 41772 43195 43495 44796 46274 47531 48386 ,640484 639869 799287 851279 634919 852500 830223 632443 534353 711869 ,23537 35909 37905 41772 43195 43495 44796 46274 47531 48386 
870573 442073 56436 693876 130073 593110 662579 62663 701405 545179 ,49099 64661 84119 84707 87865 92617 96167 96423 96849 98685 ,870573 442073 56436 693876 130073 593110 662579 62663 701405 545179 ,49099 64661 84119 84707 87865 92617 96167 96423 96849 98685 
457008 128322 951213 962788 698972 316206 362579 302400 144140 136460 ,100623 102917 103849 111732 112593 115230 116626 117562 118036 118596 ,457008 128322 951213 698972 316206 362579 302400 144140 136460 268795 ,100623 102917 103849 112593 115230 116626 117562 118036 118596 118712 
492215 505059 140458 827508 30328 616229 350390 748546 757642 441586 ,30282 49140 50325 59386 61029 61408 64634 65978 66127 66698 ,492215 505059 140458 827508 30328 616229 350390 748546 757642 441586 ,30282 49140 50325 59386 61029 61408 64634 65978 66127 66698 
153345 9111 182020 838252 652012 276584 988711 730667 414913 142171 ,67391 73678 77078 80318 80472 81248 83803 85723 87665 87747 ,153345 9111 182020 838252 652012 276584 988711 730667 414913 142171 ,67391 73678 77078 80318 80472 81248 83803 85723 87665 87747 
653431 604296 39309 426829 826583 339464 657796 869614 476662 674287 ,14416 14913 15019 15022 15090 17157 17292 17516 17992 18663 ,604296 826583 539574 763333 869582 520760 207980 555495 480169 449363 ,14913 15090 20212 20410 21045 21156 22473 24954 25101 25916 
592775 230848 698690 511769 422713 314918 514353 142846 211616 305866 ,39631 42691 45388 46844 49239 49505 50578 51105 52857 53437 ,230848 698690 511769 422713 314918 514353 142846 211616 305866 662412 ,42691 45388 46844 49239 49505 50578 51105 52857 53437 54047 
210238 108267 284690 479524 711373 870574 739013 143414 894750 902514 ,135183 155298 160258 165270 177202 177999 179617 183209 183956 194527 ,210238 108267 284690 479524 711373 870574 739013 143414 894750 902514 ,135183 155298 160258 165270 177202 177999 179617 183209 183956 194527 
615857 855925 445516 790399 651742 822888 692509 964348 768233 768214 ,16261 16608 17342 17599 18484 18778 18968 20200 20484 20542 ,615857 855925 445516 790399 651742 822888 692509 964348 768233 768214 ,16261 16608 17342 17599 18484 18778 18968 20200 20484 20542 
452224 325164 469320 617739 866894 886061 193068 528954 85260 214850 ,73766 74066 75083 75537 79285 80414 81305 81767 85084 85167 ,452224 325164 469320 617739 866894 886061 193068 528954 85260 214850 ,73766 74066 75083 75537 79285 80414 81305 81767 85084 85167 
856577 672817 672468 814231 649456 826804 805832 769866 51652 540179 ,12347 15007 15120 15439 15570 15687 15729 15800 16249 16806 ,856577 672817 672468 814231 649456 826804 805832 769866 51652 540179 ,12347 15007 15120 15439 15570 15687 15729 15800 16249 16806 
907597 642399 609862 959325 424112 770383 446383 445936 792073 789278 ,20696 32880 37614 42909 43748 51753 54271 54736 57627 58198 ,907597 642399 609862 959325 424112 770383 446383 445936 792073 789278 ,20696 32880 37614 42909 43748 51753 54271 54736 57627 58198 
890741 827268 374122 735238 718950 919688 43652 539662 130992 835170 ,25504 26863 32500 33367 35749 36061 37897 38366 38943 39188 ,890741 827268 374122 735238 718950 919688 43652 539662 130992 835170 ,25504 26863 32500 33367 35749 36061 37897 38366 38943 39188 
171528 128438 42048 368411 528430 517246 504754 829491 295902 369312 ,41936 43607 48122 48675 49331 51326 51972 52621 52622 53280 ,171528 128438 42048 368411 528430 517246 504754 829491 295902 369312 ,41936 43607 48122 48675 49331 51326 51972 52621 52622 53280 
28059 884064 605293 498423 904617 101802 710408 219508 906881 298386 ,66436 75806 84119 95051 96113 101272 102496 102599 104802 105963 ,28059 884064 605293 498423 904617 101802 219508 906881 298386 101597 ,66436 75806 84119 95051 96113 101272 102599 104802 105963 107283 
633766 158376 376394 492807 910196 321704 732693 873847 398303 8828 ,47586 48519 52591 52707 54218 54264 54684 55463 55594 57106 ,633766 158376 376394 492807 910196 321704 732693 873847 398303 8828 ,47586 48519 52591 52707 54218 54264 54684 55463 55594 57106 
42270 783112 963962 532432 759143 890533 186401 836169 809211 537277 ,89455 90407 92325 92404 92423 93299 97424 106285 108426 108904 ,42270 783112 963962 532432 759143 890533 186401 836169 809211 537277 ,89455 90407 92325 92404 92423 93299 97424 106285 108426 108904 
202389 160545 820455 87673 983577 303030 827434 405840 385177 213903 ,54503 67017 72280 73247 74065 75088 75125 77980 78470 79290 ,202389 160545 820455 87673 983577 303030 827434 405840 385177 213903 ,54503 67017 72280 73247 74065 75088 75125 77980 78470 79290 
605186 378910 568466 416043 912603 960682 623340 835208 392887 725439 ,43183 50395 53945 53947 54378 55097 55614 56007 56283 57033 ,605186 568466 416043 912603 960682 623340 835208 392887 725439 704822 ,43183 53945 53947 54378 55097 55614 56007 56283 57033 57062 
138723 42889 11627 40522 43555 729712 521091 66155 646623 40499 ,24551 27006 28576 29524 31559 35243 35575 35763 35771 36540 ,138723 11627 40522 43555 729712 521091 66155 646623 164595 759664 ,24551 28576 29524 31559 35243 35575 35763 35771 39267 40663 
29956 99494 419859 321458 495229 230841 80264 683898 36340 321486 ,19946 21390 21911 22872 22937 23589 23723 24045 24252 24279 ,99494 321458 495229 230841 80264 36340 55855 55537 23435 81241 ,21390 22872 22937 23589 23723 24252 24324 24383 24403 24594 
922473 562296 651721 738260 880903 837758 734959 994317 670216 445803 ,44299 45647 50422 53160 53552 54260 54954 56155 56178 56790 ,922473 562296 651721 738260 880903 837758 734959 994317 670216 445803 ,44299 45647 50422 53160 53552 54260 54954 56155 56178 56790 
664285 576593 626809 405290 839228 794922 554824 554902 140980 767573 ,38104 38277 38912 39509 39632 40266 40429 40835 40954 41136 ,664285 839228 767573 729991 594678 709432 962643 858231 755315 983847 ,38104 39632 41136 42385 42469 42472 42604 43187 44012 44079 
39902 641794 640182 272198 201704 911306 775268 892755 101215 158775 ,34483 43342 53065 73985 74613 81376 87942 90555 95939 96557 ,39902 641794 640182 272198 201704 911306 775268 892755 101215 158775 ,34483 43342 53065 73985 74613 81376 87942 90555 95939 96557 
572816 472727 641826 835191 853906 217389 825313 447346 187552 416004 ,55319 64125 64355 68040 70699 76142 76877 76914 77984 78667 ,572816 472727 641826 835191 853906 217389 825313 447346 187552 416004 ,55319 64125 64355 68040 70699 76142 76877 76914 77984 78667 
47940 770828 294116 769030 887283 407107 481758 642743 885448 996674 ,75905 88723 108153 108227 112131 114543 118097 119326 122085 126965 ,47940 770828 294116 769030 887283 407107 481758 642743 885448 996674 ,75905 88723 108153 108227 112131 114543 118097 119326 122085 126965 
19148 948598 668363 407985 227374 622265 251781 473896 731439 20248 ,75917 76905 81584 86267 88183 91510 92492 92738 92821 92822 ,19148 948598 407985 227374 622265 473896 731439 20248 618618 580885 ,75917 76905 86267 88183 91510 92738 92821 92822 92968 92991 
921344 135993 119417 59248 768364 390023 293562 695903 362577 900602 ,89084 96779 98079 98258 100389 100579 101281 102827 103755 104061 ,921344 135993 119417 59248 768364 390023 293562 695903 362577 900602 ,89084 96779 98079 98258 100389 100579 101281 102827 103755 104061 
554123 694722 458513 634846 698955 600895 306061 778656 437020 277253 ,81534 84689 85905 90455 93212 94784 94855 98610 99605 99936 ,554123 694722 458513 634846 698955 600895 306061 778656 437020 277253 ,81534 84689 85905 90455 93212 94784 94855 98610 99605 99936 
45982 789274 860484 318800 3013 189828 450451 921821 374554 932755 ,92480 101816 108225 111576 116189 120766 122109 124284 130531 132249 ,45982 789274 860484 318800 3013 189828 450451 921821 374554 932755 ,92480 101816 108225 111576 116189 120766 122109 124284 130531 132249 
49706 649554 583628 57274 894607 6938 761154 998062 8459 327870 ,51171 55541 57638 61046 62719 63299 65497 65882 65946 67958 ,649554 583628 57274 894607 6938 761154 998062 8459 327870 286851 ,55541 57638 61046 62719 63299 65497 65882 65946 67958 68123 
929056 926004 991120 898914 982254 135661 286572 896010 104584 472470 ,88976 91671 93916 93962 95605 97743 98912 100566 100666 101314 ,929056 926004 991120 898914 982254 135661 286572 896010 104584 472470 ,88976 91671 93916 93962 95605 97743 98912 100566 100666 101314 
964046 283997 439653 711100 283275 756702 29563 964092 285628 347505 ,75019 75241 80214 81053 86514 88718 89234 90458 90851 92512 ,964046 283997 439653 711100 283275 756702 29563 964092 285628 347505 ,75019 75241 80214 81053 86514 88718 89234 90458 90851 92512 
853543 772724 853210 401699 41145 115478 535302 159263 374088 308794 ,41545 44412 46176 47399 50401 51121 51899 52371 52706 53778 ,853543 772724 853210 401699 41145 115478 535302 159263 374088 308794 ,41545 44412 46176 47399 50401 51121 51899 52371 52706 53778 
763201 767052 998184 920104 444764 917257 672169 854411 449654 997950 ,54483 58137 74575 75932 76311 76448 80889 83606 85795 86870 ,763201 767052 998184 920104 444764 917257 672169 854411 449654 997950 ,54483 58137 74575 75932 76311 76448 80889 83606 85795 86870 
895064 921358 403804 656294 961071 14312 605872 932120 484537 552792 ,47431 47539 49670 49700 50283 50395 50444 51045 51453 52155 ,895064 921358 403804 656294 961071 14312 605872 932120 484537 552792 ,47431 47539 49670 49700 50283 50395 50444 51045 51453 52155 
835730 756220 712899 596108 151056 196957 708349 274498 614134 362579 ,72610 78121 80996 82298 83003 84807 85849 86529 86563 88272 ,835730 756220 712899 596108 151056 196957 708349 274498 362579 254510 ,72610 78121 80996 82298 83003 84807 85849 86529 88272 90937 
41290 652864 184456 581815 583362 839173 464098 25687 142048 254226 ,77218 85239 92870 97674 102507 104019 104627 104926 108028 108288 ,41290 652864 184456 581815 839173 464098 25687 142048 254226 692172 ,77218 85239 92870 97674 104019 104627 104926 108028 108288 108599 
135768 756767 484918 646807 760595 765122 758685 24813 963408 672327 ,38476 39750 42591 44856 45644 46731 48678 50058 50068 50512 ,135768 756767 484918 646807 760595 765122 758685 24813 963408 672327 ,38476 39750 42591 44856 45644 46731 48678 50058 50068 50512 
815241 398885 825339 815190 401482 986563 207744 815176 397546 772922 ,15949 20467 22456 22615 23532 24564 25154 25432 26005 26070 ,815241 398885 825339 815190 401482 986563 207744 815176 397546 772922 ,15949 20467 22456 22615 23532 24564 25154 25432 26005 26070 
987662 536272 754416 877660 187715 987964 969757 559658 670847 187699 ,12762 15766 18152 19231 19429 19503 21968 23691 23908 25477 ,987662 536272 754416 877660 187715 969757 559658 670847 187699 553037 ,12762 15766 18152 19231 19429 21968 23691 23908 25477 25739 
384622 214761 64401 433148 987584 154618 670159 632316 786336 372918 ,68115 71743 72724 73738 74981 75112 77815 78764 79071 79695 ,384622 214761 64401 433148 987584 154618 670159 632316 786336 372918 ,68115 71743 72724 73738 74981 75112 77815 78764 79071 79695 
414378 453457 73167 861774 560395 537889 188551 453363 889925 254381 ,23017 23711 25070 25471 26076 26994 27914 28052 28676 28907 ,414378 453457 73167 861774 560395 188551 453363 889925 254381 232700 ,23017 23711 25070 25471 26076 27914 28052 28676 28907 29065 
809589 474044 52179 809897 411578 379159 545397 754967 51350 56160 ,27125 29609 32890 34089 34413 34497 34677 35025 35099 35377 ,809589 474044 52179 809897 411578 379159 545397 754967 51350 56160 ,27125 29609 32890 34089 34413 34497 34677 35025 35099 35377 
250051 545407 818454 411921 788949 592363 140926 848115 671258 696524 ,62496 81783 84128 84241 84826 85542 87537 87792 87846 88950 ,250051 545407 818454 411921 788949 592363 140926 848115 671258 696524 ,62496 81783 84128 84241 84826 85542 87537 87792 87846 88950 
656776 230189 430338 667420 657796 377092 602995 791407 555495 42682 ,13897 20325 21937 22930 23012 24170 24790 26493 27474 27998 ,656776 230189 430338 667420 657796 377092 602995 791407 555495 42682 ,13897 20325 21937 22930 23012 24170 24790 26493 27474 27998 
424756 128149 980757 572681 43159 890515 809585 149716 870493 285147 ,39074 48308 54197 55718 55931 56672 58177 59243 59789 60241 ,424756 128149 980757 572681 43159 890515 809585 149716 870493 285147 ,39074 48308 54197 55718 55931 56672 58177 59243 59789 60241 
923394 431834 338765 989828 915826 97022 923294 465701 689105 953708 ,54360 54469 54789 55621 56094 56428 57681 59265 60132 60530 ,923394 431834 338765 989828 915826 97022 923294 465701 689105 953708 ,54360 54469 54789 55621 56094 56428 57681 59265 60132 60530 
641815 307357 410659 632473 163118 453107 168211 471584 820959 303574 ,64024 69791 70681 72074 73330 80132 84969 86903 86969 88468 ,641815 307357 410659 632473 163118 453107 168211 471584 820959 303574 ,64024 69791 70681 72074 73330 80132 84969 86903 86969 88468 
360869 758603 150437 824324 8673 27814 954287 304938 37431 867578 ,49248 62939 66870 67884 70025 70340 73212 73328 73457 75193 ,360869 758603 824324 8673 27814 954287 304938 37431 867578 622259 ,49248 62939 67884 70025 70340 73212 73328 73457 75193 75610 
770518 768356 642915 773514 774948 837691 644897 642902 399457 770334 ,11344 14410 15952 16374 16707 17371 17785 18410 19960 20092 ,862598 886389 615637 568865 758675 715660 423825 953763 792855 785491 ,27519 27951 29743 32202 34575 36180 40313 40387 40388 41268 
894846 830484 588173 412788 383702 603815 638268 891899 983838 714904 ,27267 29131 31857 32434 34759 36417 37220 37305 37577 37648 ,830484 588173 412788 383702 603815 638268 891899 983838 714904 920424 ,29131 31857 32434 34759 36417 37220 37305 37577 37648 38755 
982105 409487 847034 478448 424979 63951 735620 801241 416526 786471 ,50201 50709 51081 53713 55440 57546 59629 60013 60285 60322 ,847034 478448 424979 63951 801241 416526 786471 88691 409696 712589 ,51081 53713 55440 57546 60013 60285 60322 63995 64443 65370 
678385 886135 12980 879734 876511 395354 563998 542218 254249 931721 ,36536 40963 43927 46758 47635 49243 52661 53985 56430 56742 ,678385 886135 12980 879734 876511 395354 563998 542218 254249 931721 ,36536 40963 43927 46758 47635 49243 52661 53985 56430 56742 
642166 673212 416215 413964 174911 585833 431532 107199 30686 367932 ,43183 45803 49057 49241 49630 51145 51792 52437 52449 53268 ,642166 673212 416215 413964 174911 585833 431532 107199 30686 34911 ,43183 45803 49057 49241 49630 51145 51792 52437 52449 53446 
632467 203869 101570 564276 600859 336998 73338 89991 903153 350987 ,56154 59576 62212 65464 66928 67255 67655 67856 68035 68690 ,632467 203869 101570 564276 600859 336998 73338 89991 903153 350987 ,56154 59576 62212 65464 66928 67255 67655 67856 68035 68690 
963253 554587 782052 812451 638972 946149 399831 745395 498540 102926 ,31701 45230 48530 49747 50808 50814 52782 53410 55107 55402 ,963253 554587 782052 812451 638972 946149 399831 745395 498540 102926 ,31701 45230 48530 49747 50808 50814 52782 53410 55107 55402 
734843 890066 714809 318612 986313 7650 33110 318800 284398 979419 ,109506 187802 188019 202771 208509 214746 233457 238348 269379 271225 ,734843 890066 714809 318612 986313 7650 33110 318800 284398 979419 ,109506 187802 188019 202771 208509 214746 233457 238348 269379 271225 
570059 569784 337740 793905 367367 766786 658841 806454 738453 547508 ,49591 53975 56992 57136 62390 63522 64634 68012 68053 68349 ,570059 569784 337740 793905 367367 766786 658841 806454 547508 274780 ,49591 53975 56992 57136 62390 63522 64634 68012 68349 69194 
656059 222355 9203 247155 142881 255266 992540 280766 39732 280937 ,30190 32976 38306 41357 42063 43508 43777 43779 45600 46401 ,656059 222355 9203 247155 142881 255266 992540 280766 39732 280937 ,30190 32976 38306 41357 42063 43508 43777 43779 45600 46401 
423001 682870 56972 735169 292743 510420 39771 719820 397047 423806 ,23017 23578 25482 28570 29002 29933 31143 34318 36105 36308 ,423001 682870 56972 735169 292743 510420 39771 719820 397047 423806 ,23017 23578 25482 28570 29002 29933 31143 34318 36105 36308 
360869 852309 118650 371467 626461 693456 8385 869487 536963 275286 ,37442 47278 50147 53976 54155 58978 62118 63343 65941 66660 ,360869 852309 118650 371467 626461 693456 8385 869487 536963 275286 ,37442 47278 50147 53976 54155 58978 62118 63343 65941 66660 
599814 621456 683668 599909 670396 599810 958443 880208 207092 141837 ,43973 48552 52611 53105 54821 55436 56221 58666 61057 62388 ,599814 621456 683668 599909 670396 599810 880208 207092 141837 668233 ,43973 48552 52611 53105 54821 55436 58666 61057 62388 63539 
331213 301321 818296 136558 158291 165407 140610 433223 732964 906690 ,67820 81169 90273 96002 96539 97434 97794 98180 98496 100191 ,331213 301321 818296 136558 158291 165407 140610 433223 732964 906690 ,67820 81169 90273 96002 96539 97434 97794 98180 98496 100191 
605500 370791 588560 366209 107522 730470 329366 141212 178747 39126 ,44483 46305 47314 47938 48291 48791 51411 51503 51751 53412 ,370791 588560 366209 107522 730470 329366 141212 178747 39126 751550 ,46305 47314 47938 48291 48791 51411 51503 51751 53412 53904 
182217 466706 917981 174413 129946 43455 282847 111708 705429 311716 ,78944 79626 82468 82488 84509 85035 87425 87625 87672 87688 ,182217 466706 917981 129946 43455 282847 111708 311716 555967 499958 ,78944 79626 82468 84509 85035 87425 87625 87688 87916 87950 
630442 705716 108351 831728 658183 200639 895594 268658 548089 74215 ,100661 109259 113083 121431 122690 125041 125199 126196 126352 127487 ,630442 705716 108351 831728 658183 200639 895594 268658 548089 74215 ,100661 109259 113083 121431 122690 125041 125199 126196 126352 127487 
666472 864054 477069 298858 572748 572753 411037 629100 125015 628927 ,39478 44855 51041 51466 51972 53353 53557 56811 56919 58869 ,666472 864054 477069 298858 572748 572753 411037 629100 125015 628927 ,39478 44855 51041 51466 51972 53353 53557 56811 56919 58869 
666384 666138 214321 176547 677202 208378 47449 423973 217524 450838 ,19298 25421 27299 31018 31827 41845 42811 44838 47349 48255 ,666384 666138 214321 176547 677202 208378 47449 423973 217524 450838 ,19298 25421 27299 31018 31827 41845 42811 44838 47349 48255 
362275 163024 312873 571006 926484 707774 928048 770014 83221 887303 ,38611 41477 41529 42637 43107 43508 43643 45686 45750 45916 ,163024 312873 571006 926484 707774 928048 770014 83221 887303 406503 ,41477 41529 42637 43107 43508 43643 45686 45750 45916 46184 
982936 855938 977809 986546 656152 846970 13752 989558 805049 870987 ,49381 61985 62602 66947 68300 68718 71349 71567 72719 73148 ,982936 855938 977809 986546 656152 846970 13752 989558 805049 870987 ,49381 61985 62602 66947 68300 68718 71349 71567 72719 73148 
759247 2209 369459 684504 120706 521630 840763 191920 521566 313072 ,77248 77360 79926 83261 83713 83877 84201 85886 85937 85941 ,759247 2209 369459 684504 120706 521630 840763 191920 521566 313072 ,77248 77360 79926 83261 83713 83877 84201 85886 85937 85941 
404745 363475 363441 278876 114855 23764 429449 80146 337011 23684 ,17686 19414 19740 20805 22114 22322 22737 24865 25018 25712 ,404745 363475 363441 278876 114855 23764 429449 80146 337011 23684 ,17686 19414 19740 20805 22114 22322 22737 24865 25018 25712 
611223 611856 324332 770848 690818 579424 991773 962573 328637 485240 ,50414 50556 54643 58660 60868 62165 62386 62950 63953 64375 ,611223 611856 324332 770848 690818 991773 962573 328637 485240 619923 ,50414 50556 54643 58660 60868 62386 62950 63953 64375 64807 
535105 866894 271624 521770 488864 64255 572825 145030 76810 181871 ,57709 59453 62099 66781 66937 66975 67001 68743 68949 69035 ,535105 271624 521770 488864 64255 572825 145030 76810 181871 170418 ,57709 62099 66781 66937 66975 67001 68743 68949 69035 69248 
726189 630000 253847 638524 249343 570163 380383 3722 340004 100496 ,34244 40547 41997 42337 42729 42922 42959 43835 44068 44156 ,726189 630000 253847 638524 249343 570163 3722 340004 919497 151632 ,34244 40547 41997 42337 42729 42922 43835 44068 44212 45011 
721071 338723 589799 340651 599983 4128 782283 418972 599714 930939 ,73474 76222 76904 79219 82425 84775 86857 88243 89635 89960 ,338723 589799 340651 4128 418972 599714 930939 107655 963395 2897 ,76222 76904 79219 84775 88243 89635 89960 90496 91853 92247 
423824 417502 714964 24847 715068 717896 41211 655673 761781 716461 ,21083 24393 26281 26299 29225 29456 30172 32346 32438 32839 ,423824 417502 714964 24847 715068 717896 41211 655673 761781 716461 ,21083 24393 26281 26299 29225 29456 30172 32346 32438 32839 
443340 979105 856620 997597 539803 442832 761785 125538 912645 514801 ,32195 32432 34490 34537 34592 34703 34780 35097 35487 35697 ,125538 514801 441281 946985 996504 191299 940711 906984 442863 981108 ,35097 35697 40966 40986 40994 41517 42038 42108 43655 45340 
716329 809351 800718 716420 617759 715414 716487 916753 716431 917156 ,32018 32711 33546 33570 33680 34813 36039 36813 37319 38950 ,716329 800718 639338 508502 104918 434331 790374 673465 914905 81987 ,32018 33546 43562 44071 44572 44741 44790 44944 45092 45655 
485011 212165 83456 883433 12376 294588 86294 295991 732643 402936 ,45936 49480 49550 50607 51070 55364 55494 56663 57168 58006 ,485011 212165 83456 883433 12376 294588 86294 295991 732643 402936 ,45936 49480 49550 50607 51070 55364 55494 56663 57168 58006 
722847 483748 376759 714582 483329 343043 348334 82932 64394 390820 ,44881 52337 53182 53596 54195 55927 56474 56921 57476 58667 ,722847 376759 714582 82932 390820 690379 125980 697622 193397 560994 ,44881 53182 53596 56921 58667 60430 61091 61173 62784 63973 
997489 102081 974794 545925 914877 843563 184095 208029 864655 514017 ,40009 40845 47407 48171 56840 58824 59391 61719 63652 64882 ,997489 102081 974794 545925 914877 843563 184095 208029 864655 514017 ,40009 40845 47407 48171 56840 58824 59391 61719 63652 64882 
429476 96233 487220 548649 601236 97512 364113 182754 903117 662641 ,27669 28513 28563 28574 28799 29898 30227 30289 32034 32088 ,429476 96233 487220 548649 601236 97512 364113 182754 903117 662641 ,27669 28513 28563 28574 28799 29898 30227 30289 32034 32088 
544262 539979 606558 710329 171151 112915 263755 916583 943171 919190 ,38047 39108 40499 43174 44683 44936 46644 46844 46984 47504 ,544262 539979 606558 710329 171151 112915 263755 916583 943171 919190 ,38047 39108 40499 43174 44683 44936 46644 46844 46984 47504 
485209 9716 934089 774684 334738 402835 556536 27186 104051 617057 ,52152 52402 53793 59549 61993 62197 62822 63171 64859 65359 ,485209 9716 934089 774684 334738 402835 556536 27186 617057 805512 ,52152 52402 53793 59549 61993 62197 62822 63171 65359 66517 
364308 685108 780705 772038 250660 363958 544515 249226 780505 255157 ,23376 25616 26283 26600 27798 28197 28504 28593 29667 30099 ,364308 685108 780705 772038 250660 363958 544515 249226 780505 255157 ,23376 25616 26283 26600 27798 28197 28504 28593 29667 30099 
236554 612610 886597 612806 190915 810889 696457 539828 952977 814360 ,10732 13234 14920 15002 15132 18025 19562 19807 20453 21205 ,236554 612610 886597 612806 190915 810889 696457 539828 952977 814360 ,10732 13234 14920 15002 15132 18025 19562 19807 20453 21205 
841707 614744 986209 390026 724106 982949 550793 842391 544354 452533 ,67235 73002 73157 74332 76899 78944 79919 91136 91760 93374 ,841707 614744 986209 390026 724106 982949 550793 842391 544354 452533 ,67235 73002 73157 74332 76899 78944 79919 91136 91760 93374 
603689 424336 306023 682609 423562 254228 158307 883451 546738 862063 ,22528 24829 26193 27113 27420 27693 29025 29335 29661 30206 ,424336 158307 883451 546738 939623 227238 715616 959118 227254 203413 ,24829 29025 29335 29661 31009 31505 32112 32695 35058 35457 
849463 655969 989971 763882 2337 826647 891344 211377 536234 212430 ,17486 18120 18930 19450 19885 19917 19952 20173 20482 20785 ,849463 655969 989971 763882 2337 891344 211377 536234 212430 848820 ,17486 18120 18930 19450 19885 19952 20173 20482 20785 20901 
415448 703322 200032 105528 16524 29261 204975 369162 607302 53801 ,48033 50662 52116 52160 55848 56301 56616 58521 59449 59921 ,415448 703322 200032 105528 16524 29261 204975 369162 607302 53801 ,48033 50662 52116 52160 55848 56301 56616 58521 59449 59921 
606338 335889 508600 264195 451108 264661 736769 199947 822360 339634 ,41718 44030 47099 47422 47437 48726 48774 48914 48919 49241 ,606338 335889 508600 264195 451108 264661 736769 199947 822360 339634 ,41718 44030 47099 47422 47437 48726 48774 48914 48919 49241 
700415 57558 693729 849180 215995 419725 374907 80149 687376 517355 ,22602 23214 26578 29586 29842 30813 33329 34946 35247 36016 ,700415 57558 693729 849180 215995 419725 80149 687376 517355 455260 ,22602 23214 26578 29586 29842 30813 34946 35247 36016 36086 
772317 522318 772720 881588 965267 887259 16036 511868 17238 997943 ,41202 41946 46137 47193 47647 48108 48260 48405 49281 49342 ,772317 522318 772720 881588 965267 887259 16036 511868 17238 997943 ,41202 41946 46137 47193 47647 48108 48260 48405 49281 49342 
664793 501087 374933 470857 983013 810267 560980 913075 311446 950404 ,51297 53740 58957 61578 62931 63953 64073 64275 64713 65293 ,664793 501087 374933 470857 983013 810267 560980 913075 311446 950404 ,51297 53740 58957 61578 62931 63953 64073 64275 64713 65293 
715893 793127 890435 801893 652572 418819 559776 104638 644652 236329 ,22979 33425 34598 36250 36434 37068 37594 37872 38210 38211 ,715893 793127 890435 801893 652572 418819 559776 104638 644652 236329 ,22979 33425 34598 36250 36434 37068 37594 37872 38210 38211 
972752 145317 183355 442243 129005 67713 494194 405899 378233 369753 ,96350 102522 109904 111625 111632 116655 124957 125617 127981 128102 ,972752 145317 183355 442243 129005 67713 494194 405899 378233 369753 ,96350 102522 109904 111625 111632 116655 124957 125617 127981 128102 
665930 554529 349884 847617 948373 921441 756694 724776 6630 544357 ,30537 33031 35369 39149 39342 41341 41680 41787 42445 42638 ,665930 554529 349884 847617 948373 921441 756694 724776 6630 544357 ,30537 33031 35369 39149 39342 41341 41680 41787 42445 42638 
245194 96266 70057 374097 600483 586138 671999 907820 951716 359838 ,127488 135990 137222 138137 138420 140503 145575 153665 158690 159312 ,245194 96266 70057 374097 600483 586138 671999 907820 951716 359838 ,127488 135990 137222 138137 138420 140503 145575 153665 158690 159312 
439786 385189 590580 346521 616055 306342 593923 550790 984140 324605 ,40635 41098 43603 51190 51983 52280 52607 52909 55191 55328 ,439786 385189 590580 346521 616055 306342 593923 550790 984140 324605 ,40635 41098 43603 51190 51983 52280 52607 52909 55191 55328 
754386 473289 210648 852693 786950 823427 502383 434298 491180 750323 ,60421 68798 69651 72421 73359 74373 75431 81563 81623 81996 ,754386 473289 210648 852693 786950 823427 502383 434298 491180 750323 ,60421 68798 69651 72421 73359 74373 75431 81563 81623 81996 
307616 780554 55969 673481 364844 483124 545192 566955 674847 733139 ,23617 26944 29896 31608 31959 31997 32247 32456 32609 32724 ,307616 780554 55969 673481 364844 483124 545192 566955 674847 733139 ,23617 26944 29896 31608 31959 31997 32247 32456 32609 32724 
605433 254530 401780 333728 884177 882056 769026 499160 150967 959242 ,34953 42658 43884 47636 50768 56354 56901 57388 57592 57721 ,605433 254530 401780 333728 884177 882056 769026 499160 150967 959242 ,34953 42658 43884 47636 50768 56354 56901 57388 57592 57721 
754719 958068 810589 657343 837490 970143 572006 379044 412090 929284 ,45946 47176 50659 51887 57238 57923 58085 59418 60114 60359 ,754719 958068 810589 657343 837490 970143 572006 379044 412090 929284 ,45946 47176 50659 51887 57238 57923 58085 59418 60114 60359 
752678 60623 794836 75911 916418 932815 755881 715315 724183 219749 ,45214 61843 64045 65129 65593 66681 69036 71508 71809 72403 ,752678 60623 794836 75911 916418 932815 755881 715315 724183 219749 ,45214 61843 64045 65129 65593 66681 69036 71508 71809 72403 
329834 56121 279279 50523 713561 52153 292380 292760 248389 682433 ,22250 23132 24457 25775 26042 26371 26554 26652 27236 27828 ,329834 56121 279279 50523 713561 52153 292380 292760 248389 682433 ,22250 23132 24457 25775 26042 26371 26554 26652 27236 27828 
550945 271286 700858 151931 603388 795744 518442 924606 569543 292705 ,60448 60755 62020 62274 62460 62852 62877 63241 65009 65571 ,550945 271286 700858 151931 603388 795744 518442 924606 569543 292705 ,60448 60755 62020 62274 62460 62852 62877 63241 65009 65571 
422718 122712 33404 122766 542505 422838 210958 766303 422846 542722 ,28622 29517 29926 30726 31063 31785 31828 32500 33423 33567 ,422718 122766 422846 211521 763719 846336 648153 150000 384625 366400 ,28622 30726 33423 33586 35487 35772 37928 38463 38832 38942 
870938 982640 806665 559569 234387 323739 878565 933947 305611 619019 ,73926 76133 82357 84386 86445 88527 89087 89126 93593 94463 ,870938 982640 806665 559569 234387 323739 878565 933947 305611 619019 ,73926 76133 82357 84386 86445 88527 89087 89126 93593 94463 
794028 672146 993364 673772 572983 783894 805062 975722 676617 852657 ,47280 56003 59306 59322 59957 62899 63324 63804 66218 66724 ,794028 672146 993364 673772 572983 783894 805062 975722 676617 852657 ,47280 56003 59306 59322 59957 62899 63324 63804 66218 66724 
540820 996096 493762 462078 409089 674626 200510 493671 419725 478834 ,41439 46680 51470 56464 57633 59328 61365 62906 64512 65003 ,540820 996096 493762 462078 409089 674626 200510 493671 419725 478834 ,41439 46680 51470 56464 57633 59328 61365 62906 64512 65003 
411137 810499 901312 380766 386961 51623 903404 39827 438447 808172 ,35706 42476 42629 45448 45723 48349 50577 55511 55612 55799 ,411137 810499 380766 386961 51623 903404 39827 438447 808172 642290 ,35706 42476 45448 45723 48349 50577 55511 55612 55799 57284 
340275 890066 973565 40780 890741 227654 985037 983884 641917 833221 ,24173 26279 26539 26689 27582 27660 27783 28758 29284 29472 ,340275 890066 973565 40780 890741 227654 985037 983884 641917 833221 ,24173 26279 26539 26689 27582 27660 27783 28758 29284 29472 
82242 515510 55846 723928 90273 85770 121975 363717 88228 923198 ,37885 42709 47084 47408 47973 48868 49794 50909 51835 51836 ,82242 515510 55846 723928 90273 85770 121975 363717 88228 923198 ,37885 42709 47084 47408 47973 48868 49794 50909 51835 51836 
888011 536932 768357 863956 602252 881606 40267 641872 768599 425889 ,37560 45060 52934 53886 58294 59314 64724 64995 70495 73926 ,888011 536932 768357 863956 602252 881606 40267 641872 768599 425889 ,37560 45060 52934 53886 58294 59314 64724 64995 70495 73926 
166265 677358 757627 789144 804820 856497 875007 967260 648943 675771 ,60737 61273 64623 64695 66079 67322 68489 69397 71309 74431 ,166265 677358 757627 789144 804820 856497 875007 967260 648943 675771 ,60737 61273 64623 64695 66079 67322 68489 69397 71309 74431 
568787 757630 970464 751268 855899 567201 757968 568486 963014 758385 ,32471 38646 39951 40544 40640 40969 41280 41643 41647 42967 ,568787 757630 970464 751268 855899 567201 757968 568486 963014 758385 ,32471 38646 39951 40544 40640 40969 41280 41643 41647 42967 
406097 861660 649437 404667 649139 869605 651061 760798 242437 870108 ,35291 35590 40312 41726 42998 43039 44106 45080 45374 47118 ,406097 861660 649437 404667 649139 869605 651061 760798 870108 999849 ,35291 35590 40312 41726 42998 43039 44106 45080 47118 47471 
639338 716980 966795 717567 763029 614531 10978 718247 514311 71023 ,64078 65116 65789 66696 71370 71708 72225 73118 74475 77200 ,639338 716980 966795 717567 763029 614531 10978 718247 514311 71023 ,64078 65116 65789 66696 71370 71708 72225 73118 74475 77200 
284163 61130 360380 309921 879486 236747 797392 362897 426136 464383 ,49963 52779 53481 60057 62561 62621 62665 62793 63294 64278 ,61130 360380 309921 879486 797392 362897 464383 752761 980818 76347 ,52779 53481 60057 62561 62665 62793 64278 64319 64606 64795 
619196 817038 212441 815758 674959 841726 950979 574770 815654 314210 ,45059 56243 59077 59704 60710 61562 63849 65072 65467 65978 ,619196 817038 212441 815758 674959 841726 950979 574770 314210 983151 ,45059 56243 59077 59704 60710 61562 63849 65072 65978 66699 
409281 686836 226087 521394 755451 863406 409914 53695 459803 831309 ,31827 36486 38607 40781 40866 41740 42119 42774 42956 44253 ,409281 686836 226087 521394 755451 863406 409914 53695 459803 831309 ,31827 36486 38607 40781 40866 41740 42119 42774 42956 44253 
386882 763483 794541 410792 407852 595653 280278 778027 217413 243059 ,35117 55916 56162 59536 74143 78335 79646 83360 84915 87374 ,386882 763483 794541 410792 407852 595653 280278 778027 217413 243059 ,35117 55916 56162 59536 74143 78335 79646 83360 84915 87374 
288342 528237 882026 752320 429814 719060 529903 464077 913983 771297 ,100020 115960 121322 124388 124984 125740 126069 127461 129700 129864 ,288342 528237 882026 752320 429814 719060 529903 464077 913983 771297 ,100020 115960 121322 124388 124984 125740 126069 127461 129700 129864 
948072 707832 489772 885463 495409 948408 177327 163888 788654 178479 ,68931 77147 78821 78981 79780 81019 81670 82694 82750 84145 ,948072 489772 885463 495409 948408 163888 788654 178479 947837 177913 ,68931 78821 78981 79780 81019 82694 82750 84145 84641 85227 
96014 864255 986066 327983 663923 837626 69946 151987 848232 673347 ,57361 64492 65307 65320 74135 78329 80091 81045 81184 81511 ,96014 864255 986066 327983 663923 837626 69946 151987 848232 673347 ,57361 64492 65307 65320 74135 78329 80091 81045 81184 81511 
134120 743974 634473 207570 965899 902860 384192 49859 786060 351638 ,34869 36211 36716 37431 38421 38894 40274 40626 42026 42244 ,134120 743974 634473 207570 965899 902860 384192 49859 786060 351638 ,34869 36211 36716 37431 38421 38894 40274 40626 42026 42244 
593577 452936 593036 737404 452645 45910 800542 799978 459709 222233 ,24252 24726 28013 29026 29167 31481 31595 31654 31844 31901 ,593577 452936 593036 737404 45910 800542 799978 459709 222233 45385 ,24252 24726 28013 29026 31481 31595 31654 31844 31901 32916 
673367 213276 758087 675216 225543 646415 324125 890885 837635 852854 ,84978 91953 92117 93734 96557 96848 98124 99331 100122 100739 ,673367 213276 758087 675216 225543 646415 324125 890885 837635 852854 ,84978 91953 92117 93734 96557 96848 98124 99331 100122 100739 
801741 248573 400119 831078 921494 691984 173797 595476 66588 36011 ,92915 105885 108985 109146 109905 111189 112293 114271 115725 116520 ,801741 248573 400119 831078 921494 691984 173797 595476 66588 36011 ,92915 105885 108985 109146 109905 111189 112293 114271 115725 116520 
852499 755948 756065 261045 839686 29110 260952 825147 847937 611916 ,92815 96186 106440 106628 108480 109972 112700 115685 118974 120396 ,852499 755948 756065 261045 839686 29110 260952 825147 847937 611916 ,92815 96186 106440 106628 108480 109972 112700 115685 118974 120396 
539755 654457 810459 770162 770142 212125 640515 802126 640313 640639 ,23532 24213 24218 24449 24654 26773 27256 27654 27861 27955 ,539755 654457 810459 770162 770142 212125 640515 802126 640313 640639 ,23532 24213 24218 24449 24654 26773 27256 27654 27861 27955 
487981 245184 269256 682238 250781 564583 264319 308499 980284 211900 ,86293 91955 92138 93945 94467 94524 100297 100474 101033 101824 ,487981 245184 269256 682238 250781 564583 264319 308499 980284 211900 ,86293 91955 92138 93945 94467 94524 100297 100474 101033 101824 
386927 55615 463770 576593 651713 15097 487038 268475 695242 113179 ,89999 90448 92184 95106 97343 99384 100545 101878 102980 103482 ,386927 55615 463770 576593 651713 15097 487038 268475 695242 113179 ,89999 90448 92184 95106 97343 99384 100545 101878 102980 103482 
665137 979004 999156 989690 674345 142214 613786 342551 810189 112503 ,81122 81588 84029 89122 90508 91999 92022 94572 95123 96319 ,665137 979004 999156 989690 674345 142214 613786 342551 810189 112503 ,81122 81588 84029 89122 90508 91999 92022 94572 95123 96319 
269648 208349 120764 699708 402081 629597 436070 371360 397169 420698 ,71947 74013 74496 74644 75139 77924 79014 79899 80791 81288 ,269648 208349 699708 402081 629597 436070 371360 397169 420698 110557 ,71947 74013 74644 75139 77924 79014 79899 80791 81288 81354 
549134 844055 514527 179787 742695 791282 182156 785199 168652 678389 ,61981 62119 62142 63733 63738 64420 65161 65394 65926 66012 ,549134 844055 514527 179787 742695 791282 182156 785199 168652 678389 ,61981 62119 62142 63733 63738 64420 65161 65394 65926 66012 
24310 709361 37839 105176 817240 659351 816624 447645 816450 982139 ,56412 64335 68055 72256 75457 76022 76893 77516 80003 80084 ,24310 79637 447467 734816 205588 926153 946938 676334 474664 290170 ,56412 85965 88387 89080 90521 91535 94635 96279 96400 99061 
983156 373767 646031 373809 947093 260845 854596 756257 788169 788344 ,51392 51455 51747 52318 52391 52758 53721 53722 54939 55187 ,983156 373767 646031 373809 947093 260845 854596 756257 788169 788344 ,51392 51455 51747 52318 52391 52758 53721 53722 54939 55187 
880017 236802 732141 623818 576235 641279 509987 832117 860969 361089 ,34498 39923 47169 49170 49434 51223 52965 54820 55543 55739 ,880017 732141 623818 576235 641279 509987 832117 860969 361089 562787 ,34498 47169 49170 49434 51223 52965 54820 55543 55739 56260 
213890 106761 108384 144345 626693 683125 921944 828877 696198 459128 ,68883 70960 71229 72666 74402 76919 78967 79309 81392 81767 ,213890 108384 144345 626693 683125 921944 828877 696198 459128 240485 ,68883 71229 72666 74402 76919 78967 79309 81392 81767 82364 
920848 847342 949000 219836 603051 589723 825109 379861 236921 929962 ,39158 44069 48694 49590 50717 51026 51039 52671 53090 53349 ,920848 847342 949000 219836 603051 589723 825109 379861 236921 929962 ,39158 44069 48694 49590 50717 51026 51039 52671 53090 53349 
32656 806484 32566 449175 173227 464955 364175 629622 806785 928365 ,56845 61216 62806 63552 65725 66126 66529 66760 66912 67710 ,32656 806484 32566 449175 173227 464955 364175 629622 806785 420319 ,56845 61216 62806 63552 65725 66126 66529 66760 66912 68148 
74006 506799 860265 862403 970781 129075 798731 275910 156799 433485 ,69176 72774 76864 82820 84498 85372 87115 96475 96724 96944 ,74006 506799 860265 862403 970781 129075 798731 275910 156799 433485 ,69176 72774 76864 82820 84498 85372 87115 96475 96724 96944 
848001 856183 482491 750943 435654 438591 63348 879852 730500 681796 ,53277 56156 59060 61607 62606 69523 70065 70142 70770 71061 ,848001 856183 482491 750943 435654 438591 63348 879852 730500 681796 ,53277 56156 59060 61607 62606 69523 70065 70142 70770 71061 
676529 824189 978075 837240 616406 557842 771586 800997 904270 656530 ,30978 31322 31545 37354 39816 42820 43783 45980 46908 46950 ,676529 824189 837240 616406 557842 771586 800997 904270 656530 770320 ,30978 31322 37354 39816 42820 43783 45980 46908 46950 47589 
401683 646262 794436 381448 31782 108973 869892 104620 152943 614142 ,83370 84534 84686 85498 86268 90540 93046 96322 97622 99365 ,401683 646262 794436 381448 31782 108973 869892 104620 152943 614142 ,83370 84534 84686 85498 86268 90540 93046 96322 97622 99365 
480570 287865 274164 899678 740085 938400 727065 845035 726922 917666 ,75993 80166 80425 81018 82141 83712 87779 89672 91185 91432 ,480570 274164 899678 740085 938400 727065 845035 726922 917666 258181 ,75993 80425 81018 82141 83712 87779 89672 91185 91432 92780 
961610 715862 343774 789755 137793 756480 680946 680703 994873 789238 ,43709 46408 53670 56419 57291 60409 60611 61929 64279 68362 ,715862 343774 363280 819467 656071 637311 462293 761732 294822 468507 ,46408 53670 72957 78849 92162 92171 92634 95154 96235 104334 
180737 542766 919879 2578 732564 273278 870753 377098 474487 588395 ,52208 62968 65484 65757 66178 66387 66587 66916 67721 68893 ,180737 542766 919879 2578 732564 273278 870753 377098 474487 588395 ,52208 62968 65484 65757 66178 66387 66587 66916 67721 68893 
930817 264349 291260 516392 807444 510901 450450 927117 110155 834599 ,49452 51306 52055 55190 55641 56226 57112 57159 57431 58435 ,930817 264349 291260 516392 807444 510901 450450 927117 110155 834599 ,49452 51306 52055 55190 55641 56226 57112 57159 57431 58435 
47182 523532 349199 687663 192064 494013 450838 617626 11048 49039 ,61450 62051 63630 65243 65245 65397 71616 74876 75746 77466 ,523532 349199 687663 192064 494013 450838 617626 11048 49039 737326 ,62051 63630 65243 65245 65397 71616 74876 75746 77466 80204 
820735 906522 839318 839334 443280 654812 839476 646399 546294 820700 ,6512 7186 7528 8551 9260 9332 9417 10365 10486 10891 ,839476 654645 560292 804558 789281 559725 46796 559709 767086 831910 ,9417 14698 16185 17857 18612 18758 20006 20972 22242 22888 
901338 430499 886142 644286 818133 113764 853467 51971 886171 848054 ,45216 59018 59232 62482 63498 66018 68371 68652 68772 69133 ,901338 430499 886142 644286 818133 113764 853467 51971 886171 848054 ,45216 59018 59232 62482 63498 66018 68371 68652 68772 69133 
161646 820235 112709 113693 468829 113146 468998 754647 820285 228895 ,29843 36515 37497 38234 39952 40567 40810 41748 41877 42403 ,161646 820235 112709 113693 468829 113146 468998 754647 820285 228895 ,29843 36515 37497 38234 39952 40567 40810 41748 41877 42403 
301044 605690 769274 782231 968287 917411 883830 260487 287439 299835 ,69068 69619 71024 72438 72950 73465 75254 75460 75818 76433 ,343354 766136 236010 11604 764782 373499 785911 92704 310906 748310 ,76696 85965 86405 87625 88115 90361 91662 94017 94316 94514 
248831 471402 200048 143715 413145 228401 181023 777242 429191 600758 ,57803 57878 67784 69753 71174 72849 76524 77113 79758 82153 ,248831 471402 200048 143715 413145 228401 181023 777242 429191 600758 ,57803 57878 67784 69753 71174 72849 76524 77113 79758 82153 
323253 287301 98956 957687 427557 719194 177613 271821 367031 780115 ,24852 31786 32994 33775 33781 35249 35589 35871 36042 36218 ,177613 367031 81213 954125 347556 366433 239003 430357 297789 449179 ,35589 36042 38346 38711 39072 39149 39314 39356 39733 40243 
230861 613376 940674 229925 59691 539777 889596 762637 384875 191485 ,37948 38695 40205 41427 43646 43835 44083 44229 44632 44778 ,230861 613376 940674 229925 59691 539777 889596 762637 384875 191485 ,37948 38695 40205 41427 43646 43835 44083 44229 44632 44778 
260227 960909 316665 322268 177069 131419 329895 229131 949086 2156 ,90411 92573 93191 95026 95288 95379 96512 96935 98524 101942 ,260227 960909 316665 322268 177069 131419 329895 949086 2156 692755 ,90411 92573 93191 95026 95288 95379 96512 98524 101942 102136 
731787 513026 16722 582196 234749 829427 417402 667048 661486 293994 ,124529 143076 151802 159177 159350 161670 166067 167396 167640 170693 ,731787 513026 16722 582196 234749 829427 417402 667048 661486 293994 ,124529 143076 151802 159177 159350 161670 166067 167396 167640 170693 
101399 529544 295030 617500 194264 520751 775183 616783 288682 293048 ,33614 53537 54384 55715 56278 56985 57110 59463 59709 60399 ,101399 529544 295030 617500 194264 520751 775183 616783 288682 293048 ,33614 53537 54384 55715 56278 56985 57110 59463 59709 60399 
777221 837909 765682 837859 645846 837679 610126 140818 581194 886257 ,15482 33410 35508 36030 37276 37657 38096 38331 38508 39309 ,777221 837909 765682 837859 645846 837679 610126 140818 581194 886257 ,15482 33410 35508 36030 37276 37657 38096 38331 38508 39309 
69602 460427 821040 3846 749064 862533 667728 611206 239396 67380 ,66351 68033 69663 69925 72350 73171 80513 81466 81907 82394 ,69602 460427 821040 3846 749064 862533 667728 611206 239396 67380 ,66351 68033 69663 69925 72350 73171 80513 81466 81907 82394 
777011 96277 115246 525404 314297 79632 297263 772895 997519 559765 ,33111 50435 53229 53292 53954 54039 54622 56278 56385 56585 ,777011 96277 115246 525404 314297 79632 297263 772895 997519 559765 ,33111 50435 53229 53292 53954 54039 54622 56278 56385 56585 
753519 247523 883939 677997 182100 511520 850798 193100 310664 247689 ,51418 53282 55160 55469 56391 58530 59647 61441 61627 61693 ,753519 247523 883939 677997 182100 511520 850798 193100 310664 247689 ,51418 53282 55160 55469 56391 58530 59647 61441 61627 61693 
624990 166273 178082 808952 615141 186775 165558 256128 865220 313907 ,77230 93308 97521 100673 101956 102471 107558 108240 112103 113798 ,624990 166273 178082 615141 186775 165558 256128 865220 313907 619882 ,77230 93308 97521 101956 102471 107558 108240 112103 113798 114203 
808293 577598 480674 719815 920380 699323 195807 731949 797396 171570 ,63725 65682 69639 70113 70319 74489 79280 80219 81076 81079 ,808293 577598 480674 719815 920380 699323 195807 731949 797396 171570 ,63725 65682 69639 70113 70319 74489 79280 80219 81076 81079 
32140 162965 367907 157641 929523 834521 488597 595770 272155 871448 ,69270 71386 72159 72433 72861 73317 74457 75097 75680 76038 ,32140 162965 367907 157641 929523 834521 488597 595770 272155 871448 ,69270 71386 72159 72433 72861 73317 74457 75097 75680 76038 
207049 656058 375572 735490 216520 911912 996856 766184 39692 654046 ,20308 20539 21462 21839 22269 22939 23573 24886 24894 25208 ,207049 656058 375572 735490 216520 911912 996856 766184 39692 654046 ,20308 20539 21462 21839 22269 22939 23573 24886 24894 25208 
870686 374780 862634 862212 251093 2294 111871 374144 830232 767402 ,8094 11202 16388 19749 20666 21272 22807 23695 24265 25340 ,870686 374780 862634 862212 251093 2294 111871 374144 830232 767402 ,8094 11202 16388 19749 20666 21272 22807 23695 24265 25340 
102859 614134 546975 882635 662500 358208 642195 915786 919356 837995 ,43409 43940 46941 47130 52438 53076 53136 53236 53783 54669 ,102859 546975 882635 662500 358208 642195 915786 919356 837995 303791 ,43409 46941 47130 52438 53076 53136 53236 53783 54669 54691 
856301 69242 491043 729289 273972 960906 770844 460958 822310 871515 ,48725 81267 85858 86186 87358 93892 98615 100157 100847 101193 ,856301 69242 491043 729289 273972 960906 770844 460958 822310 871515 ,48725 81267 85858 86186 87358 93892 98615 100157 100847 101193 
925175 233542 477918 278177 914432 851061 824716 12542 276290 948973 ,63899 66898 67610 68719 70438 72568 75223 77419 78001 78548 ,925175 233542 477918 278177 914432 851061 824716 12542 276290 948973 ,63899 66898 67610 68719 70438 72568 75223 77419 78001 78548 
790937 552767 655064 914345 426605 442385 292809 881784 154992 912324 ,43850 48136 48267 48510 55009 59111 60927 61174 61448 62653 ,790937 552767 655064 914345 426605 442385 292809 881784 154992 912324 ,43850 48136 48267 48510 55009 59111 60927 61174 61448 62653 
861408 642138 819213 920465 820576 919687 297324 824057 975152 290968 ,26994 28180 29795 30578 33238 34879 35131 36470 36996 37021 ,861408 642138 819213 920465 820576 919687 297324 824057 975152 290968 ,26994 28180 29795 30578 33238 34879 35131 36470 36996 37021 
401189 47159 137947 658066 412190 880008 626608 671360 950230 291796 ,46964 48337 51719 55587 64879 69875 72106 73549 75275 75348 ,401189 47159 137947 658066 412190 880008 626608 671360 950230 291796 ,46964 48337 51719 55587 64879 69875 72106 73549 75275 75348 
524435 921492 390547 90548 109210 212364 275188 590176 123935 152692 ,60599 63334 65007 66082 67169 71315 73565 73619 74749 75763 ,524435 921492 390547 90548 109210 212364 275188 590176 123935 152692 ,60599 63334 65007 66082 67169 71315 73565 73619 74749 75763 
941011 669518 578600 874367 819086 697445 982597 882623 501780 772320 ,49895 51287 51439 55799 56343 59380 60117 64952 65997 66783 ,941011 669518 578600 874367 819086 697445 982597 882623 501780 772320 ,49895 51287 51439 55799 56343 59380 60117 64952 65997 66783 
24655 24207 778509 547006 275634 258124 498872 574401 246300 125921 ,78245 78417 82709 85373 87495 88085 89492 90771 91782 91937 ,24655 24207 778509 547006 275634 258124 498872 574401 246300 125921 ,78245 78417 82709 85373 87495 88085 89492 90771 91782 91937 
474237 46896 903404 575274 138526 195670 172449 729906 146583 410559 ,81501 84436 89917 95824 101903 104889 105212 105367 106029 107548 ,474237 46896 903404 575274 138526 195670 172449 729906 146583 410559 ,81501 84436 89917 95824 101903 104889 105212 105367 106029 107548 
479252 308802 703343 686700 495275 196037 227575 393759 422003 41347 ,91223 112988 115225 120132 128642 129770 134245 134999 142634 142713 ,479252 308802 703343 686700 495275 196037 227575 393759 422003 41347 ,91223 112988 115225 120132 128642 129770 134245 134999 142634 142713 
120306 450839 429039 73917 169221 478101 297428 265541 450866 230230 ,48504 58454 60584 63668 64361 64682 67245 68875 68972 69672 ,120306 450839 429039 73917 169221 478101 297428 265541 450866 230230 ,48504 58454 60584 63668 64361 64682 67245 68875 68972 69672 
572782 112362 51555 641167 153637 117725 55460 801941 479954 559648 ,67998 70684 76031 76943 78085 81578 83357 84360 84594 86368 ,572782 112362 51555 641167 153637 117725 55460 801941 479954 559648 ,67998 70684 76031 76943 78085 81578 83357 84360 84594 86368 
124062 12839 750238 728418 690787 512347 691077 12918 539762 14760 ,61989 66268 66645 72085 73060 74821 76192 77371 77512 79304 ,124062 12839 750238 728418 690787 512347 691077 12918 539762 14760 ,61989 66268 66645 72085 73060 74821 76192 77371 77512 79304 
604388 229300 987290 428875 216983 852558 996172 398365 832955 874367 ,31389 36277 37769 37901 38339 38677 39550 39851 41294 41341 ,604388 229300 987290 428875 216983 852558 996172 398365 832955 874367 ,31389 36277 37769 37901 38339 38677 39550 39851 41294 41341 
193427 354420 66607 462406 334240 984616 926635 740701 360492 317182 ,46947 50562 50626 51860 54218 54668 54937 56274 57958 58303 ,193427 354420 66607 462406 334240 984616 926635 740701 360492 317182 ,46947 50562 50626 51860 54218 54668 54937 56274 57958 58303 
706513 366973 491550 150164 175251 597196 503905 816846 787089 456112 ,83538 86300 86781 87380 87500 89209 89253 91815 92543 93430 ,706513 366973 491550 150164 175251 597196 503905 816846 787089 456112 ,83538 86300 86781 87380 87500 89209 89253 91815 92543 93430 
499474 944356 422231 457963 244778 112267 86009 834734 227182 627479 ,66245 70763 71163 71163 76430 77567 80678 81714 83153 83312 ,499474 944356 422231 457963 244778 112267 86009 834734 227182 627479 ,66245 70763 71163 71163 76430 77567 80678 81714 83153 83312 
658066 375653 818481 905902 215454 375320 858672 818644 291796 405345 ,47858 56377 56512 57633 61079 62888 63021 66876 67579 68317 ,658066 375653 818481 905902 215454 375320 858672 818644 291796 405345 ,47858 56377 56512 57633 61079 62888 63021 66876 67579 68317 
304062 129117 641934 53503 708707 108361 907254 634037 705487 271143 ,45949 54896 66078 66466 69129 72035 74066 82626 83479 85967 ,304062 129117 641934 53503 708707 108361 907254 634037 705487 271143 ,45949 54896 66078 66466 69129 72035 74066 82626 83479 85967 
814484 770713 476001 615348 651899 711282 269383 647046 870595 537219 ,27132 39918 49935 52531 59848 63990 65147 70707 71093 73053 ,814484 770713 476001 615348 651899 711282 269383 647046 870595 537219 ,27132 39918 49935 52531 59848 63990 65147 70707 71093 73053 
596232 828809 828937 603051 538283 231552 586671 985039 767088 206620 ,27295 29909 30819 36971 38027 38270 40022 40073 40419 40566 ,538283 586671 416393 790163 825523 666485 102164 41228 555057 790443 ,38027 40022 45463 49701 51631 53188 53593 54919 55500 56196 
920206 449088 912407 680751 346207 273583 900069 719830 972860 907390 ,42182 44031 48805 49659 51259 52808 53135 54821 54842 55978 ,449088 273583 907390 864781 638674 745439 568066 747127 207608 977884 ,44031 52808 55978 56279 57303 59901 60397 62445 62507 62948 
576842 425280 721602 25514 160256 24392 441884 951442 220117 671619 ,49014 57972 61126 65347 68900 69490 73194 75123 76308 76985 ,576842 425280 25514 160256 24392 441884 951442 220117 671619 517000 ,49014 57972 65347 68900 69490 73194 75123 76308 76985 77607 
671861 51613 480487 800463 7766 793456 75187 390863 821818 53898 ,27574 53405 53424 58170 61023 62450 63311 63907 64569 68225 ,671861 51613 480487 800463 7766 793456 75187 390863 821818 53898 ,27574 53405 53424 58170 61023 62450 63311 63907 64569 68225 
73210 904728 660880 202552 299 289056 710261 368683 787472 203341 ,63446 68286 69136 69215 69584 69695 72918 73579 74114 74797 ,73210 904728 660880 202552 299 289056 710261 368683 787472 203341 ,63446 68286 69136 69215 69584 69695 72918 73579 74114 74797 
108379 360250 145759 925174 978145 708173 534216 120562 403427 822254 ,71633 75900 77695 78597 80078 82135 82677 83448 83791 84424 ,108379 360250 145759 925174 978145 708173 534216 120562 403427 822254 ,71633 75900 77695 78597 80078 82135 82677 83448 83791 84424 
810367 239714 319349 65499 940889 543794 595702 20844 465935 797839 ,59354 73520 75403 79964 80518 81985 82152 82310 82434 82570 ,810367 239714 319349 65499 940889 543794 595702 20844 465935 797839 ,59354 73520 75403 79964 80518 81985 82152 82310 82434 82570 
79126 972864 230912 938862 542077 513095 257652 76396 540254 14186 ,57938 70662 74907 77113 79919 81536 81584 82763 84361 84561 ,79126 972864 230912 938862 542077 513095 257652 76396 540254 14186 ,57938 70662 74907 77113 79919 81536 81584 82763 84361 84561 
912984 404412 746381 659943 374811 532665 538689 60379 592980 665667 ,100114 114344 121728 123670 127137 128555 133050 135149 136060 137002 ,912984 404412 746381 659943 374811 532665 538689 60379 592980 665667 ,100114 114344 121728 123670 127137 128555 133050 135149 136060 137002 
646929 315255 414516 778911 881872 397042 205103 987947 409106 272029 ,67607 87553 91586 93603 93904 95888 97513 97684 98114 98289 ,646929 315255 414516 778911 881872 397042 205103 987947 409106 272029 ,67607 87553 91586 93603 93904 95888 97513 97684 98114 98289 
860597 568882 698308 333494 442889 67761 874870 770872 220677 270900 ,84944 92957 93819 105407 106258 108946 109017 116258 117000 120512 ,860597 568882 698308 333494 442889 67761 874870 770872 220677 270900 ,84944 92957 93819 105407 106258 108946 109017 116258 117000 120512 
752244 671027 225328 60771 843425 595543 404101 918970 62390 594096 ,53480 57664 58621 59051 59336 59668 59795 61822 61984 62144 ,752244 671027 225328 60771 843425 595543 404101 918970 62390 594096 ,53480 57664 58621 59051 59336 59668 59795 61822 61984 62144 
494660 896887 488824 577966 730564 417112 692401 82759 355991 226327 ,74502 80383 84047 84165 84350 87212 87998 88155 88688 90172 ,494660 896887 488824 577966 730564 417112 692401 82759 355991 226327 ,74502 80383 84047 84165 84350 87212 87998 88155 88688 90172 
42475 473536 293134 488641 638955 483440 913013 376417 227349 914373 ,39287 41446 41895 42335 42749 44830 44861 46224 46744 47291 ,42475 473536 293134 488641 638955 913013 376417 227349 914373 567436 ,39287 41446 41895 42335 42749 44861 46224 46744 47291 47742 
874707 270866 86562 222157 774895 221311 194302 425737 309069 190037 ,83490 85206 88491 89047 89467 90096 90865 91019 91771 92275 ,874707 270866 86562 222157 774895 221311 194302 425737 309069 190037 ,83490 85206 88491 89047 89467 90096 90865 91019 91771 92275 
794801 536996 794481 937533 745550 953820 805320 630234 882242 680593 ,65958 69677 73559 76937 77090 80458 81054 81733 83852 85567 ,794801 745550 953820 630234 680593 787192 378615 111510 838244 863548 ,65958 77090 80458 81733 85567 91666 92171 93844 95319 95555 
790354 376967 276290 201093 272300 823113 157125 403488 246220 853305 ,67438 72427 75469 75985 77013 79326 79352 80275 80348 81273 ,790354 376967 276290 201093 272300 823113 157125 403488 246220 853305 ,67438 72427 75469 75985 77013 79326 79352 80275 80348 81273 
134251 999523 755040 189213 423742 423701 753972 189179 298298 558387 ,34327 36258 37712 37846 41704 41998 42279 42450 43351 43938 ,134251 999523 755040 189213 423742 423701 189179 298298 558387 322035 ,34327 36258 37712 37846 41704 41998 42450 43351 43938 45064 
85436 215127 433219 452399 59130 947106 542468 822526 700655 610200 ,54015 56337 58774 59195 60349 61026 61562 61784 62364 63355 ,85436 215127 433219 452399 59130 947106 542468 822526 700655 610200 ,54015 56337 58774 59195 60349 61026 61562 61784 62364 63355 
767438 621477 8073 583477 232532 415176 998122 833608 97478 249482 ,94486 104583 106226 107596 109709 110940 111106 112151 113393 115109 ,767438 621477 8073 583477 232532 415176 998122 833608 97478 249482 ,94486 104583 106226 107596 109709 110940 111106 112151 113393 115109 
504985 746409 312113 340389 356513 104295 83536 345112 698691 665869 ,41300 45990 47864 48419 48768 49238 50073 50800 51195 52098 ,504985 746409 312113 340389 356513 104295 83536 345112 698691 665869 ,41300 45990 47864 48419 48768 49238 50073 50800 51195 52098 
79285 915136 593034 581625 298548 897198 617443 443198 964617 836774 ,52608 58124 62055 62985 63798 65788 66698 66821 66832 66863 ,581625 617443 793802 638812 657852 421913 186870 690159 771490 652574 ,62985 66698 86697 97357 97734 104179 106646 107039 107286 108470 
180927 952494 661411 864757 704973 227528 514850 214799 732404 504459 ,77277 78898 86501 86822 90191 91160 92204 93100 93734 94254 ,180927 952494 661411 864757 704973 227528 514850 214799 732404 504459 ,77277 78898 86501 86822 90191 91160 92204 93100 93734 94254 
747797 739678 187143 186870 729135 888671 741547 571961 429170 902456 ,33653 35133 42361 42687 43726 46513 46793 49008 49361 49471 ,747797 739678 187143 186870 729135 888671 741547 571961 429170 902456 ,33653 35133 42361 42687 43726 46513 46793 49008 49361 49471 
778484 779792 778125 487299 42810 21312 21432 118458 95983 299064 ,8278 9163 22181 51091 52140 53118 56047 56205 56238 56281 ,778484 779792 778125 487299 42810 21312 21432 118458 95983 299064 ,8278 9163 22181 51091 52140 53118 56047 56205 56238 56281 
849923 454011 995757 706720 470268 612573 718308 681892 14950 993870 ,47678 48836 51391 56769 56903 56972 57201 57922 57939 58096 ,849923 454011 995757 706720 470268 612573 718308 14950 897800 921751 ,47678 48836 51391 56769 56903 56972 57201 57939 58253 58867 
599066 389398 469161 5728 79814 559812 79848 413944 940772 391944 ,20957 22785 24104 24722 26213 27845 29070 29524 29591 30071 ,599066 389398 5728 79814 79848 413944 391944 211121 342659 500772 ,20957 22785 24722 26213 29070 29524 30071 31379 33109 33723 
475022 136404 140857 187602 569810 536113 521917 684691 141357 160628 ,48612 49365 51438 57443 59239 59726 59795 63259 63350 63636 ,136404 536113 521917 141357 160628 452987 551324 954342 45834 29952 ,49365 59726 59795 63350 63636 63888 64454 65210 65775 67225 
609753 23554 609836 24418 534663 351673 740855 684133 991437 892737 ,26632 30678 30914 33824 35371 35847 36851 37456 37820 38521 ,609753 23554 609836 24418 534663 351673 740855 684133 991437 892737 ,26632 30678 30914 33824 35371 35847 36851 37456 37820 38521 
27206 965190 873712 535859 683502 650374 584230 508865 950439 810537 ,58920 59734 60512 61537 63383 63993 65431 67800 67899 68053 ,27206 965190 873712 535859 683502 650374 584230 508865 950439 810537 ,58920 59734 60512 61537 63383 63993 65431 67800 67899 68053 
855478 561416 126732 818489 541517 436435 876403 296369 378542 561832 ,44070 45690 46601 47347 47928 49378 49747 50060 50737 51007 ,855478 561416 126732 818489 541517 436435 876403 296369 378542 561832 ,44070 45690 46601 47347 47928 49378 49747 50060 50737 51007 
737408 569660 457963 122200 729096 518343 326722 228127 140551 138976 ,48467 60660 63013 65026 68320 70909 72140 73113 74378 75036 ,737408 569660 457963 122200 729096 518343 326722 228127 140551 138976 ,48467 60660 63013 65026 68320 70909 72140 73113 74378 75036 
547275 337179 661291 367031 326912 547352 516267 305458 40769 305859 ,25158 26754 26846 26920 27309 28106 28272 28783 28971 29016 ,337179 661291 367031 326912 547352 305458 339114 610682 526433 262030 ,26754 26846 26920 27309 28106 28783 29848 30653 30762 30775 
733149 12267 733051 542273 879685 879721 913588 884011 780635 886100 ,16497 24829 26652 26733 32237 34095 34207 34999 36378 36707 ,884011 780635 914971 865247 876867 496767 912397 224939 253313 396583 ,34999 36378 40291 41247 41450 42719 43052 43709 44083 44119 
849884 228122 112915 690733 223895 202830 872095 726526 405905 751164 ,82850 88580 88651 88835 89867 92476 92478 94684 94728 95832 ,849884 228122 112915 690733 223895 202830 872095 726526 405905 751164 ,82850 88580 88651 88835 89867 92476 92478 94684 94728 95832 
209339 684161 310339 156700 713552 364007 689275 6957 990763 200667 ,72043 72902 73210 75477 76796 76970 78479 78710 79961 80494 ,209339 684161 310339 156700 713552 364007 689275 6957 990763 264945 ,72043 72902 73210 75477 76796 76970 78479 78710 79961 80494 
903823 185977 432805 822852 988330 930526 437884 459507 403349 965022 ,51232 55376 57646 58816 62995 63130 63635 63940 64294 65087 ,930526 450321 365641 437278 833039 969110 430347 464480 71223 662723 ,63130 68010 70387 70977 72576 74163 74221 75407 75719 76181 
104028 825791 444120 826678 849301 764908 103168 763230 444107 825987 ,16997 17979 21861 22063 24962 25683 25790 27008 27924 28611 ,104028 825791 444120 826678 849301 764908 103168 763230 444107 825987 ,16997 17979 21861 22063 24962 25683 25790 27008 27924 28611 
551749 420955 30539 227494 413840 424038 519372 768752 100498 600991 ,26213 27408 27919 29936 30430 31088 31240 31395 32054 32451 ,551749 420955 30539 227494 413840 424038 519372 768752 100498 600991 ,26213 27408 27919 29936 30430 31088 31240 31395 32054 32451 
32832 285636 179118 713047 723069 723095 242046 550453 139994 31570 ,80787 85786 87696 92111 92540 93511 95718 96665 98271 99795 ,32832 285636 179118 713047 723069 723095 242046 550453 139994 31570 ,80787 85786 87696 92111 92540 93511 95718 96665 98271 99795 
79640 432377 467095 683991 525127 748297 818477 132542 780086 419744 ,19694 26264 26831 27026 27733 29763 30040 30639 31374 31550 ,79640 432377 467095 683991 525127 748297 818477 132542 780086 419744 ,19694 26264 26831 27026 27733 29763 30040 30639 31374 31550 
425243 373220 217089 632686 167879 547789 780406 209332 446139 29635 ,82944 100953 108245 108421 110468 115634 117788 118994 124408 126065 ,425243 373220 217089 632686 167879 209332 446139 29635 345013 284782 ,82944 100953 108245 108421 110468 118994 124408 126065 126438 126820 
368645 583530 273430 398286 754317 934023 343519 19839 81063 845186 ,72617 74784 75083 75521 75984 76004 76050 76198 76791 77895 ,368645 583530 273430 398286 754317 934023 343519 19839 81063 845186 ,72617 74784 75083 75521 75984 76004 76050 76198 76791 77895 
158442 997773 191075 569551 761107 404657 568217 758924 833116 190804 ,22959 23915 25138 25597 25793 26868 28119 28401 28757 28775 ,612820 468907 139147 838050 190993 567211 760252 759887 759005 993345 ,33524 39666 43600 43925 43930 44766 44860 44889 46089 46976 
505924 836410 868827 822323 181953 229165 791550 921077 21748 227085 ,47918 56381 56783 56928 58055 58667 59551 60427 60664 60825 ,505924 836410 868827 822323 181953 229165 791550 921077 21748 227085 ,47918 56381 56783 56928 58055 58667 59551 60427 60664 60825 
95777 79553 151252 603410 523777 348803 500109 780572 524763 95166 ,21861 23477 23794 23965 24055 24283 24734 25111 25131 25718 ,95777 79553 151252 603410 523777 348803 500109 780572 524763 95166 ,21861 23477 23794 23965 24055 24283 24734 25111 25131 25718 
544419 766111 220055 757039 9586 720463 838910 817374 401693 999036 ,38781 63311 64818 68107 68509 73382 76715 79987 80169 80287 ,544419 220055 757039 9586 720463 838910 817374 401693 999036 908767 ,38781 64818 68107 68509 73382 76715 79987 80169 80287 80337 
157386 722038 75461 780573 924153 358101 941043 515970 158282 490209 ,54151 57716 58683 58796 59229 59382 60307 61066 61355 61578 ,157386 722038 75461 780573 924153 358101 941043 515970 158282 490209 ,54151 57716 58683 58796 59229 59382 60307 61066 61355 61578 
972124 957791 258716 855115 978892 939592 444275 931978 905024 948267 ,74851 76263 77195 77756 77838 79254 80282 80506 86675 90300 ,972124 957791 258716 855115 939592 444275 931978 905024 948267 716589 ,74851 76263 77195 77756 79254 80282 80506 86675 90300 92000 
24183 757789 568828 830227 757801 24066 755508 373717 191004 569542 ,6212 6214 6313 7825 7835 8137 8165 8393 8770 9020 ,24183 757789 568828 830227 757801 24066 755508 373717 191004 569542 ,6212 6214 6313 7825 7835 8137 8165 8393 8770 9020 
215940 219332 131931 48265 139657 188553 999265 367089 42321 301867 ,49796 53408 54035 55265 55625 55719 56962 58302 59896 61890 ,215940 219332 131931 48265 139657 999265 42321 301867 832714 558747 ,49796 53408 54035 55265 55625 56962 59896 61890 62986 63260 
541935 996890 231747 817915 802802 569581 532682 825257 993686 848871 ,81168 94660 96337 107257 112690 114005 114194 114698 115465 116872 ,541935 996890 231747 817915 802802 569581 532682 825257 993686 848871 ,81168 94660 96337 107257 112690 114005 114194 114698 115465 116872 
13167 810348 594335 756437 575180 395465 993232 892362 26063 562261 ,50947 54886 58508 61442 61893 62847 64555 64855 67137 67510 ,13167 810348 594335 756437 575180 395465 993232 892362 562261 458910 ,50947 54886 58508 61442 61893 62847 64555 64855 67510 67853 
116242 42632 352465 663923 441223 307653 987962 593748 873223 374202 ,72451 76329 76413 82438 84196 85429 88013 89486 89641 93947 ,116242 42632 352465 663923 441223 307653 987962 593748 873223 374202 ,72451 76329 76413 82438 84196 85429 88013 89486 89641 93947 
404679 625386 656574 640294 184355 755752 381696 102322 996025 529 ,62587 88957 90723 94656 95688 96006 96608 101787 101983 102572 ,404679 625386 656574 640294 184355 755752 381696 102322 996025 529 ,62587 88957 90723 94656 95688 96006 96608 101787 101983 102572 
185344 970166 299100 254673 230642 758175 147543 218908 329941 761281 ,82472 92181 94765 99920 102706 102961 104017 105666 107021 107035 ,185344 970166 299100 254673 230642 758175 147543 218908 329941 761281 ,82472 92181 94765 99920 102706 102961 104017 105666 107021 107035 
305659 250623 506476 900137 668743 975895 996759 17308 938907 273676 ,79658 85615 86183 90879 92895 98951 99940 100679 103786 105687 ,305659 250623 506476 900137 668743 975895 996759 17308 938907 273676 ,79658 85615 86183 90879 92895 98951 99940 100679 103786 105687 
428229 51701 495266 69466 354353 351395 329479 423202 719517 79460 ,101157 109521 111502 111622 112003 112934 112943 116920 119038 119060 ,428229 51701 495266 69466 354353 351395 329479 423202 719517 79460 ,101157 109521 111502 111622 112003 112934 112943 116920 119038 119060 
825881 23555 443727 824546 443772 651559 814655 555390 444122 443864 ,25832 27126 27570 27782 27967 28245 29025 29322 29612 29842 ,825881 23555 443727 824546 443772 651559 814655 555390 444122 443864 ,25832 27126 27570 27782 27967 28245 29025 29322 29612 29842 
600695 847880 653879 612058 637796 798691 600677 446722 788195 354978 ,41341 44201 51180 59532 63804 64101 65676 65764 66395 66472 ,600695 847880 653879 612058 637796 798691 600677 446722 788195 354978 ,41341 44201 51180 59532 63804 64101 65676 65764 66395 66472 
381304 565807 209881 840175 679170 961207 861232 539 228187 212970 ,53216 53729 56381 64603 66203 67299 67497 67885 67897 68528 ,381304 565807 679170 961207 861232 539 228187 212970 332823 332913 ,53216 53729 66203 67299 67497 67885 67897 68528 69248 70323 
656575 211296 899283 598349 331274 655560 320412 212030 986129 834008 ,83053 91791 97202 105993 106186 111716 114506 116606 117571 118749 ,656575 211296 899283 598349 331274 655560 320412 212030 986129 834008 ,83053 91791 97202 105993 106186 111716 114506 116606 117571 118749 
930192 16064 975249 947085 899982 583752 932870 625171 225485 606545 ,48922 75824 87912 90904 91963 92433 92515 96406 96782 98747 ,930192 16064 975249 947085 899982 583752 932870 625171 225485 606545 ,48922 75824 87912 90904 91963 92433 92515 96406 96782 98747 
611465 447747 611623 23195 811041 191075 212413 756737 139848 834958 ,27605 34389 42320 46172 50138 51400 54845 56860 56953 57443 ,611465 447747 611623 23195 811041 191075 212413 756737 139848 834958 ,27605 34389 42320 46172 50138 51400 54845 56860 56953 57443 
144402 181248 929396 888231 756510 905834 167357 142228 238406 141064 ,71640 77759 79738 80959 82763 84476 84761 84782 86447 87249 ,144402 181248 929396 888231 756510 905834 167357 142228 238406 141064 ,71640 77759 79738 80959 82763 84476 84761 84782 86447 87249 
937351 730709 506544 662480 842449 833246 480391 196021 99055 831325 ,37404 43019 43340 44209 49374 50174 52967 53596 53855 53889 ,937351 730709 506544 662480 842449 833246 480391 196021 99055 831325 ,37404 43019 43340 44209 49374 50174 52967 53596 53855 53889 
222084 75090 310405 473228 303339 923121 332665 280191 698876 817956 ,55347 57347 57946 60818 61777 62197 64479 64997 65478 66097 ,222084 75090 310405 473228 303339 923121 332665 280191 698876 817956 ,55347 57347 57946 60818 61777 62197 64479 64997 65478 66097 
657908 821106 839432 677760 605374 901782 657323 995064 566121 9152 ,19878 22786 23429 25927 26877 28334 28448 29636 30014 30421 ,657908 821106 839432 677760 605374 901782 657323 995064 9152 922732 ,19878 22786 23429 25927 26877 28334 28448 29636 30421 32280 
848699 996449 716873 443925 659977 444600 826438 207007 444332 581381 ,27860 35670 35915 37292 38579 39304 42492 44773 45403 45673 ,848699 996449 716873 443925 659977 444600 826438 207007 444332 581381 ,27860 35670 35915 37292 38579 39304 42492 44773 45403 45673 
772308 155651 187810 903068 768753 188719 738444 426463 420081 30574 ,25404 26720 26845 30497 31337 31430 32895 33392 33452 33620 ,772308 155651 187810 903068 768753 188719 738444 426463 420081 30574 ,25404 26720 26845 30497 31337 31430 32895 33392 33452 33620 
135389 812437 630951 32945 848691 259931 484298 283640 571716 182648 ,63072 65735 66026 66209 66421 67495 69181 70876 74226 74645 ,135389 812437 630951 32945 848691 259931 484298 283640 571716 182648 ,63072 65735 66026 66209 66421 67495 69181 70876 74226 74645 
846009 971029 974744 171515 922267 471531 256663 31816 636347 774447 ,73590 83277 84783 85232 86716 88292 88398 89732 90637 91245 ,846009 971029 974744 171515 922267 471531 256663 31816 636347 774447 ,73590 83277 84783 85232 86716 88292 88398 89732 90637 91245 
422006 720847 951497 651577 304154 50209 22649 981650 290364 811880 ,61071 75277 76829 83624 83719 85580 91399 92014 97062 97399 ,422006 720847 951497 651577 304154 50209 22649 981650 290364 811880 ,61071 75277 76829 83624 83719 85580 91399 92014 97062 97399 
440155 269289 585656 799527 955456 649116 394212 242732 761541 485194 ,73659 83771 94131 96230 103499 104763 106490 108200 109710 111360 ,440155 269289 585656 799527 955456 649116 394212 242732 761541 485194 ,73659 83771 94131 96230 103499 104763 106490 108200 109710 111360 
48784 954820 766328 670938 660024 436965 14907 969444 640877 642186 ,52513 59284 63279 63620 66036 66286 66409 67005 67094 67630 ,48784 954820 766328 670938 660024 436965 14907 969444 640877 642186 ,52513 59284 63279 63620 66036 66286 66409 67005 67094 67630 
819335 819666 758498 694945 146383 609652 181681 652979 751350 436797 ,74041 76383 81870 82783 84351 85344 87178 87893 88322 88458 ,819335 819666 758498 694945 146383 609652 181681 652979 751350 436797 ,74041 76383 81870 82783 84351 85344 87178 87893 88322 88458 
797319 329306 875411 559270 953415 415366 174022 595719 329016 692662 ,98351 107815 108825 116202 119865 119879 122179 122335 123596 123644 ,797319 329306 875411 559270 953415 415366 174022 595719 329016 692662 ,98351 107815 108825 116202 119865 119879 122179 122335 123596 123644 
991376 670695 9290 789149 828754 990060 758950 586255 989644 456347 ,72215 76149 78852 79750 79947 83082 83740 83883 86639 87360 ,991376 670695 9290 789149 828754 990060 758950 586255 989644 456347 ,72215 76149 78852 79750 79947 83082 83740 83883 86639 87360 
435747 74747 976860 304309 954564 296825 106273 118529 455152 296614 ,111756 119039 119253 121971 122383 122611 125406 125490 126710 127598 ,435747 976860 304309 954564 106273 118529 455152 296614 752096 430696 ,111756 119253 121971 122383 125406 125490 126710 127598 128053 128794 
430819 2736 95640 614850 283232 61175 919823 71072 649327 612494 ,38835 39686 42660 43282 44784 45131 45219 45394 46159 46195 ,430819 2736 95640 61175 71072 649327 612494 636695 501521 9395 ,38835 39686 42660 45131 45394 46159 46195 46353 46862 47805 
423825 217202 655446 423978 655222 905497 654282 906900 656332 905286 ,19191 19549 20157 20509 21088 22045 22410 22472 22981 23659 ,655222 906900 570668 960167 640892 471726 559681 443211 608795 41658 ,21088 22472 23714 26137 28143 31135 32499 33086 33452 34025 
771001 630265 973198 539362 296119 339657 469028 298320 795111 294953 ,46159 50976 51799 52907 54225 54789 55574 56636 57587 57974 ,771001 630265 973198 539362 296119 339657 469028 298320 795111 294953 ,46159 50976 51799 52907 54225 54789 55574 56636 57587 57974 
249235 833304 984280 473460 165540 340582 380584 168037 926716 614134 ,78750 88500 99157 113441 115382 121018 123878 127152 137574 138378 ,249235 833304 984280 473460 165540 340582 380584 168037 926716 614134 ,78750 88500 99157 113441 115382 121018 123878 127152 137574 138378 
722512 14791 968058 912011 564333 899429 912273 902550 912647 202614 ,45572 50785 52071 57845 58087 58400 58823 59151 59478 60068 ,722512 14791 968058 912011 564333 899429 912273 902550 912647 202614 ,45572 50785 52071 57845 58087 58400 58823 59151 59478 60068 
356635 27001 527053 847445 677986 886253 541596 49323 979038 275619 ,125433 130247 131859 134197 136071 141227 141873 145071 146251 147772 ,356635 27001 527053 847445 677986 886253 541596 49323 979038 275619 ,125433 130247 131859 134197 136071 141227 141873 145071 146251 147772 
648992 306682 313798 772038 635085 742221 532162 754254 337474 629443 ,62260 87618 94051 97286 99116 101868 102395 110729 116293 118365 ,648992 306682 313798 772038 635085 742221 532162 754254 337474 629443 ,62260 87618 94051 97286 99116 101868 102395 110729 116293 118365 
928275 980222 189830 593509 596321 345137 521149 507936 608965 556541 ,77836 96382 98415 98886 101367 102424 103933 105437 107308 107796 ,928275 980222 189830 593509 596321 345137 521149 507936 608965 556541 ,77836 96382 98415 98886 101367 102424 103933 105437 107308 107796 
176224 340773 421966 636010 500158 293641 658657 306872 414670 66813 ,33428 33797 34061 34880 35888 36281 36347 37465 37678 37963 ,176224 340773 421966 636010 500158 293641 658657 306872 414670 66813 ,33428 33797 34061 34880 35888 36281 36347 37465 37678 37963 
862313 643344 414640 380418 692569 61141 587242 735390 66828 361335 ,48236 51551 52670 53361 53805 54500 54688 54912 57585 58432 ,862313 643344 414640 380418 692569 61141 587242 735390 66828 361335 ,48236 51551 52670 53361 53805 54500 54688 54912 57585 58432 
778301 778303 311503 950696 29364 340342 521075 543381 408473 851171 ,23813 29876 34258 35125 36819 38330 38386 40942 41280 41627 ,778301 778303 311503 950696 29364 340342 521075 543381 408473 851171 ,23813 29876 34258 35125 36819 38330 38386 40942 41280 41627 
618709 337156 262452 212747 632705 950763 908209 136445 291032 897650 ,61297 62457 63495 67068 67777 69974 70110 70197 70734 70868 ,618709 337156 262452 212747 632705 950763 908209 136445 291032 897650 ,61297 62457 63495 67068 67777 69974 70110 70197 70734 70868 
578457 578237 151862 579387 619736 288717 378413 938878 448906 260505 ,80898 84081 91678 92505 94532 94939 95913 99797 99963 100663 ,578457 578237 151862 579387 619736 288717 378413 938878 448906 260505 ,80898 84081 91678 92505 94532 94939 95913 99797 99963 100663 
786661 263047 610416 850881 603716 218137 381930 716875 289883 672085 ,95350 120019 126444 130824 131249 134757 140596 142968 144274 146098 ,786661 263047 610416 850881 603716 218137 381930 716875 289883 672085 ,95350 120019 126444 130824 131249 134757 140596 142968 144274 146098 
950884 199963 264241 945215 796592 168929 74765 292471 339091 21417 ,61325 61469 61469 62649 68116 68840 68883 69021 69693 70096 ,950884 199963 264241 945215 796592 168929 74765 292471 339091 21417 ,61325 61469 61469 62649 68116 68840 68883 69021 69693 70096 
405943 614640 839967 776562 675198 270161 468890 618376 537488 575764 ,39990 46418 55069 56126 67939 68384 71108 71583 74521 75483 ,405943 614640 839967 776562 675198 270161 468890 618376 537488 575764 ,39990 46418 55069 56126 67939 68384 71108 71583 74521 75483 
778920 774644 157488 591052 960627 631416 776699 931484 901399 150333 ,66805 71511 74594 75640 76527 76913 77087 77825 80439 81716 ,778920 774644 157488 591052 960627 631416 776699 931484 901399 150333 ,66805 71511 74594 75640 76527 76913 77087 77825 80439 81716 
825167 612186 765414 946772 766666 576593 812170 238169 848259 248173 ,44987 56215 57690 63091 63711 64093 64832 64884 65106 65533 ,825167 612186 765414 946772 766666 576593 812170 238169 848259 248173 ,44987 56215 57690 63091 63711 64093 64832 64884 65106 65533 
390739 968119 14902 678070 839391 831813 734521 226575 861953 212013 ,42415 47799 52249 57166 57524 59135 59608 61131 61528 62652 ,390739 968119 14902 678070 839391 831813 734521 226575 861953 212013 ,42415 47799 52249 57166 57524 59135 59608 61131 61528 62652 
317309 319219 428084 225641 258610 203169 267447 516426 202119 372269 ,42932 43209 51489 51598 52476 56017 56017 57698 58256 58505 ,317309 319219 428084 258610 203169 267447 202119 372269 515782 377322 ,42932 43209 51489 52476 56017 56017 58256 58505 58689 62129 
987104 963354 762088 473536 821736 472939 930073 338355 186348 902977 ,57746 64295 71588 71792 72627 74180 75058 77999 78130 78807 ,987104 963354 762088 473536 821736 472939 930073 338355 186348 902977 ,57746 64295 71588 71792 72627 74180 75058 77999 78130 78807 
861138 929643 601121 510313 283229 111152 904624 276729 399289 629929 ,81114 108976 115861 116973 121110 128367 128972 134788 138153 145680 ,861138 929643 601121 510313 283229 111152 904624 276729 399289 629929 ,81114 108976 115861 116973 121110 128367 128972 134788 138153 145680 
713950 997124 769522 831116 958820 42177 933754 371205 187624 659593 ,48672 59640 62459 66707 68646 74110 74635 76896 79175 79598 ,713950 997124 769522 831116 958820 42177 933754 371205 187624 659593 ,48672 59640 62459 66707 68646 74110 74635 76896 79175 79598 
853560 640226 910985 849689 666702 905194 104148 444453 994203 444733 ,10009 11234 13080 17560 18818 20102 22253 22800 26884 27239 ,853560 640226 910985 849689 666702 905194 104148 444453 994203 444733 ,10009 11234 13080 17560 18818 20102 22253 22800 26884 27239 
881606 775337 891451 606035 880328 878881 774694 815994 890436 310421 ,53042 54847 55126 58822 60599 60619 60823 61213 61815 62578 ,815994 797926 652573 994767 960003 104620 644414 189716 53946 890974 ,61213 66601 67786 69040 72663 74174 75924 77170 78372 79338 
419339 723069 31078 148499 82241 605931 851078 221351 955330 972106 ,107934 108408 109666 110936 112764 113484 116864 119727 120194 120627 ,419339 723069 31078 148499 82241 605931 851078 221351 955330 972106 ,107934 108408 109666 110936 112764 113484 116864 119727 120194 120627 
848528 848272 849212 44589 44637 775749 673759 805533 814278 536330 ,9069 9853 10515 10900 11293 11344 11824 11908 12637 13036 ,374054 673651 443205 540084 825257 827645 113269 190830 587040 759276 ,13460 14329 14506 15172 15355 15692 15784 16301 16691 16950 
795475 795457 467425 448903 800083 327222 419447 476525 534957 479401 ,10441 28038 31202 31871 31893 36409 39488 39763 41365 41742 ,795475 795457 467425 448903 800083 327222 419447 476525 534957 479401 ,10441 28038 31202 31871 31893 36409 39488 39763 41365 41742 
391917 391779 391794 385108 632726 380296 68722 173428 392012 379978 ,35807 38560 44086 44627 44919 45724 45848 46364 46980 47068 ,391917 391779 391794 380296 68722 173428 392012 379978 463966 532175 ,35807 38560 44086 45724 45848 46364 46980 47068 47218 47448 
839074 535056 129443 283436 2684 288642 737849 142241 829900 165606 ,29944 30062 30339 31849 35967 36814 38057 38277 38715 38820 ,839074 535056 129443 283436 2684 288642 737849 142241 165606 796438 ,29944 30062 30339 31849 35967 36814 38057 38277 38820 39010 
552592 253422 969799 799551 872578 40299 618229 471414 969945 596550 ,53128 53570 58974 59955 60832 61751 61819 62660 64490 64631 ,552592 253422 969799 799551 872578 40299 618229 471414 969945 596550 ,53128 53570 58974 59955 60832 61751 61819 62660 64490 64631 
935778 625943 562035 964646 218944 181679 92715 984404 216193 806048 ,80866 84053 87273 87310 87960 88603 89856 90443 92247 92256 ,935778 625943 562035 964646 218944 181679 92715 984404 216193 806048 ,80866 84053 87273 87310 87960 88603 89856 90443 92247 92256 
228163 719365 972946 814759 785124 967066 526379 152107 263274 174996 ,43137 49716 49762 50559 51022 51247 51638 51742 51886 52504 ,228163 719365 972946 814759 785124 967066 526379 152107 263274 174996 ,43137 49716 49762 50559 51022 51247 51638 51742 51886 52504 
436964 842402 374549 53062 899944 99172 986734 899737 921411 781480 ,26781 34057 34503 38056 39440 40781 41621 41841 42725 42924 ,436964 842402 374549 53062 899944 99172 986734 899737 921411 781480 ,26781 34057 34503 38056 39440 40781 41621 41841 42725 42924 
351708 844852 515549 341506 6683 583750 604877 763533 423043 30006 ,29931 33473 37385 39053 39195 40137 40563 41607 42041 42454 ,351708 844852 515549 341506 6683 583750 604877 763533 423043 30006 ,29931 33473 37385 39053 39195 40137 40563 41607 42041 42454 
755064 371024 985761 50343 823884 65895 57340 232839 218138 401470 ,54675 63715 67571 69347 69718 71489 74549 74610 75956 76877 ,755064 371024 985761 50343 823884 65895 57340 232839 218138 401470 ,54675 63715 67571 69347 69718 71489 74549 74610 75956 76877 
497224 246578 248074 515874 526254 248157 514308 155286 471784 292869 ,18682 18695 20152 21107 22071 22637 23260 23557 23595 23666 ,497224 246578 248074 515874 526254 248157 514308 155286 471784 292869 ,18682 18695 20152 21107 22071 22637 23260 23557 23595 23666 
716581 772070 967477 161613 713728 754076 495412 82971 323197 305110 ,36639 44734 50176 50324 50956 51361 53949 54951 55848 57525 ,495412 82971 305110 188075 351083 607057 496875 20764 22250 124680 ,53949 54951 57525 58452 60300 60755 61431 62337 63285 64955 
415229 353220 710688 299153 734359 656477 707856 308998 629133 324468 ,68540 70978 78919 80965 81191 83271 83760 85127 85159 85989 ,415229 353220 710688 299153 734359 656477 308998 629133 324468 283882 ,68540 70978 78919 80965 81191 83271 85127 85159 85989 86004 
795990 720429 393641 90948 934170 605252 116 200062 389690 123770 ,36815 60211 62566 62747 63041 64445 64527 64705 66740 68242 ,795990 720429 393641 90948 389690 123770 187073 121272 435405 468048 ,36815 60211 62566 62747 66740 68242 68457 68976 69067 69299 
388002 705697 802957 123767 89310 490487 159723 908293 639038 878903 ,99105 100386 103829 104223 104224 104517 106569 107861 108109 108206 ,388002 705697 802957 123767 89310 490487 159723 908293 639038 878903 ,99105 100386 103829 104223 104224 104517 106569 107861 108109 108206 
796007 925324 254320 574197 513329 926204 82076 510141 464613 878665 ,29726 34906 34998 37572 40166 40924 42704 43293 43776 45687 ,796007 925324 254320 574197 513329 926204 82076 510141 878665 457432 ,29726 34906 34998 37572 40166 40924 42704 43293 45687 47890 
348803 70380 180503 296367 9103 351329 809386 547793 153631 663689 ,45913 50065 50592 50733 52312 53788 53843 53918 54684 54802 ,348803 70380 180503 296367 9103 351329 809386 547793 153631 663689 ,45913 50065 50592 50733 52312 53788 53843 53918 54684 54802 
980112 985222 117366 802888 924960 914744 187963 549204 778716 414234 ,34762 54255 61951 64653 66519 67177 68313 68799 72047 76084 ,980112 985222 117366 802888 924960 914744 187963 549204 778716 414234 ,34762 54255 61951 64653 66519 67177 68313 68799 72047 76084 
781464 624334 227342 386729 661341 140726 950110 272914 348651 204813 ,87249 98493 98937 99111 99820 100339 101344 102309 102431 108113 ,781464 624334 227342 386729 661341 140726 950110 272914 348651 204813 ,87249 98493 98937 99111 99820 100339 101344 102309 102431 108113 
354578 588387 851794 154927 372811 692141 655580 527212 114897 65620 ,76457 86695 92384 92456 92550 93730 94394 98523 100181 101899 ,354578 851794 154927 372811 692141 655580 527212 114897 65620 319176 ,76457 92384 92456 92550 93730 94394 98523 100181 101899 102550 
795719 933141 871595 440684 52119 98313 439862 820023 889900 980341 ,55233 59434 61211 62084 64206 65162 65197 65273 66079 66974 ,795719 933141 871595 440684 52119 98313 439862 820023 889900 980341 ,55233 59434 61211 62084 64206 65162 65197 65273 66079 66974 
228892 220677 241903 696186 289849 200644 331517 633421 900713 770078 ,95377 108255 109554 112842 115162 120223 120946 124104 131822 138604 ,228892 220677 241903 696186 289849 200644 331517 633421 900713 770078 ,95377 108255 109554 112842 115162 120223 120946 124104 131822 138604 
797587 415575 39049 84217 615467 768622 411670 37990 800763 637513 ,6431 41072 43734 44476 45369 45743 45950 47156 47521 47628 ,770174 200641 754687 999311 735110 686802 576101 389493 379405 388421 ,50401 50457 52887 60469 60576 61654 62112 63319 67108 68986 
678360 727508 72350 841400 201187 625167 887675 844512 681835 786767 ,48847 54251 55477 56486 57405 58894 59118 59713 59973 60833 ,727508 72350 841400 201187 625167 887675 681835 786767 948076 594330 ,54251 55477 56486 57405 58894 59118 59973 60833 61002 61084 
611552 155790 76421 577375 74757 256832 195724 161026 241715 542243 ,57354 65066 67150 68494 68755 68833 69328 69531 69778 70072 ,611552 155790 76421 577375 74757 256832 195724 161026 241715 542243 ,57354 65066 67150 68494 68755 68833 69328 69531 69778 70072 
194626 503855 791258 179685 555506 75983 403057 689227 812757 319629 ,51311 53367 56539 58758 59196 59594 59956 59980 60215 61319 ,194626 503855 791258 179685 555506 75983 403057 689227 812757 319629 ,51311 53367 56539 58758 59196 59594 59956 59980 60215 61319 
976246 2783 513718 831625 561838 846515 287197 672394 9576 219564 ,60997 66856 69141 73638 73918 74648 74820 75317 76215 76348 ,976246 2783 513718 831625 561838 846515 287197 672394 9576 219564 ,60997 66856 69141 73638 73918 74648 74820 75317 76215 76348 
567173 845928 716565 804027 796609 478687 234661 238406 905075 478762 ,68574 72817 80447 83097 84955 89013 90813 91223 91815 92922 ,567173 845928 716565 804027 796609 478687 234661 238406 905075 478762 ,68574 72817 80447 83097 84955 89013 90813 91223 91815 92922 
903542 911244 189413 571298 911348 121306 416827 298585 192151 696389 ,43158 43627 43870 44205 44483 46324 46606 46668 47181 47216 ,903542 911244 571298 911348 121306 416827 298585 192151 696389 618606 ,43158 43627 44205 44483 46324 46606 46668 47181 47216 47859 
565172 562187 499299 895818 227323 500125 294698 121947 93965 468769 ,31055 32943 33915 34697 37880 38836 39138 39214 40005 40582 ,565172 562187 499299 895818 93965 715602 535032 830011 921464 895944 ,31055 32943 33915 34697 40005 42160 43777 43907 46166 46230 
309865 553256 403172 464247 190235 393694 137951 375226 360786 326555 ,67975 72907 73971 74139 74576 75421 76314 76964 77503 77591 ,309865 553256 403172 464247 190235 393694 137951 375226 360786 326555 ,67975 72907 73971 74139 74576 75421 76314 76964 77503 77591 
807707 467579 520418 146510 967726 81357 53855 718175 684870 421731 ,38868 65088 69584 76890 79986 82235 84546 88875 89979 92600 ,807707 467579 520418 146510 967726 81357 53855 718175 684870 421731 ,38868 65088 69584 76890 79986 82235 84546 88875 89979 92600 
819892 628036 989879 783513 788796 108747 14710 534911 623973 184931 ,72806 75064 77429 82779 82946 83258 85247 86312 89311 89506 ,819892 628036 989879 783513 788796 108747 534911 184931 433221 676413 ,72806 75064 77429 82779 82946 83258 86312 89506 90107 90141 
307212 153027 87692 525319 23464 563906 350516 23900 14094 292716 ,43836 43904 45103 46913 47087 47258 47558 47603 48059 48069 ,307212 153027 87692 525319 23464 563906 350516 23900 14094 292716 ,43836 43904 45103 46913 47087 47258 47558 47603 48059 48069 
162323 20635 922230 542779 625915 740051 968332 301685 395329 396526 ,71325 72020 75739 76886 77791 78820 81437 81549 81867 82218 ,162323 922230 625915 740051 968332 865523 865609 411479 411421 348475 ,71325 75739 77791 78820 81437 84972 85822 86073 88844 91397 
854203 992161 992902 308200 747187 467063 689902 339874 306878 324977 ,40726 41354 42362 42702 44001 44459 45081 45620 46015 46101 ,308200 747187 741312 854024 309892 669562 810175 806486 354296 535977 ,42702 44001 46511 50001 50472 51035 52354 53340 53484 54151 
795684 998368 905190 963343 330139 780856 780919 486078 833282 375463 ,20755 35759 35875 38153 38155 38903 39747 41680 42461 42787 ,795684 998368 905190 963343 330139 780856 833282 375463 820079 905567 ,20755 35759 35875 38153 38155 38903 42461 42787 43227 43359 
802763 641934 770795 269377 848222 823747 187133 550901 43606 204701 ,91773 99066 99724 102118 107159 112274 113493 116208 116829 118446 ,802763 641934 770795 269377 848222 823747 187133 550901 43606 204701 ,91773 99066 99724 102118 107159 112274 113493 116208 116829 118446 
858513 858303 91994 172263 88259 517265 940380 741187 316535 366270 ,49175 51230 53564 53957 57948 58701 58934 59248 61225 62185 ,858513 858303 91994 172263 88259 517265 940380 741187 316535 366270 ,49175 51230 53564 53957 57948 58701 58934 59248 61225 62185 
31269 128572 348831 356448 31300 421733 283557 385299 732214 366214 ,59740 67342 71335 71901 72659 72882 74207 74292 75233 75315 ,31269 128572 348831 356448 31300 421733 283557 385299 732214 366214 ,59740 67342 71335 71901 72659 72882 74207 74292 75233 75315 
786973 764540 973593 820570 99975 418644 864794 423910 841839 985540 ,34859 46576 56257 58750 59969 62254 62421 65073 65375 65536 ,786973 764540 820570 99975 418644 864794 423910 841839 985540 595249 ,34859 46576 58750 59969 62254 62421 65073 65375 65536 65547 
450504 857387 449772 783633 800763 86550 701021 848496 633767 84359 ,71906 72181 74295 75943 77915 79794 80643 83945 87076 89110 ,450504 857387 449772 783633 800763 86550 848496 633767 84359 425182 ,71906 72181 74295 75943 77915 79794 83945 87076 89110 89457 
763615 83184 294042 423522 545667 453540 307160 278762 453351 199462 ,50923 52230 55911 60359 60875 62323 64580 64723 65882 66349 ,763615 83184 294042 423522 545667 453540 307160 278762 453351 199462 ,50923 52230 55911 60359 60875 62323 64580 64723 65882 66349 
868374 169473 745191 742214 65553 532820 981205 119649 184469 883038 ,69705 78370 78864 78978 80743 81268 82377 82653 83552 84605 ,868374 169473 745191 742214 65553 532820 981205 119649 184469 883038 ,69705 78370 78864 78978 80743 81268 82377 82653 83552 84605 
797903 680958 799352 462917 264032 469561 12927 332654 525659 309804 ,44223 45094 46401 46547 47182 48147 48804 48992 49007 49210 ,797903 799352 462917 264032 469561 12927 525659 309804 430072 375947 ,44223 46401 46547 47182 48147 48804 49007 49210 49664 49714 
494958 79760 532427 111826 136196 339021 276290 494576 492338 100249 ,52634 54301 56300 57565 59765 62604 63254 63626 64695 65917 ,494958 79760 532427 111826 136196 339021 276290 494576 492338 100249 ,52634 54301 56300 57565 59765 62604 63254 63626 64695 65917 
862379 887898 367226 778054 787417 867916 311051 140242 842125 863723 ,77063 79005 79036 81820 82773 82787 82836 82986 84168 84297 ,862379 887898 367226 778054 787417 867916 311051 140242 842125 863723 ,77063 79005 79036 81820 82773 82787 82836 82986 84168 84297 
349019 271776 692781 994266 71274 938160 172505 195286 333628 707671 ,64217 66253 73930 77935 79321 79612 79920 80573 80681 80764 ,271776 692781 994266 71274 938160 172505 195286 333628 707671 224550 ,66253 73930 77935 79321 79612 79920 80573 80681 80764 81452 
177581 130069 420731 107882 730314 132616 748222 431026 547305 259902 ,56874 58817 61251 62540 63429 64118 64590 64710 64943 65491 ,177581 130069 420731 107882 730314 132616 748222 431026 547305 259902 ,56874 58817 61251 62540 63429 64118 64590 64710 64943 65491 
187245 437785 459594 518442 427266 518772 139211 487568 630140 21760 ,66930 67639 68137 69298 69866 71122 71854 72673 73487 73696 ,187245 437785 459594 518442 427266 518772 139211 487568 630140 21760 ,66930 67639 68137 69298 69866 71122 71854 72673 73487 73696 
320507 498287 224898 663333 128242 841434 953544 585389 249641 333134 ,90588 95468 99845 102437 113615 116869 117534 119051 119765 119999 ,320507 498287 224898 663333 128242 841434 953544 585389 249641 333134 ,90588 95468 99845 102437 113615 116869 117534 119051 119765 119999 
918411 383167 864601 303845 523427 590373 349076 368588 383343 301646 ,48206 52938 53671 53828 53873 56290 57620 58093 59479 59617 ,918411 383167 864601 303845 523427 590373 349076 368588 383343 301646 ,48206 52938 53671 53828 53873 56290 57620 58093 59479 59617 
427131 421726 582812 61948 420105 95420 78599 449104 484780 434692 ,75475 84094 86321 89296 95598 96125 96726 98942 99554 99777 ,427131 421726 582812 61948 420105 95420 78599 449104 484780 434692 ,75475 84094 86321 89296 95598 96125 96726 98942 99554 99777 
222192 308225 300427 521190 426978 208577 785182 419514 309925 535819 ,44397 47074 48301 49985 52461 53726 54459 55396 56021 56923 ,222192 308225 300427 521190 426978 208577 785182 419514 309925 535819 ,44397 47074 48301 49985 52461 53726 54459 55396 56021 56923 
297974 235765 66125 978211 62749 521695 495232 806879 32706 796810 ,52876 57455 58490 58903 59422 60215 60264 60651 61179 61412 ,297974 235765 66125 978211 62749 495232 806879 796810 526624 751178 ,52876 57455 58490 58903 59422 60264 60651 61412 61794 61890 
88996 97155 975229 485064 672490 90906 172518 94326 322779 130109 ,46695 51117 51402 52025 52999 55650 56139 56179 57866 59417 ,88996 97155 975229 485064 672490 90906 172518 94326 322779 130109 ,46695 51117 51402 52025 52999 55650 56139 56179 57866 59417 
353432 399484 392519 551351 550335 247810 822247 373938 948128 303149 ,58091 59672 59732 59811 60519 60869 62416 62488 62760 62824 ,353432 399484 392519 551351 550335 247810 822247 373938 948128 303149 ,58091 59672 59732 59811 60519 60869 62416 62488 62760 62824 
801687 798169 796904 607482 635272 74813 699497 194698 270145 695262 ,25698 26868 27303 42041 43757 45666 46174 48360 49181 49809 ,801687 798169 796904 607482 635272 74813 699497 194698 270145 695262 ,25698 26868 27303 42041 43757 45666 46174 48360 49181 49809 
506662 658849 103079 489357 874377 664484 859898 103058 812761 660670 ,49202 55444 56932 57390 59162 59560 59661 61931 62342 62434 ,646485 269993 165290 13918 195998 81774 334264 439050 767245 155187 ,66828 72739 72747 72782 72884 72945 73349 74333 75092 76105 
111572 867975 13937 499492 782363 868472 515742 863674 15641 129234 ,38922 40988 45289 45666 46746 46805 46891 47101 47256 47592 ,867975 13937 499492 782363 868472 515742 863674 15641 129234 842441 ,40988 45289 45666 46746 46805 46891 47101 47256 47592 48173 
630475 257883 936195 578092 945390 942492 630016 121061 634986 392865 ,71274 73530 74546 76506 77159 78612 80317 80618 82524 84334 ,630475 257883 936195 578092 945390 942492 630016 121061 634986 392865 ,71274 73530 74546 76506 77159 78612 80317 80618 82524 84334 
624002 624826 968472 118638 620763 133986 792412 842729 792234 577063 ,62899 63679 71679 72505 80450 80728 81305 81374 81483 82235 ,624002 624826 968472 133986 792412 842729 577063 185703 426420 580494 ,62899 63679 71679 80728 81305 81374 82235 83341 83437 83753 
950792 685451 611227 854157 977835 571552 354182 591697 969971 951278 ,51003 56634 57236 57758 57838 60032 60164 60302 61074 62266 ,950792 685451 611227 854157 977835 571552 354182 591697 969971 951278 ,51003 56634 57236 57758 57838 60032 60164 60302 61074 62266 
764477 794697 367248 575186 283798 884322 467697 262388 273848 692347 ,77949 81733 89691 93985 95639 96114 97571 98633 100061 100624 ,764477 794697 367248 575186 283798 884322 467697 262388 273848 692347 ,77949 81733 89691 93985 95639 96114 97571 98633 100061 100624 
355659 602763 686043 579239 390957 154146 726149 731834 547707 845911 ,78761 92055 92504 92949 94978 95183 96376 96787 96810 97072 ,602763 686043 579239 154146 726149 731834 547707 845911 931002 338565 ,92055 92504 92949 95183 96376 96787 96810 97072 97126 97245 
928184 941977 224082 449783 941163 905569 680241 72360 906811 595235 ,65731 69051 69177 70005 70551 70688 74481 74766 75530 76141 ,928184 941977 224082 449783 941163 905569 680241 72360 906811 595235 ,65731 69051 69177 70005 70551 70688 74481 74766 75530 76141 
349816 405912 863728 225810 613609 224085 910392 349529 67183 919415 ,54161 57967 60631 60683 61475 62116 62471 64410 65321 65808 ,349816 405912 910392 67183 919415 820815 67821 615124 592908 239957 ,54161 57967 62471 65321 65808 66086 66632 66831 68876 68913 
149165 993375 59755 897902 424372 855278 538638 545842 892485 67096 ,44914 49674 62073 64267 65448 67862 70361 72043 72786 73225 ,149165 993375 59755 897902 424372 855278 538638 545842 892485 67096 ,44914 49674 62073 64267 65448 67862 70361 72043 72786 73225 
926643 619983 564065 60973 777464 931868 628330 334118 413849 880033 ,51290 55327 56001 57797 60300 65317 67183 67529 68030 68493 ,926643 619983 564065 60973 777464 931868 628330 334118 413849 880033 ,51290 55327 56001 57797 60300 65317 67183 67529 68030 68493 
246290 193968 983579 758548 595904 534343 564533 560888 975593 895377 ,39048 42635 45866 47996 49484 50260 50910 51043 53042 53394 ,246290 193968 983579 758548 595904 534343 564533 560888 975593 895377 ,39048 42635 45866 47996 49484 50260 50910 51043 53042 53394 
113089 224342 780183 405885 436964 232655 875588 562747 853911 696386 ,50599 51699 52980 53601 53625 53980 54096 60794 61221 61228 ,113089 224342 780183 405885 436964 232655 875588 562747 853911 696386 ,50599 51699 52980 53601 53625 53980 54096 60794 61221 61228 
67779 183810 454506 253238 304736 967046 99835 202424 801921 419226 ,80175 80329 80393 83188 83461 88899 89032 90757 91628 91858 ,67779 183810 454506 253238 304736 967046 99835 202424 801921 419226 ,80175 80329 80393 83188 83461 88899 89032 90757 91628 91858 
137542 750204 656825 440683 206484 465470 298803 318651 942924 508998 ,61170 61904 64518 64959 65093 66247 66474 68861 70530 70597 ,137542 750204 440683 206484 298803 318651 942924 508998 304773 206730 ,61170 61904 64959 65093 66474 68861 70530 70597 70903 71186 
528888 94209 171541 678420 223154 838471 58676 21667 550495 682232 ,54056 56838 58794 58838 60146 60331 61440 62124 62292 62655 ,528888 94209 171541 678420 223154 838471 58676 21667 550495 682232 ,54056 56838 58794 58838 60146 60331 61440 62124 62292 62655 
798175 798756 799153 411472 719846 664180 516438 86795 982227 127000 ,7469 18334 22836 45530 46999 48761 48889 48905 48982 50793 ,798175 798756 799153 411472 719846 664180 516438 86795 982227 127000 ,7469 18334 22836 45530 46999 48761 48889 48905 48982 50793 
282824 938514 42491 875244 172082 710719 497764 490421 170160 42355 ,72089 83715 85810 89516 89775 90218 93835 94149 95787 96506 ,282824 938514 42491 875244 172082 710719 497764 490421 170160 42355 ,72089 83715 85810 89516 89775 90218 93835 94149 95787 96506 
643948 789029 900987 638716 537181 901561 450001 567949 190844 675304 ,58411 58977 61415 61816 63399 63907 64573 65891 66979 69689 ,643948 789029 900987 638716 537181 901561 450001 567949 190844 675304 ,58411 58977 61415 61816 63399 63907 64573 65891 66979 69689 
366525 788684 190365 369187 512360 250661 122519 352607 66508 20688 ,41559 44643 48256 50398 53153 53342 54548 55354 55695 56184 ,366525 788684 190365 369187 512360 250661 122519 352607 66508 20688 ,41559 44643 48256 50398 53153 53342 54548 55354 55695 56184 
798279 14060 84503 489969 49281 681866 957137 115774 925108 258459 ,29124 33987 34181 34448 36157 37717 38374 38616 38652 39591 ,798279 14060 84503 489969 49281 681866 957137 115774 925108 258459 ,29124 33987 34181 34448 36157 37717 38374 38616 38652 39591 
74261 434465 307016 174310 707299 925114 232081 951168 260394 15961 ,58568 61741 62851 65311 65338 66675 67286 67638 68811 68888 ,74261 434465 307016 707299 951168 260394 15961 609499 184335 596109 ,58568 61741 62851 65338 67638 68811 68888 69070 69602 69898 
834734 609848 100496 175483 58974 97230 467326 978846 89419 966768 ,80482 95001 95293 108010 123833 124225 149069 149567 160491 163509 ,834734 609848 100496 175483 58974 97230 467326 978846 89419 966768 ,80482 95001 95293 108010 123833 124225 149069 149567 160491 163509 
899224 854809 645454 645350 884374 453395 552117 123259 975826 709485 ,26652 27538 30775 32649 33499 34030 34272 34599 35324 35393 ,899224 854809 645454 645350 884374 453395 552117 123259 975826 709485 ,26652 27538 30775 32649 33499 34030 34272 34599 35324 35393 
47014 440681 811031 827512 614134 273829 656152 76295 687880 986900 ,61525 69792 75337 84657 85844 87324 87814 87835 88010 88206 ,47014 440681 811031 827512 614134 273829 656152 76295 687880 717278 ,61525 69792 75337 84657 85844 87324 87814 87835 88010 91318 
396836 166316 326703 840757 58947 889277 371545 425559 868841 784736 ,62054 67272 78789 79813 80120 80704 80797 80837 81324 84014 ,396836 166316 326703 840757 58947 889277 371545 425559 784736 738069 ,62054 67272 78789 79813 80120 80704 80797 80837 84014 84896 
836204 396504 680317 762689 457538 268289 480741 466230 50501 149287 ,58323 59499 59751 60257 62141 62285 62745 62985 63926 64836 ,836204 396504 680317 762689 457538 268289 480741 466230 50501 149287 ,58323 59499 59751 60257 62141 62285 62745 62985 63926 64836 
5705 812313 223969 224135 118352 226295 302874 878769 16430 553913 ,38652 44307 45101 45910 50605 51862 52380 52834 52888 53243 ,5705 812313 223969 224135 118352 226295 302874 878769 16430 553913 ,38652 44307 45101 45910 50605 51862 52380 52834 52888 53243 
321508 104890 121925 818384 352969 354127 188274 321458 449937 30277 ,16977 18709 22220 22575 22582 23271 23890 24302 24941 25072 ,321508 104890 121925 818384 352969 354127 188274 321458 30277 87397 ,16977 18709 22220 22575 22582 23271 23890 24302 25072 25557 
87486 186266 724941 546377 995499 363373 515493 526618 780571 321576 ,19356 22195 26537 26966 27997 28624 29298 29615 29758 30218 ,87486 186266 724941 546377 995499 363373 515493 526618 780571 321576 ,19356 22195 26537 26966 27997 28624 29298 29615 29758 30218 
159640 283166 448357 982749 454590 36771 297455 499917 192565 623244 ,61063 61160 62139 63408 63469 63715 64616 65723 66031 66162 ,159640 283166 448357 982749 454590 36771 297455 499917 192565 623244 ,61063 61160 62139 63408 63469 63715 64616 65723 66031 66162 
236995 528844 529020 927604 61800 747453 973816 733589 966065 502344 ,50311 54093 55306 55408 57446 58627 62839 64069 65537 68069 ,236995 528844 529020 927604 61800 747453 733589 966065 502344 351536 ,50311 54093 55306 55408 57446 58627 64069 65537 68069 68505 
846476 562608 610868 668962 708855 923114 993528 709778 113688 367910 ,43505 47904 50065 50336 50658 52119 54391 55134 55146 55878 ,846476 562608 610868 668962 708855 923114 993528 709778 113688 367910 ,43505 47904 50065 50336 50658 52119 54391 55134 55146 55878 
420869 815277 83410 511356 5555 488334 427601 615119 111921 141828 ,37346 39165 40898 42694 44846 45063 45960 46182 46580 46822 ,420869 815277 83410 511356 5555 488334 427601 615119 111921 141828 ,37346 39165 40898 42694 44846 45063 45960 46182 46580 46822 
519531 560212 641084 640870 785705 668751 753559 561804 897105 634130 ,45001 46070 49101 49212 50017 50178 50979 51048 53382 53515 ,519531 560212 641084 640870 785705 668751 753559 561804 897105 634130 ,45001 46070 49101 49212 50017 50178 50979 51048 53382 53515 
169153 15836 215070 98058 65949 665489 136930 13791 68498 466628 ,63553 69871 71018 71122 72520 73023 73533 74554 76085 76102 ,169153 15836 215070 98058 65949 13791 68498 466628 106417 707639 ,63553 69871 71018 71122 72520 74554 76085 76102 76846 77514 
458047 505576 44202 572766 873847 302713 541177 558655 506139 637666 ,27505 27903 31118 31816 32100 33939 34028 35030 35768 35905 ,458047 505576 44202 572766 873847 302713 541177 558655 506139 637666 ,27505 27903 31118 31816 32100 33939 34028 35030 35768 35905 
278164 367110 193683 948461 253404 594232 51816 99881 730477 881144 ,64591 67803 70159 70658 71522 73692 78019 78185 80564 81488 ,278164 193683 948461 253404 594232 51816 99881 730477 881144 355792 ,64591 70159 70658 71522 73692 78019 78185 80564 81488 83310 
992437 627990 380232 795684 439456 201346 895044 656152 1151 614134 ,109325 110908 113066 116804 118787 120727 121078 123150 123845 124326 ,992437 627990 380232 795684 439456 201346 895044 656152 1151 614134 ,109325 110908 113066 116804 118787 120727 121078 123150 123845 124326 
29801 877929 946581 164217 600253 405628 70103 528129 615296 421259 ,67133 72963 74579 74784 75822 75906 76139 78678 79240 79649 ,29801 877929 946581 164217 600253 405628 70103 528129 615296 421259 ,67133 72963 74579 74784 75822 75906 76139 78678 79240 79649 
140129 604369 735955 829831 972781 990301 243887 869680 837590 481846 ,69178 70727 71487 73653 74400 75484 78243 79884 81083 81954 ,140129 604369 735955 829831 972781 990301 243887 869680 837590 481846 ,69178 70727 71487 73653 74400 75484 78243 79884 81083 81954 
552550 662634 602756 496973 230646 560912 726212 79691 282923 187566 ,41377 41426 42717 43347 44079 46271 46977 47193 47646 47958 ,552550 662634 602756 496973 230646 560912 726212 79691 282923 187566 ,41377 41426 42717 43347 44079 46271 46977 47193 47646 47958 
986055 903404 747943 993795 553723 479589 718948 807592 882098 208246 ,29996 41580 48950 53268 54701 55140 56524 57418 58078 59629 ,986055 903404 747943 993795 553723 479589 718948 807592 882098 208246 ,29996 41580 48950 53268 54701 55140 56524 57418 58078 59629 
384148 769140 796845 798457 375962 338630 261125 796218 302071 87684 ,37487 43324 43933 44134 45588 47298 47669 47720 49235 50428 ,798457 375962 302071 87684 507181 778884 347487 449390 823845 807025 ,44134 45588 49235 50428 52361 53239 53962 54934 55067 55101 
515924 78954 298796 365768 242256 284071 88738 173352 681443 702937 ,93368 98137 114378 115314 116952 118717 120353 121181 121830 122121 ,515924 78954 298796 365768 242256 284071 88738 173352 681443 702937 ,93368 98137 114378 115314 116952 118717 120353 121181 121830 122121 
375414 827584 824959 994672 211126 75070 473845 671566 357724 612050 ,27860 37025 37675 41182 42779 43820 45881 46049 47272 47542 ,375414 827584 824959 994672 211126 75070 473845 671566 357724 612050 ,27860 37025 37675 41182 42779 43820 45881 46049 47272 47542 
382589 198088 276904 99045 973792 353167 121034 947883 153467 200680 ,38953 49983 49983 51694 51775 52188 53939 53958 55427 55960 ,382589 198088 276904 99045 973792 353167 121034 947883 153467 200680 ,38953 49983 49983 51694 51775 52188 53939 53958 55427 55960 
953645 293845 292613 202429 497172 784883 646912 255306 112967 60763 ,32916 37000 37764 38410 39108 40323 43739 44427 45153 45697 ,953645 293845 292613 202429 497172 784883 646912 255306 112967 60763 ,32916 37000 37764 38410 39108 40323 43739 44427 45153 45697 
698045 235556 424649 519927 199244 634853 425245 842527 210942 92465 ,52102 53602 54498 58753 61383 62704 63055 63947 64803 64932 ,698045 235556 424649 519927 199244 634853 425245 842527 210942 92465 ,52102 53602 54498 58753 61383 62704 63055 63947 64803 64932 
162551 811834 593466 578888 244047 83775 35306 514469 134434 165585 ,54180 56747 58906 64618 64731 66469 67195 68322 71492 73679 ,162551 811834 593466 578888 244047 83775 35306 514469 134434 165585 ,54180 56747 58906 64618 64731 66469 67195 68322 71492 73679 
686148 94524 893418 534710 306383 634518 59272 299464 68472 152795 ,32213 35749 42329 43544 47549 47614 50322 51840 52977 53193 ,686148 94524 893418 534710 306383 634518 59272 299464 68472 152795 ,32213 35749 42329 43544 47549 47614 50322 51840 52977 53193 
793020 920708 969283 671199 627793 770421 411907 429409 422847 759014 ,53335 58428 61457 68835 70661 71648 72585 74530 74607 74706 ,793020 920708 969283 671199 627793 770421 411907 429409 422847 759014 ,53335 58428 61457 68835 70661 71648 72585 74530 74607 74706 
163942 192821 628028 271411 192677 628455 162470 716420 544563 695339 ,27380 29890 30883 31295 32547 33051 33546 34287 34339 35575 ,163942 192821 628028 271411 192677 628455 162470 716420 544563 695339 ,27380 29890 30883 31295 32547 33051 33546 34287 34339 35575 
202853 531525 12925 188776 131103 146238 547053 16573 733343 599217 ,60695 61623 62426 63198 63272 64074 64272 66464 67625 68208 ,202853 531525 12925 188776 131103 146238 547053 16573 733343 599217 ,60695 61623 62426 63198 63272 64074 64272 66464 67625 68208 
576236 270882 238112 495333 378496 162431 243526 367417 949923 49472 ,89541 93858 114884 118741 138703 160480 161175 164744 174891 179502 ,576236 270882 238112 495333 378496 162431 243526 367417 949923 49472 ,89541 93858 114884 118741 138703 160480 161175 164744 174891 179502 
673188 230497 559591 558576 382385 838639 487917 285258 835131 290201 ,61532 61626 62644 63336 64421 68411 69088 74281 75757 76388 ,673188 230497 559591 558576 382385 838639 487917 285258 835131 290201 ,61532 61626 62644 63336 64421 68411 69088 74281 75757 76388 
542532 957757 860368 210314 994037 815236 17140 922322 542850 111295 ,63050 63892 65081 65195 67666 68887 69657 70518 73561 75868 ,542532 957757 860368 210314 994037 815236 17140 922322 542850 111295 ,63050 63892 65081 65195 67666 68887 69657 70518 73561 75868 
772414 668075 772535 773126 929386 772662 669007 389303 773928 389470 ,30617 30836 31525 34419 35307 35646 36878 37860 38239 38397 ,772535 773126 669007 389303 373626 561755 743158 373655 671792 772665 ,31525 34419 36878 37860 38405 41792 42529 43573 43985 44089 
517561 164873 517493 890204 80240 394666 516354 112331 834524 514527 ,45214 53172 57612 58468 59573 62658 64684 64692 64746 65152 ,517561 164873 517493 890204 80240 394666 516354 112331 834524 514527 ,45214 53172 57612 58468 59573 62658 64684 64692 64746 65152 
929786 653633 799482 748943 225150 434019 512779 911232 306586 216280 ,54409 55007 57787 58018 58233 58510 59298 59336 59940 61172 ,929786 653633 799482 748943 225150 434019 512779 306586 216280 958445 ,54409 55007 57787 58018 58233 58510 59298 59940 61172 61514 
547088 336800 278660 111364 174933 233459 547570 511337 666275 337470 ,40528 44723 46606 46887 50786 51394 51446 52481 53074 53155 ,547088 278660 111364 174933 233459 547570 511337 666275 337470 429478 ,40528 46606 46887 50786 51394 51446 52481 53074 53155 53822 
298664 130341 486143 534363 514919 917912 467130 369824 514033 917926 ,33163 34832 35472 36242 36368 36460 36479 37305 37346 37475 ,298664 130341 486143 534363 514919 917912 467130 369824 514033 917926 ,33163 34832 35472 36242 36368 36460 36479 37305 37346 37475 
490209 272577 869785 323100 795042 516322 429975 305206 151465 214458 ,59825 59963 60022 63943 64699 64795 65528 65587 66153 66321 ,490209 272577 869785 323100 795042 516322 429975 305206 151465 214458 ,59825 59963 60022 63943 64699 64795 65528 65587 66153 66321 
789480 64132 423388 992381 510231 510845 530282 510577 58837 589348 ,48430 51192 52448 52588 53111 53582 53676 54934 55210 55211 ,789480 423388 992381 510845 530282 510577 58837 589348 378890 396662 ,48430 52448 52588 53582 53676 54934 55210 55211 55227 55644 
753640 731862 399170 62856 94252 610061 586541 78954 399125 350029 ,99179 106448 120847 124262 125534 128378 129455 134185 135147 136920 ,753640 731862 399170 62856 94252 610061 586541 78954 399125 350029 ,99179 106448 120847 124262 125534 128378 129455 134185 135147 136920 
736578 742613 742642 733365 158665 410074 321953 322274 845856 541012 ,11007 11810 12659 13774 14488 14560 14661 15096 15308 15982 ,736578 742613 742642 733365 158665 410074 321953 845856 541012 85509 ,11007 11810 12659 13774 14488 14560 14661 15308 15982 16013 
5930 996758 189684 154973 929322 595354 890958 38913 773603 39163 ,22120 32065 33697 33974 37108 37677 37693 38660 38824 39093 ,5930 996758 189684 154973 929322 595354 890958 38913 773603 39163 ,22120 32065 33697 33974 37108 37677 37693 38660 38824 39093 
170826 356384 406977 201553 660100 378489 658854 932504 114307 486267 ,74806 77300 77411 79442 80381 80907 81779 82016 82357 82569 ,170826 356384 406977 201553 660100 378489 658854 932504 114307 486267 ,74806 77300 77411 79442 80381 80907 81779 82016 82357 82569 
800275 964646 128419 823904 796297 241584 984772 336089 637710 14822 ,49027 56446 57952 58229 58665 58891 58905 59326 60428 61115 ,800275 964646 128419 823904 796297 241584 984772 336089 637710 14822 ,49027 56446 57952 58229 58665 58891 58905 59326 60428 61115 
936244 401403 860735 861072 479094 536425 397960 807478 936538 478937 ,45454 46668 47204 47985 48328 48529 49158 49383 49518 49573 ,936244 401403 860735 861072 479094 536425 397960 807478 478937 411654 ,45454 46668 47204 47985 48328 48529 49158 49383 49573 49790 
864884 951512 7869 70080 476205 914620 106806 478082 235535 570906 ,67315 72738 73583 76031 77614 80146 80747 81755 82093 82347 ,864884 951512 7869 70080 476205 914620 106806 478082 235535 570906 ,67315 72738 73583 76031 77614 80146 80747 81755 82093 82347 
586818 487628 93955 476635 317531 516459 45463 117446 450887 476213 ,71403 72348 76184 76578 78416 78445 78508 79273 80239 80575 ,586818 487628 93955 476635 317531 516459 45463 117446 450887 476213 ,71403 72348 76184 76578 78416 78445 78508 79273 80239 80575 
406071 7484 57098 667627 925424 207068 828196 908889 467326 211423 ,50877 51489 60087 62437 65741 65777 66919 67276 67893 69609 ,406071 7484 57098 667627 925424 207068 828196 908889 467326 211423 ,50877 51489 60087 62437 65741 65777 66919 67276 67893 69609 
573116 378866 12375 70080 189910 17993 198677 211880 511183 222185 ,99790 103976 115062 116854 133815 137886 138519 139581 143614 145160 ,573116 378866 12375 70080 189910 17993 198677 211880 511183 222185 ,99790 103976 115062 116854 133815 137886 138519 139581 143614 145160 
323395 338235 270249 887498 974744 402943 269231 440776 273146 15105 ,56152 75507 84523 92515 93537 95175 96476 96481 96562 99117 ,323395 338235 270249 887498 974744 402943 269231 440776 273146 15105 ,56152 75507 84523 92515 93537 95175 96476 96481 96562 99117 
914806 362515 589333 483817 606231 554557 275714 645154 674097 468969 ,82518 85166 85513 94204 112416 113498 121342 126710 126883 127087 ,914806 362515 589333 483817 606231 554557 275714 645154 674097 468969 ,82518 85166 85513 94204 112416 113498 121342 126710 126883 127087 
808173 325573 387589 385811 617780 381060 479520 387439 39262 38030 ,53869 59573 61624 62765 62903 72743 73859 74223 74424 74814 ,808173 325573 387589 385811 617780 381060 479520 387439 39262 38030 ,53869 59573 61624 62765 62903 72743 73859 74223 74424 74814 
188373 939932 448725 556863 819967 880286 40178 182603 14071 873848 ,90684 92034 92876 94880 95013 96047 99137 100574 100727 101377 ,188373 448725 556863 819967 880286 40178 182603 14071 873848 389111 ,90684 92876 94880 95013 96047 99137 100574 100727 101377 101887 
235518 951787 402638 41185 477948 644559 723670 377565 480487 404473 ,35171 44996 69409 71253 72125 79381 80421 82410 84272 84534 ,235518 951787 402638 41185 477948 644559 723670 480487 404473 831289 ,35171 44996 69409 71253 72125 79381 80421 84272 84534 87622 
54475 174269 46354 768452 37787 768604 39585 896305 774324 299634 ,16764 36044 36724 36980 37391 39275 39710 40366 41106 41488 ,54475 174269 46354 768452 37787 768604 39585 896305 299634 54525 ,16764 36044 36724 36980 37391 39275 39710 40366 41488 42047 
388460 224344 536871 476899 218467 997946 881784 100496 79707 979790 ,84108 95930 98069 102986 108984 110684 111313 115644 116466 116467 ,388460 224344 536871 476899 218467 997946 881784 100496 79707 979790 ,84108 95930 98069 102986 108984 110684 111313 115644 116466 116467 
630940 38290 178992 77996 98033 80569 475352 177574 520447 7295 ,51256 53659 57267 65506 67383 67484 67641 70333 71383 72024 ,630940 38290 178992 77996 98033 80569 475352 177574 520447 7295 ,51256 53659 57267 65506 67383 67484 67641 70333 71383 72024 
13561 979413 625624 238304 172686 229217 629721 266895 890783 402824 ,100120 103328 105413 105728 106849 107227 107951 108910 109906 109966 ,13561 625624 238304 172686 229217 629721 266895 890783 402824 731621 ,100120 105413 105728 106849 107227 107951 108910 109906 109966 110020 
821768 554428 524142 552102 596348 69400 884020 867057 503185 361340 ,62815 68813 69422 73425 74478 74558 75792 76079 76617 77099 ,821768 554428 552102 69400 884020 867057 503185 361340 411488 606231 ,62815 68813 73425 74558 75792 76079 76617 77099 77747 77757 
499156 804115 449052 233924 337341 864824 572963 515757 55032 351604 ,31425 32868 34224 34542 34638 34987 35962 36150 36542 36818 ,499156 449052 233924 337341 864824 572963 515757 55032 351604 237038 ,31425 34224 34542 34638 34987 35962 36150 36542 36818 36838 
377630 616673 770129 890977 384298 415799 770142 818943 190263 895674 ,54745 63219 63552 65337 67906 70049 72705 76637 83807 86447 ,377630 616673 770129 890977 415799 770142 818943 190263 895674 580633 ,54745 63219 63552 65337 70049 72705 76637 83807 86447 86553 
159439 51649 738136 479698 159089 190263 48960 380538 777610 212367 ,74024 77169 78320 78949 79973 80030 80817 84563 84821 88063 ,159439 51649 738136 479698 159089 190263 48960 380538 777610 212367 ,74024 77169 78320 78949 79973 80030 80817 84563 84821 88063 
409976 496306 317099 479030 135541 500972 479114 391243 552513 96197 ,53339 59964 59978 63031 63607 63979 64075 64332 64883 66292 ,409976 496306 317099 479030 135541 500972 479114 391243 552513 96197 ,53339 59964 59978 63031 63607 63979 64075 64332 64883 66292 
266244 93853 265709 651697 726121 2816 203730 629796 439050 282735 ,70230 72619 77610 77905 80760 81663 81821 83705 83712 83911 ,266244 93853 265709 651697 726121 2816 203730 629796 282735 690860 ,70230 72619 77610 77905 80760 81663 81821 83705 83911 84888 
126109 912991 56081 697393 472283 507567 329570 80212 476097 326795 ,58279 74115 75295 80797 80798 82597 82637 83158 84026 84597 ,126109 912991 56081 697393 472283 507567 329570 80212 326795 8960 ,58279 74115 75295 80797 80798 82597 82637 83158 84597 84938 
365158 667630 388967 347500 811533 26786 952545 989881 974594 575379 ,45446 48986 52932 54308 56682 59863 62110 64844 65223 69188 ,365158 667630 388967 347500 811533 26786 952545 989881 974594 364159 ,45446 48986 52932 54308 56682 59863 62110 64844 65223 69605 
950275 876034 505947 161272 111985 282749 169221 272014 164242 222868 ,88185 91335 93560 94173 99505 100131 101467 102434 105149 108770 ,950275 876034 505947 161272 111985 282749 169221 272014 164242 222868 ,88185 91335 93560 94173 99505 100131 101467 102434 105149 108770 
28505 839030 710780 468528 873326 374371 340073 568601 190971 204004 ,58257 58390 66188 78902 81967 82654 85616 87369 89586 91673 ,28505 839030 710780 468528 873326 374371 340073 568601 190971 204004 ,58257 58390 66188 78902 81967 82654 85616 87369 89586 91673 
845258 516948 723260 821858 810187 394198 948701 553078 14870 729581 ,69558 71811 72727 72969 73618 74445 75955 76954 76967 77340 ,845258 516948 723260 821858 810187 394198 948701 553078 14870 729581 ,69558 71811 72727 72969 73618 74445 75955 76954 76967 77340 
476635 768873 579806 258300 297159 852797 39729 434873 6017 708263 ,49671 61706 66904 70899 73929 75752 76324 78643 78992 79474 ,476635 768873 579806 258300 297159 852797 39729 434873 6017 708263 ,49671 61706 66904 70899 73929 75752 76324 78643 78992 79474 
706993 123423 721512 285707 711985 636663 652541 455720 205041 269319 ,68097 71209 71305 72730 73212 74558 75002 75740 76775 76775 ,706993 123423 721512 285707 711985 636663 652541 455720 269319 205041 ,68097 71209 71305 72730 73212 74558 75002 75740 76775 76775 
331896 444014 907087 581720 304644 354782 444283 733161 720500 443503 ,28812 29802 35398 37388 37892 41335 41549 45161 46479 46565 ,331896 444014 907087 581720 304644 354782 444283 733161 720500 443503 ,28812 29802 35398 37388 37892 41335 41549 45161 46479 46565 
336740 861330 323046 614972 274688 105156 840894 283709 846634 94207 ,49916 56835 57334 60147 60555 60989 61077 61509 61949 62855 ,336740 861330 323046 614972 274688 105156 840894 283709 846634 94207 ,49916 56835 57334 60147 60555 60989 61077 61509 61949 62855 
46584 279239 792264 292394 62388 140551 46392 605493 687983 540725 ,35296 35729 41515 43033 43103 44131 44154 44299 45956 47082 ,46584 279239 792264 292394 62388 140551 46392 605493 687983 540725 ,35296 35729 41515 43033 43103 44131 44154 44299 45956 47082 
422243 472043 846763 140693 708987 424066 256704 228482 781115 719303 ,51113 52352 52452 52785 55098 55280 55542 56094 56399 56668 ,422243 472043 846763 140693 708987 424066 256704 228482 781115 719303 ,51113 52352 52452 52785 55098 55280 55542 56094 56399 56668 
297913 192907 730510 167693 76143 265628 100547 437900 88547 550080 ,49713 49819 51326 55727 61237 61689 64279 64691 66395 68651 ,297913 192907 730510 167693 76143 265628 100547 437900 88547 550080 ,49713 49819 51326 55727 61237 61689 64279 64691 66395 68651 
716188 968273 255499 935950 423066 736934 823040 24043 993819 800460 ,41957 45608 48676 51466 51654 51757 52317 52821 53256 53617 ,716188 968273 255499 935950 423066 736934 823040 24043 993819 800460 ,41957 45608 48676 51466 51654 51757 52317 52821 53256 53617 
45501 564134 830473 870341 851676 561375 857757 563011 570129 902152 ,41117 43143 46192 49194 49449 49652 50212 51530 52381 52628 ,45501 851676 857757 563011 902152 274462 182377 876867 548706 310402 ,41117 49449 50212 51530 52628 52863 57541 58424 58573 58995 
389199 807507 349508 3894 579470 750725 807501 658423 150639 82510 ,35304 37589 43141 45091 45231 46011 49760 50185 50454 51222 ,389199 807507 349508 3894 579470 750725 807501 658423 150639 82510 ,35304 37589 43141 45091 45231 46011 49760 50185 50454 51222 
900137 970328 881310 52267 533039 932927 5400 906811 244650 445185 ,35247 36971 37984 40347 41658 42529 43459 44500 45279 45541 ,900137 970328 881310 52267 533039 932927 5400 906811 244650 445185 ,35247 36971 37984 40347 41658 42529 43459 44500 45279 45541 
808174 419309 693139 783411 192173 180316 150083 847364 157683 814650 ,71627 73675 75833 76975 78259 78944 81846 82190 82587 83444 ,808174 419309 693139 783411 192173 180316 150083 847364 157683 814650 ,71627 73675 75833 76975 78259 78944 81846 82190 82587 83444 
476873 106746 778578 558447 856161 104951 173543 38727 447104 412324 ,12526 19185 21925 29007 30669 31125 32228 33333 33378 34407 ,476873 106746 778578 558447 856161 104951 173543 38727 447104 412324 ,12526 19185 21925 29007 30669 31125 32228 33333 33378 34407 
520110 323900 809621 750898 331696 583264 110447 448803 929438 835653 ,52685 59229 61866 63767 63928 63995 64292 65953 66582 67063 ,520110 323900 809621 750898 331696 583264 110447 448803 929438 835653 ,52685 59229 61866 63767 63928 63995 64292 65953 66582 67063 
304853 38034 814404 938506 655102 912724 974190 298271 502277 748277 ,28450 31057 33767 36399 36802 37526 39965 40786 41204 41900 ,304853 38034 814404 938506 655102 912724 974190 298271 502277 748277 ,28450 31057 33767 36399 36802 37526 39965 40786 41204 41900 
807743 807764 126880 807890 108030 409067 564508 931497 73053 550738 ,16455 36528 43805 48191 49889 50966 51310 51385 51543 52061 ,807743 807764 126880 108030 409067 564508 931497 73053 550738 561347 ,16455 36528 43805 49889 50966 51310 51385 51543 52061 53637 
522649 693571 823427 522879 162283 72162 808940 751955 809017 577504 ,54998 55202 56843 57233 58011 59348 60415 61028 61100 61146 ,522649 693571 823427 522879 162283 72162 808940 751955 809017 577504 ,54998 55202 56843 57233 58011 59348 60415 61028 61100 61146 
811613 982543 217057 922283 849310 662500 544312 972904 36431 848699 ,21941 34828 41389 43923 44675 44852 47867 49815 50379 51492 ,811613 982543 217057 922283 849310 662500 544312 972904 36431 848699 ,21941 34828 41389 43923 44675 44852 47867 49815 50379 51492 
31815 730020 256664 19782 681635 772051 161461 555584 734901 821299 ,62282 63835 68062 71769 75209 76824 80156 80431 87606 87807 ,31815 730020 256664 19782 681635 772051 161461 555584 734901 821299 ,62282 63835 68062 71769 75209 76824 80156 80431 87606 87807 
812991 301419 967799 305915 599159 973030 877265 123465 311815 309852 ,25236 26841 27766 28419 28815 29487 30440 32689 34423 34685 ,812991 305915 766333 426607 324330 925080 581297 336867 638297 806851 ,25236 28419 36278 37336 37461 37659 37843 38791 39757 39905 
235809 890396 914710 600736 427266 33968 166887 104748 62298 5948 ,69519 75222 77850 80259 80781 82247 83001 83347 83455 83556 ,235809 890396 914710 600736 427266 33968 166887 104748 62298 5948 ,69519 75222 77850 80259 80781 82247 83001 83347 83455 83556 
764180 765905 409351 52400 47662 642607 314092 695465 207242 560210 ,46449 57075 60191 64273 64764 66590 66796 68276 68543 70694 ,764180 765905 409351 52400 47662 642607 314092 695465 207242 560210 ,46449 57075 60191 64273 64764 66590 66796 68276 68543 70694 
834003 44136 685354 672367 698459 400679 68414 16483 29968 294729 ,36916 38506 39261 41989 43331 44262 44670 46465 47523 47750 ,834003 44136 685354 672367 698459 400679 68414 16483 29968 294729 ,36916 38506 39261 41989 43331 44262 44670 46465 47523 47750 
59170 100816 12992 220539 14926 957477 122530 362899 57693 698345 ,103822 107741 108022 117054 124769 124912 127036 129512 130160 135652 ,59170 100816 12992 220539 14926 957477 122530 362899 57693 698345 ,103822 107741 108022 117054 124769 124912 127036 129512 130160 135652 
92030 415326 718462 744527 499716 348252 956861 99040 434629 585417 ,50846 59622 61273 62696 64487 64773 65027 68339 68938 69190 ,92030 415326 718462 744527 499716 348252 956861 99040 434629 585417 ,50846 59622 61273 62696 64487 64773 65027 68339 68938 69190 
913354 714456 486967 705030 961721 671160 210335 886161 842271 60814 ,50960 69754 75187 75752 76934 77786 79767 80091 80324 81508 ,913354 714456 486967 705030 961721 671160 210335 886161 60814 968408 ,50960 69754 75187 75752 76934 77786 79767 80091 81508 81534 
454213 220972 209671 383392 392297 951258 401333 679358 210238 34635 ,73606 91543 95822 97762 105345 105753 108418 108873 109258 113852 ,454213 220972 209671 383392 392297 951258 401333 679358 210238 34635 ,73606 91543 95822 97762 105345 105753 108418 108873 109258 113852 
777229 258375 145967 622894 55525 988762 532391 150105 435336 694076 ,81200 83920 84606 87615 88972 94650 95080 96995 97132 98833 ,777229 258375 145967 622894 55525 988762 532391 150105 435336 694076 ,81200 83920 84606 87615 88972 94650 95080 96995 97132 98833 
474752 833462 224669 274038 806841 938563 58892 598294 474400 85163 ,86721 92308 92342 93926 94846 96853 102222 105495 105652 106499 ,474752 833462 224669 274038 806841 938563 58892 598294 474400 85163 ,86721 92308 92342 93926 94846 96853 102222 105495 105652 106499 
890797 411842 895459 669385 38484 911235 243026 233542 310548 187994 ,53776 58580 67402 70827 76369 89248 90842 92691 93047 106919 ,890797 411842 895459 669385 38484 911235 243026 233542 310548 187994 ,53776 58580 67402 70827 76369 89248 90842 92691 93047 106919 
855173 952232 657727 850903 389137 389200 475673 855552 376071 476020 ,23996 24205 27416 27431 27902 30179 30464 31098 31229 32494 ,657727 389137 389200 475673 707244 962056 707729 863440 39395 707197 ,27416 27902 30179 30464 32850 37816 40636 41857 41969 42693 
925781 18319 629976 656995 178779 163049 178212 987288 848706 909867 ,55340 56452 56996 59154 60757 61040 61180 66045 66127 66540 ,925781 18319 629976 656995 178779 163049 178212 987288 848706 909867 ,55340 56452 56996 59154 60757 61040 61180 66045 66127 66540 
864183 137232 950265 377887 17919 629111 712659 960135 144034 242356 ,77934 102837 102992 103922 107737 110278 111849 113047 114609 115565 ,864183 137232 950265 377887 17919 629111 712659 960135 144034 242356 ,77934 102837 102992 103922 107737 110278 111849 113047 114609 115565 
903865 823338 607398 659619 232776 52176 220322 773042 759976 824716 ,29280 42851 48740 51369 58170 58483 60955 61651 62115 62571 ,903865 823338 607398 659619 232776 52176 220322 773042 759976 824716 ,29280 42851 48740 51369 58170 58483 60955 61651 62115 62571 
486077 980401 766980 879092 252938 764310 676281 882113 755354 712974 ,36707 37388 37988 39175 39222 40778 41003 41035 41206 41341 ,486077 980401 766980 879092 252938 764310 676281 882113 755354 712974 ,36707 37388 37988 39175 39222 40778 41003 41035 41206 41341 
807990 56579 52673 808196 829494 824221 37811 52548 39001 553590 ,4914 18660 19779 19852 20220 21990 24398 24814 25140 25507 ,807990 52673 808196 829494 824221 37811 52548 39001 9079 48012 ,4914 19779 19852 20220 21990 24398 24814 25140 26191 26461 
693638 637243 79190 545740 482079 9684 771717 536770 185662 536547 ,55882 62420 66519 71366 71888 72201 72298 73138 73490 75774 ,693638 637243 79190 545740 482079 9684 771717 536770 185662 536547 ,55882 62420 66519 71366 71888 72201 72298 73138 73490 75774 
275011 327492 147940 945984 933487 487680 31513 720991 585976 287350 ,55377 62424 65185 65433 67191 68293 69205 71200 73873 74388 ,275011 327492 147940 945984 933487 487680 31513 720991 585976 287350 ,55377 62424 65185 65433 67191 68293 69205 71200 73873 74388 
595677 190866 414611 454555 381105 962519 991188 596936 714371 938597 ,72229 84988 86133 87321 88493 88629 89207 91614 91646 92486 ,595677 190866 414611 454555 381105 962519 991188 596936 714371 938597 ,72229 84988 86133 87321 88493 88629 89207 91614 91646 92486 
322714 87527 615839 23619 481264 952666 942281 517059 703198 722807 ,63647 68020 68135 69066 69939 75334 76037 76803 77520 77530 ,322714 87527 615839 23619 481264 952666 942281 722807 420876 351955 ,63647 68020 68135 69066 69939 75334 76037 77530 77732 78381 
698499 100181 528745 859472 282043 122021 82424 61075 365033 172134 ,37941 43472 43689 45956 47655 47880 49848 51037 51531 52570 ,698499 100181 528745 859472 282043 122021 82424 61075 365033 172134 ,37941 43472 43689 45956 47655 47880 49848 51037 51531 52570 
271896 518772 139577 10412 754697 254360 387211 725835 175122 354820 ,63154 73199 75832 78225 79881 80139 80814 82250 82493 82704 ,271896 518772 139577 10412 754697 254360 387211 725835 175122 354820 ,63154 73199 75832 78225 79881 80139 80814 82250 82493 82704 
554386 641320 807913 811064 853430 642101 558628 869638 563577 384108 ,66008 68734 70199 73029 84877 85495 87343 88474 91588 94311 ,554386 641320 807913 811064 853430 642101 558628 869638 563577 384108 ,66008 68734 70199 73029 84877 85495 87343 88474 91588 94311 
853197 662490 376593 477428 803155 20936 531872 608192 325850 126769 ,55661 62602 64117 65928 66649 68107 70319 71275 71566 72364 ,853197 662490 376593 477428 803155 20936 531872 608192 325850 126769 ,55661 62602 64117 65928 66649 68107 70319 71275 71566 72364 
808959 809412 558989 986475 674685 781257 666808 854180 985688 760569 ,2920 8359 14139 18468 20411 20482 20592 20614 20716 20769 ,986294 217011 803112 773291 686101 191033 655226 951712 944815 773728 ,21877 22757 23072 24800 28237 28353 28585 28661 28880 28985 
811884 457066 923830 879910 880074 69295 768963 880947 191248 880104 ,19564 51171 61247 62091 63214 63675 64666 64908 65734 66141 ,457066 923830 879910 880074 69295 768963 880947 893714 539107 680764 ,51171 61247 62091 63214 63675 64666 64908 66777 66817 67100 
131057 263511 667100 244523 853476 970199 190806 28638 948029 672613 ,34254 35908 38604 38893 39231 39942 40579 41000 41276 42139 ,131057 263511 667100 244523 853476 970199 190806 28638 948029 672613 ,34254 35908 38604 38893 39231 39942 40579 41000 41276 42139 
403487 461446 58254 224828 679117 488221 987216 915324 556756 987743 ,77421 79214 87580 88086 88984 89226 89864 91162 93253 93511 ,403487 461446 58254 224828 679117 488221 987216 915324 556756 987743 ,77421 79214 87580 88086 88984 89226 89864 91162 93253 93511 
203998 135490 187502 792718 310819 765035 895459 212662 456285 841551 ,87320 87504 92397 97431 100310 100336 103956 104610 110547 111296 ,203998 135490 187502 792718 310819 765035 895459 212662 456285 841551 ,87320 87504 92397 97431 100310 100336 103956 104610 110547 111296 
672303 828830 785176 810662 985985 757754 647933 766036 796756 2253 ,49659 57199 59559 60558 60895 64268 65263 65448 67614 67981 ,672303 828830 785176 985985 757754 647933 766036 2253 102208 3380 ,49659 57199 59559 60895 64268 65263 65448 67981 68295 68924 
618455 703423 858783 705612 427975 235939 664980 285217 542729 501626 ,52864 59947 62472 62526 63196 64711 66529 68585 68917 70139 ,618455 703423 705612 427975 235939 664980 285217 542729 501626 336029 ,52864 59947 62526 63196 64711 66529 68585 68917 70139 70206 
239939 196876 199322 240247 803686 531553 400048 341277 263668 711964 ,67243 69217 69628 69815 69938 72664 73077 74900 75090 75413 ,239939 196876 199322 240247 803686 531553 400048 341277 263668 711964 ,67243 69217 69628 69815 69938 72664 73077 74900 75090 75413 
160115 39624 516460 160225 804185 599777 267540 659093 160748 245404 ,41417 45785 46610 47970 49658 49768 49921 51352 51734 51914 ,804185 599777 267540 659093 160748 292380 969365 131329 939987 549627 ,49658 49768 49921 51352 51734 51971 52007 53004 53541 53562 
916092 762963 122426 318670 209910 949994 18471 931581 317427 596244 ,87879 93708 101169 103555 103922 106782 113396 114315 114323 114904 ,916092 762963 122426 318670 209910 949994 931581 317427 596244 959922 ,87879 93708 101169 103555 103922 106782 114315 114323 114904 114965 
429116 351047 278665 261736 960697 517017 339899 284210 231763 500684 ,37807 39192 43873 43915 44281 45155 48017 48271 49261 52129 ,429116 351047 278665 261736 960697 517017 339899 284210 231763 500684 ,37807 39192 43873 43915 44281 45155 48017 48271 49261 52129 
450901 981464 329554 419195 623965 768245 284677 783248 709633 149306 ,84116 84988 85305 86157 86384 86694 88359 90086 91083 91174 ,450901 981464 329554 419195 623965 768245 284677 783248 709633 149306 ,84116 84988 85305 86157 86384 86694 88359 90086 91083 91174 
188509 640986 567335 849135 187682 880982 446778 881576 643844 222986 ,26325 27134 27187 27404 27528 29152 29401 29434 30281 30502 ,188509 640986 567335 187682 880982 446778 881576 643844 222986 826052 ,26325 27134 27187 27528 29152 29401 29434 30281 30502 31017 
297588 143414 61956 531690 730948 352601 955961 849761 65812 486366 ,87276 94936 94998 99112 99455 100216 101850 102153 102264 102997 ,297588 143414 61956 531690 730948 352601 955961 849761 65812 486366 ,87276 94936 94998 99112 99455 100216 101850 102153 102264 102997 
309539 315047 695364 551194 533133 694559 580230 764399 587181 625650 ,55952 72173 72807 77680 81600 82041 82225 82653 82874 86613 ,315047 695364 551194 694559 580230 764399 587181 625650 722783 86304 ,72173 72807 77680 82041 82225 82653 82874 86613 87121 88537 
70974 658607 370070 563214 219763 71496 61457 884257 805155 8028 ,61399 66691 67096 68327 71391 71425 71603 73600 73973 74615 ,70974 658607 370070 563214 219763 71496 61457 884257 805155 8028 ,61399 66691 67096 68327 71391 71425 71603 73600 73973 74615 
393631 473103 527337 819610 841270 925251 685524 210335 482239 348755 ,47980 48541 51527 52193 52416 52852 53515 53530 54248 54347 ,393631 473103 527337 819610 841270 925251 685524 210335 482239 348755 ,47980 48541 51527 52193 52416 52852 53515 53530 54248 54347 
612140 783602 742984 668370 584454 147618 409598 944862 507173 324959 ,71308 74483 77037 77469 78756 79333 81173 82160 82507 85472 ,612140 783602 742984 668370 584454 147618 409598 944862 507173 324959 ,71308 74483 77037 77469 78756 79333 81173 82160 82507 85472 
415380 912290 543282 269314 706850 771660 316395 327203 736787 59342 ,74689 75627 95700 95781 97674 99061 99297 101444 101527 101751 ,415380 912290 543282 269314 706850 771660 316395 327203 736787 59342 ,74689 75627 95700 95781 97674 99061 99297 101444 101527 101751 
475604 95960 762839 4761 39681 891609 479124 725705 469935 922074 ,29579 46317 46642 53489 54888 55995 56825 56957 57032 57315 ,475604 95960 762839 4761 39681 479124 725705 922074 212599 356877 ,29579 46317 46642 53489 54888 56825 56957 57315 58101 58589 
636553 765682 72164 568152 211125 761970 609864 555969 661809 402479 ,30358 33919 39049 39157 39675 41511 41958 42517 46661 47013 ,636553 765682 72164 568152 211125 761970 609864 555969 661809 402479 ,30358 33919 39049 39157 39675 41511 41958 42517 46661 47013 
545740 151629 113043 294576 151561 837591 502230 837285 533723 536547 ,69859 73036 74961 76181 76296 76392 77450 77603 77897 79191 ,545740 151629 113043 294576 151561 837591 837285 533723 536547 487326 ,69859 73036 74961 76181 76296 76392 77603 77897 79191 79572 
905407 605872 889681 100999 809912 861643 199196 508210 386868 306113 ,46668 49325 52940 52966 54369 54616 54733 55783 55923 55972 ,905407 605872 889681 100999 809912 861643 199196 508210 386868 306113 ,46668 49325 52940 52966 54369 54616 54733 55783 55923 55972 
104143 863250 833647 672848 767699 603759 614052 375051 831497 866127 ,34387 35618 37104 38718 38895 39264 39375 39573 39850 40901 ,104143 863250 833647 672848 767699 603759 614052 375051 831497 866127 ,34387 35618 37104 38718 38895 39264 39375 39573 39850 40901 
482813 285475 299882 416398 879860 462441 249995 893184 58037 221728 ,45988 48032 55377 58858 61079 62645 63037 64528 65182 65395 ,482813 285475 299882 879860 249995 893184 58037 221728 670355 839368 ,45988 48032 55377 61079 63037 64528 65182 65395 65484 65630 
33940 195177 635718 575511 66879 969043 704252 473219 242643 701777 ,55783 56426 71006 72320 78553 78749 79210 80556 84040 84237 ,33940 195177 635718 575511 66879 969043 704252 473219 242643 701777 ,55783 56426 71006 72320 78553 78749 79210 80556 84040 84237 
419147 943477 495755 737711 323443 297636 235877 29088 229396 898445 ,55840 57431 61982 66277 66301 67385 69632 69792 69820 72030 ,419147 943477 495755 737711 323443 235877 29088 229396 898445 975169 ,55840 57431 61982 66277 66301 69632 69792 69820 72030 72181 
853950 208177 851225 997863 896786 850130 442257 270422 269968 21099 ,64270 65954 65986 66530 68960 69049 69241 69456 69654 69904 ,208177 851225 997863 850130 270422 269968 21099 921827 629346 801813 ,65954 65986 66530 69049 69456 69654 69904 71266 72514 73143 
448591 660215 249235 837839 53630 641700 864662 661969 968018 682287 ,67229 67814 69862 71017 80115 81587 83228 85944 86270 86382 ,448591 660215 249235 837839 53630 641700 864662 661969 968018 682287 ,67229 67814 69862 71017 80115 81587 83228 85944 86270 86382 
57208 998972 951044 839023 999490 654377 558418 501352 103433 294128 ,37208 39343 40624 41119 43737 44615 44907 45681 47223 47329 ,57208 998972 951044 839023 999490 654377 558418 103433 294128 753612 ,37208 39343 40624 41119 43737 44615 44907 47223 47329 47356 
763362 310591 944381 307471 523964 267858 514851 954670 214842 513530 ,64658 65353 69166 70195 70517 71020 72502 73407 74266 75932 ,763362 310591 944381 307471 523964 267858 514851 954670 214842 513530 ,64658 65353 69166 70195 70517 71020 72502 73407 74266 75932 
690733 210541 931877 516496 152414 842271 415391 328397 226730 841158 ,49329 56885 67955 68151 70649 70854 71509 72218 75291 76251 ,690733 210541 931877 516496 152414 842271 415391 328397 226730 841158 ,49329 56885 67955 68151 70649 70854 71509 72218 75291 76251 
843822 980202 997767 208930 652194 663840 219082 540127 8120 456810 ,115947 158536 174821 199034 238400 238579 246047 340165 352576 361626 ,843822 980202 997767 208930 652194 663840 219082 540127 8120 456810 ,115947 158536 174821 199034 238400 238579 246047 340165 352576 361626 
962923 861019 957413 583714 560811 12994 376353 65812 919316 336029 ,83082 90784 92639 93684 97785 99435 102501 102878 106203 106474 ,962923 861019 957413 583714 560811 12994 376353 65812 919316 336029 ,83082 90784 92639 93684 97785 99435 102501 102878 106203 106474 
690700 268752 945000 762963 723461 800668 877021 680653 989825 839686 ,78598 83114 85953 86387 86772 87389 87638 89287 89369 90488 ,690700 268752 945000 762963 723461 800668 877021 680653 989825 839686 ,78598 83114 85953 86387 86772 87389 87638 89287 89369 90488 
693019 401718 605940 955938 857943 583752 773061 387175 115757 577761 ,57958 84867 86884 88006 89222 89834 92287 95434 95943 96771 ,693019 401718 605940 955938 583752 773061 387175 115757 577761 576593 ,57958 84867 86884 88006 89834 92287 95434 95943 96771 97305 
11795 19903 197233 179636 794470 230403 128731 166283 744241 942240 ,62390 79641 81351 83602 87505 87744 87960 90306 91730 93426 ,11795 19903 197233 179636 230403 128731 166283 744241 942240 242588 ,62390 79641 81351 83602 87744 87960 90306 91730 93426 94411 
267867 406185 353152 371825 166861 497115 475616 357763 629011 24905 ,68798 82893 86373 92199 92453 95285 98866 99881 101234 101941 ,267867 406185 353152 371825 166861 497115 475616 357763 629011 24905 ,68798 82893 86373 92199 92453 95285 98866 99881 101234 101941 
401797 307579 327642 531429 269747 553067 966065 184133 672386 128783 ,100417 106926 107445 112526 113207 113385 116477 116496 117344 117347 ,401797 307579 327642 531429 269747 553067 966065 184133 672386 128783 ,100417 106926 107445 112526 113207 113385 116477 116496 117344 117347 
688749 158171 569512 369636 672656 326570 528723 763205 298788 4680 ,38462 38740 39127 42137 44546 44617 44654 44763 45144 45374 ,158171 528723 763205 499761 69209 923213 155593 336763 748034 747406 ,38740 44654 44763 46563 46785 48943 49440 50069 51527 51672 
973434 755872 447457 881021 448629 443515 849095 854635 212747 811153 ,43934 51858 54042 58164 62261 64922 65316 65345 65517 69097 ,973434 755872 447457 881021 448629 443515 849095 854635 212747 811153 ,43934 51858 54042 58164 62261 64922 65316 65345 65517 69097 
685057 478762 306247 670689 517425 262488 339143 281631 525367 869215 ,47552 50896 57202 61476 62030 63469 64335 66028 66041 67361 ,685057 478762 306247 670689 517425 262488 339143 281631 525367 869215 ,47552 50896 57202 61476 62030 63469 64335 66028 66041 67361 
583024 128328 33895 234868 485045 313037 457235 369990 764693 323943 ,46150 53994 57282 58952 60970 63001 63707 63988 64015 65303 ,583024 128328 33895 234868 485045 313037 457235 369990 764693 323943 ,46150 53994 57282 58952 60970 63001 63707 63988 64015 65303 
374283 6629 45982 911240 201322 791265 824075 640881 98870 100999 ,30769 38773 46001 46377 46838 46923 47378 47673 47689 48533 ,374283 6629 45982 911240 201322 791265 824075 640881 98870 100999 ,30769 38773 46001 46377 46838 46923 47378 47673 47689 48533 
680013 995188 910904 854414 216190 855017 716732 910871 766481 885826 ,28525 32108 33879 34626 34733 35229 37775 38932 39320 39989 ,680013 995188 910904 854414 216190 855017 716732 910871 766481 885826 ,28525 32108 33879 34626 34733 35229 37775 38932 39320 39989 
969429 311942 215489 322297 845689 519294 883464 637672 804283 140106 ,38572 41808 45411 45797 46265 47264 47643 47897 49641 50569 ,969429 311942 215489 322297 845689 519294 883464 637672 804283 140106 ,38572 41808 45411 45797 46265 47264 47643 47897 49641 50569 
192197 982919 990348 504459 855880 839439 852739 982681 201694 970216 ,34101 40305 41181 45234 46622 49471 50070 50458 51553 51793 ,192197 982919 990348 504459 855880 839439 852739 982681 201694 970216 ,34101 40305 41181 45234 46622 49471 50070 50458 51553 51793 
820808 6134 532791 707528 125066 904707 429981 128011 860019 701106 ,57006 60600 61864 63662 65228 65830 66231 66571 68539 71650 ,820808 6134 532791 707528 125066 904707 429981 128011 860019 701106 ,57006 60600 61864 63662 65228 65830 66231 66571 68539 71650 
252537 541453 763027 826151 820885 81 593388 447398 571474 8870 ,26371 29950 32993 34066 34490 34500 35358 36181 36222 37152 ,252537 541453 763027 826151 820885 81 593388 447398 571474 8870 ,26371 29950 32993 34066 34490 34500 35358 36181 36222 37152 
200937 503954 919481 876958 690025 484880 607005 825974 106600 377580 ,84670 85861 87166 90265 94651 95055 101309 101597 103422 112946 ,200937 503954 919481 876958 690025 484880 607005 825974 106600 377580 ,84670 85861 87166 90265 94651 95055 101309 101597 103422 112946 
873473 864932 871947 498149 863774 560787 427767 655983 849882 488412 ,21853 23464 23942 24314 24718 24768 25848 26358 26724 26746 ,873473 864932 560787 427767 655983 427847 476539 447904 824627 599508 ,21853 23464 24768 25848 26358 28096 29269 29443 29639 30164 
546059 450075 942660 17974 214297 568044 519197 223876 899910 226238 ,44522 46017 46831 47205 47623 47963 49165 52237 52294 53251 ,546059 450075 942660 17974 214297 568044 519197 223876 899910 226238 ,44522 46017 46831 47205 47623 47963 49165 52237 52294 53251 
390049 379636 520033 31090 997991 754281 432879 176493 350631 79848 ,41896 51748 61017 61214 64770 68162 69012 69130 69153 69242 ,390049 379636 520033 31090 997991 754281 432879 176493 350631 79848 ,41896 51748 61017 61214 64770 68162 69012 69130 69153 69242 
851677 823148 334624 640083 810687 560993 340760 894600 124989 120078 ,41409 43797 44341 49340 51170 51260 52401 52690 54399 55547 ,851677 823148 334624 640083 810687 560993 340760 894600 124989 120078 ,41409 43797 44341 49340 51170 51260 52401 52690 54399 55547 
824070 98861 772211 757306 247103 607374 640271 98943 757430 757672 ,17989 19907 23500 24869 24968 25014 25024 25610 26404 26711 ,247103 772190 785355 666683 269444 220322 762419 773042 13595 570794 ,24968 27062 27215 28918 31504 32477 36511 36907 38751 38954 
1054 579784 935944 818023 420395 77505 507386 960684 703343 126990 ,98547 102792 104161 104398 105125 106573 108388 108686 111972 112478 ,1054 579784 935944 818023 420395 77505 507386 960684 703343 126990 ,98547 102792 104161 104398 105125 106573 108388 108686 111972 112478 
140396 223530 881365 14257 416490 598613 113284 441474 481529 452375 ,50828 51872 53151 54826 56121 56404 56609 56857 57210 57246 ,140396 223530 881365 14257 416490 598613 113284 441474 481529 452375 ,50828 51872 53151 54826 56121 56404 56609 56857 57210 57246 
639876 546779 102163 828392 481388 244032 944039 357119 223979 26136 ,32736 32793 39637 41281 44148 46321 46337 50788 50897 51576 ,639876 546779 102163 828392 481388 244032 944039 357119 223979 26136 ,32736 32793 39637 41281 44148 46321 46337 50788 50897 51576 
997170 966132 545400 208029 426369 669518 891449 966435 999047 832268 ,42857 46811 46946 48250 48629 51389 51473 51679 52326 52639 ,997170 966132 545400 208029 426369 669518 891449 966435 999047 832268 ,42857 46811 46946 48250 48629 51389 51473 51679 52326 52639 
902268 589737 845855 846231 401074 557911 109514 728013 746104 400277 ,43821 46471 50447 50532 53234 53239 53619 53642 54581 54680 ,902268 589737 845855 846231 401074 557911 109514 728013 746104 400277 ,43821 46471 50447 50532 53234 53239 53619 53642 54581 54680 
765891 873980 1720 958906 614320 21140 783386 859929 219729 679856 ,88256 90049 96077 103402 103992 104297 105712 105865 106539 107038 ,765891 873980 1720 958906 614320 21140 783386 859929 219729 679856 ,88256 90049 96077 103402 103992 104297 105712 105865 106539 107038 
772904 173045 618697 308748 167639 276409 35502 938862 645200 801965 ,51348 59269 60373 66681 67449 67722 68933 69026 69302 69335 ,772904 173045 618697 308748 167639 276409 35502 938862 645200 801965 ,51348 59269 60373 66681 67449 67722 68933 69026 69302 69335 
56380 62392 191143 778889 571026 698169 663145 736404 84500 552375 ,50839 56765 64721 64927 66947 68961 69774 74408 76022 77860 ,56380 62392 191143 778889 571026 698169 663145 736404 84500 552375 ,50839 56765 64721 64927 66947 68961 69774 74408 76022 77860 
604132 889231 556711 902423 974326 600083 476516 718369 831257 612143 ,64188 70286 76536 76636 82846 83040 83600 83893 84135 86568 ,604132 889231 556711 902423 974326 600083 476516 718369 831257 612143 ,64188 70286 76536 76636 82846 83040 83600 83893 84135 86568 
278656 278719 494793 278696 338316 337799 494798 541285 278658 549422 ,29978 32166 33013 33995 34507 35535 35791 37178 37208 37637 ,278656 494793 278696 338316 337799 494798 541285 278658 549422 175562 ,29978 33013 33995 34507 35535 35791 37178 37208 37637 38117 
98761 940873 779080 647547 574922 979505 647884 173730 985399 450500 ,45966 51760 51874 54024 55143 58288 58340 59735 60090 60425 ,98761 940873 779080 647547 574922 979505 647884 173730 985399 450500 ,45966 51760 51874 54024 55143 58288 58340 59735 60090 60425 
554885 861352 132826 801315 899051 366694 481826 11827 584934 220381 ,36150 49452 52828 53036 53504 53805 54951 56124 56154 56986 ,554885 861352 132826 801315 899051 366694 481826 11827 584934 220381 ,36150 49452 52828 53036 53504 53805 54951 56124 56154 56986 
895365 885875 808847 828217 56214 885011 772462 825534 824608 642787 ,23121 27874 35797 40465 43142 43952 45457 46692 46718 47080 ,895365 885875 808847 828217 56214 885011 772462 825534 824608 642787 ,23121 27874 35797 40465 43142 43952 45457 46692 46718 47080 
830153 244232 962859 134999 900961 10041 374457 676711 467556 99311 ,34672 36592 37607 37676 40519 41056 42323 43445 43893 44925 ,830153 244232 962859 134999 900961 10041 374457 676711 467556 99311 ,34672 36592 37607 37676 40519 41056 42323 43445 43893 44925 
639866 443328 824621 822888 684850 445970 280799 666872 374023 941687 ,26168 28552 30447 31215 31912 32015 32054 34033 34397 34629 ,639866 443328 824621 822888 684850 445970 280799 666872 374023 941687 ,26168 28552 30447 31215 31912 32015 32054 34033 34397 34629 
882201 631580 787304 965672 914797 731622 306491 491720 463955 514322 ,57363 61558 64976 68087 70716 71018 71441 71792 72378 72389 ,882201 631580 787304 965672 914797 731622 306491 514322 810591 118447 ,57363 61558 64976 68087 70716 71018 71441 72389 75012 75039 
526627 170685 146260 265274 197097 467315 628505 74710 519831 185111 ,69824 71179 71830 74879 77697 78360 78437 78901 79473 79695 ,526627 170685 265274 197097 467315 628505 74710 519831 185111 840980 ,69824 71179 74879 77697 78360 78437 78901 79473 79695 79750 
329127 112573 495141 323378 765402 199726 917258 230069 885778 574094 ,75390 78364 81651 84225 89233 89443 90089 90693 91142 91488 ,329127 112573 495141 323378 765402 199726 917258 230069 885778 574094 ,75390 78364 81651 84225 89233 89443 90089 90693 91142 91488 
974097 760718 735103 429591 76590 60830 152676 784605 193235 790899 ,60796 65974 74730 77391 79299 80868 83167 83489 83723 83766 ,974097 760718 735103 429591 76590 60830 152676 784605 193235 790899 ,60796 65974 74730 77391 79299 80868 83167 83489 83723 83766 
833682 830505 792059 833433 786133 785911 830469 196109 274925 48286 ,68214 72907 73429 75350 79091 80219 83293 83366 83366 84725 ,833682 830505 792059 833433 786133 785911 830469 196109 274925 48286 ,68214 72907 73429 75350 79091 80219 83293 83366 83366 84725 
219981 774807 229739 810867 444478 855632 300008 848167 818763 584454 ,37997 52978 58690 62458 66608 71207 81696 84172 84814 85764 ,219981 774807 229739 810867 444478 855632 300008 848167 818763 584454 ,37997 52978 58690 62458 66608 71207 81696 84172 84814 85764 
500603 184297 473094 751152 687344 977755 533789 249208 428649 780980 ,59624 63234 66401 71925 72209 72454 73090 73515 73738 73876 ,184297 473094 751152 687344 533789 249208 428649 780980 648682 946217 ,63234 66401 71925 72209 73090 73515 73738 73876 74041 74665 
481387 919350 478907 595235 681887 102685 970732 966233 852475 336289 ,55069 56055 57305 64861 66960 67227 69968 70599 72738 73974 ,481387 919350 478907 595235 681887 102685 970732 966233 852475 336289 ,55069 56055 57305 64861 66960 67227 69968 70599 72738 73974 
535759 904285 115276 924261 546594 720702 831507 59132 5394 546984 ,40906 41412 45201 45290 47111 47673 48275 48394 48852 49602 ,535759 904285 115276 924261 546594 720702 831507 59132 5394 546984 ,40906 41412 45201 45290 47111 47673 48275 48394 48852 49602 
922107 965360 965848 425566 810782 896355 896220 965336 972246 636110 ,63779 64412 66372 66978 67912 71507 72310 74535 75930 76193 ,922107 965848 425566 810782 896355 896220 965336 636110 803074 769311 ,63779 66372 66978 67912 71507 72310 74535 76193 76254 78531 
638477 892078 756871 462021 608266 718615 677760 709163 33819 831257 ,53217 60805 60930 61169 61287 66035 67242 68061 69508 69770 ,638477 892078 756871 462021 608266 718615 677760 33819 831257 708543 ,53217 60805 60930 61169 61287 66035 67242 69508 69770 69918 
814843 899255 217492 834287 957371 789988 881356 411237 807643 616406 ,62268 63955 71004 73620 74629 76953 77052 77174 80015 80183 ,814843 899255 217492 834287 957371 789988 881356 411237 807643 616406 ,62268 63955 71004 73620 74629 76953 77052 77174 80015 80183 
85568 83494 541010 200855 568592 612407 293326 558264 479202 293413 ,44033 45172 46587 47181 52873 53041 56445 56741 57550 58163 ,85568 83494 541010 200855 568592 612407 293326 558264 479202 293413 ,44033 45172 46587 47181 52873 53041 56445 56741 57550 58163 
201471 152180 271084 916743 789682 384384 193002 886988 302363 890426 ,57392 75310 76972 78335 79336 82240 82859 85803 86412 87030 ,201471 152180 271084 916743 789682 384384 886988 302363 890426 298166 ,57392 75310 76972 78335 79336 82240 85803 86412 87030 87075 
980893 26069 361302 718025 666620 109986 323701 160851 9667 830279 ,32777 36304 42880 44168 47820 47973 48119 50327 51963 53431 ,980893 26069 361302 718025 666620 109986 323701 160851 9667 830279 ,32777 36304 42880 44168 47820 47973 48119 50327 51963 53431 
440690 560726 516510 483807 20975 682481 645304 627834 406038 458425 ,32313 32479 41402 43445 45248 47838 49324 49620 50596 50700 ,440690 560726 516510 483807 20975 682481 645304 627834 406038 458425 ,32313 32479 41402 43445 45248 47838 49324 49620 50596 50700 
607978 170280 312174 695720 449524 300940 721439 698478 440705 181312 ,87930 89251 90958 97377 101392 102939 103391 103467 104054 104556 ,607978 170280 312174 695720 449524 300940 721439 698478 440705 181312 ,87930 89251 90958 97377 101392 102939 103391 103467 104054 104556 
547155 456656 518504 172317 862063 573670 354003 429545 618015 327082 ,77639 78227 81449 82429 88205 91870 92362 92570 93049 94103 ,547155 456656 518504 172317 862063 573670 354003 429545 618015 327082 ,77639 78227 81449 82429 88205 91870 92362 92570 93049 94103 
932095 868425 730816 871518 851382 251586 899355 560498 878429 193279 ,42990 45515 51197 52716 53415 53452 54523 54931 55310 55517 ,932095 868425 730816 871518 851382 251586 899355 560498 878429 193279 ,42990 45515 51197 52716 53415 53452 54523 54931 55310 55517 
58293 632671 670312 398606 397703 401975 917287 67675 425546 884911 ,58376 59558 62810 63390 67325 67697 68657 69265 69312 71345 ,58293 632671 670312 398606 397703 401975 917287 67675 884911 412185 ,58376 59558 62810 63390 67325 67697 68657 69265 71345 71927 
614134 521951 785624 646651 851524 24571 835322 975847 375250 869622 ,83014 86537 87762 93376 93652 93900 95520 95582 97945 99700 ,614134 521951 785624 646651 851524 24571 835322 975847 375250 869622 ,83014 86537 87762 93376 93652 93900 95520 95582 97945 99700 
781887 671485 971893 701940 83397 167907 902423 535584 576576 81446 ,108315 112868 113902 114331 114661 117696 121858 122003 122138 122275 ,781887 671485 971893 701940 83397 167907 902423 535584 576576 81446 ,108315 112868 113902 114331 114661 117696 121858 122003 122138 122275 
20764 427167 517377 400623 233480 615979 79543 98956 173402 815766 ,29034 33563 34378 35070 35922 36120 36180 36328 36424 36738 ,20764 427167 517377 400623 233480 615979 79543 98956 173402 815766 ,29034 33563 34378 35070 35922 36120 36180 36328 36424 36738 
763461 970033 567682 637523 786317 128328 17504 421080 83256 785008 ,37361 37427 46256 47586 48152 48648 48894 49352 49775 49852 ,763461 970033 567682 637523 786317 128328 17504 421080 83256 785008 ,37361 37427 46256 47586 48152 48648 48894 49352 49775 49852 
893198 474461 129501 662500 222435 642195 996614 995705 758611 264892 ,64470 74323 78181 84129 85475 85619 86004 87313 87691 90085 ,893198 474461 129501 662500 222435 642195 996614 995705 758611 264892 ,64470 74323 78181 84129 85475 85619 86004 87313 87691 90085 
870174 59633 870976 20648 194863 713313 208432 693216 203063 791712 ,86758 86995 89698 89739 90351 92020 95032 95779 96162 96794 ,870174 59633 870976 20648 194863 713313 208432 693216 203063 791712 ,86758 86995 89698 89739 90351 92020 95032 95779 96162 96794 
820234 56864 245733 665605 674405 656260 673717 258503 810888 672808 ,32199 36835 37076 37550 37802 39193 39534 40527 41001 41210 ,674405 672808 52474 667094 45622 824620 576802 828149 825257 57944 ,37802 41210 43962 45864 45999 46153 46199 47851 48001 48538 
211607 385776 416879 572436 778449 572787 996289 104158 872358 617803 ,68659 71245 73920 73962 75124 78030 78985 80959 81014 83270 ,211607 385776 416879 572436 778449 572787 996289 104158 872358 617803 ,68659 71245 73920 73962 75124 78030 78985 80959 81014 83270 
957612 452515 844065 957685 334471 332126 995371 893926 829392 513865 ,65801 69662 69668 71509 74309 74607 75582 75717 75968 76785 ,957612 452515 844065 957685 334471 332126 995371 893926 829392 513865 ,65801 69662 69668 71509 74309 74607 75582 75717 75968 76785 
681831 681950 822746 740907 363106 222765 769009 977946 525199 413572 ,45490 51285 52566 57027 57760 58141 58336 58797 59384 59538 ,681831 681950 822746 740907 222765 769009 977946 525199 413572 681802 ,45490 51285 52566 57027 58141 58336 58797 59384 59538 59893 
523552 84292 295847 20355 141701 793563 515208 305638 751002 353264 ,48565 48663 52577 52643 53783 54914 55427 56044 56675 56844 ,523552 84292 295847 20355 141701 793563 515208 305638 751002 353264 ,48565 48663 52577 52643 53783 54914 55427 56044 56675 56844 
237269 969257 618355 13004 684076 60414 114531 297713 531608 203754 ,36786 42023 45411 49695 49803 49959 50743 51375 51602 52317 ,237269 969257 13004 684076 60414 114531 297713 531608 203754 963343 ,36786 42023 49695 49803 49959 50743 51375 51602 52317 53899 
811859 398564 94258 858026 123830 707219 543725 863814 595246 541956 ,47185 48721 50313 50812 51785 52054 52237 52330 52720 52911 ,811859 398564 94258 858026 123830 707219 543725 863814 595246 541956 ,47185 48721 50313 50812 51785 52054 52237 52330 52720 52911 
491204 665001 221266 951407 2297 964658 342166 348666 42771 834503 ,38851 45424 47013 47393 49049 51919 53322 54370 54528 55362 ,491204 665001 221266 951407 2297 964658 342166 348666 42771 834503 ,38851 45424 47013 47393 49049 51919 53322 54370 54528 55362 
619019 430033 246520 986938 459594 179026 697815 719539 270364 696869 ,53183 59085 59805 59962 60008 60096 61289 61642 62309 62377 ,619019 430033 246520 986938 459594 179026 697815 719539 270364 696869 ,53183 59085 59805 59962 60008 60096 61289 61642 62309 62377 
535346 82963 644939 300764 284676 624761 270968 932026 644771 165697 ,39755 41302 44378 47234 49708 50555 50925 51230 51251 51565 ,535346 82963 644939 300764 284676 624761 270968 932026 644771 165697 ,39755 41302 44378 47234 49708 50555 50925 51230 51251 51565 
771484 771785 216479 813160 44574 429657 567208 657329 567107 189098 ,10314 32869 34079 34446 35943 35991 36430 36921 37538 38284 ,771484 771785 216479 813160 44574 657329 189098 732919 552630 344782 ,10314 32869 34079 34446 35943 36921 38284 38577 39476 40098 
446254 666738 848659 446410 445849 446680 447531 447925 445722 446848 ,2014 2933 3390 3476 3479 3795 3979 4060 4135 4302 ,446254 666738 848659 446410 445849 446680 447531 447925 445722 446848 ,2014 2933 3390 3476 3479 3795 3979 4060 4135 4302 
916441 854302 507103 15885 852660 940712 879749 965927 854435 12775 ,47182 50069 53480 55176 55462 59376 59887 60402 61950 62140 ,916441 854302 507103 15885 852660 940712 879749 965927 854435 12775 ,47182 50069 53480 55176 55462 59376 59887 60402 61950 62140 
715432 820432 883239 7962 339931 410252 465051 656043 378604 976231 ,23364 23812 24060 24232 24464 24692 24908 26158 26774 27225 ,715432 820432 883239 7962 339931 410252 465051 656043 976231 654321 ,23364 23812 24060 24232 24464 24692 24908 26158 27225 28115 
757790 672537 755368 994892 608968 610163 374863 636861 374373 373737 ,20677 22186 22924 22925 24423 24599 24653 25183 25345 25478 ,757790 672537 755368 994892 608968 610163 374863 636861 374373 373737 ,20677 22186 22924 22925 24423 24599 24653 25183 25345 25478 
890467 890282 941078 804574 946977 805157 541662 804830 890879 768169 ,16978 18738 20704 21401 21495 25713 25771 26392 26617 28926 ,941078 946977 541662 804830 890879 768169 849508 877710 627811 940657 ,20704 21495 25771 26392 26617 28926 29726 31331 31801 31958 
756450 560460 601893 666965 657309 512777 544446 996698 541340 443242 ,25809 34294 34517 34968 35226 36234 36513 37173 39411 39480 ,756450 560460 601893 666965 657309 512777 544446 996698 541340 443242 ,25809 34294 34517 34968 35226 36234 36513 37173 39411 39480 
248203 553901 673074 490628 888951 25055 757307 352465 790399 468972 ,51431 71708 74911 76004 76243 76638 79002 81801 81841 82009 ,248203 553901 673074 490628 888951 25055 757307 352465 790399 468972 ,51431 71708 74911 76004 76243 76638 79002 81801 81841 82009 
763955 113269 735237 886142 539684 443515 902886 24884 886171 831497 ,4475 5144 9196 10217 10538 12067 12352 17096 18017 18460 ,763955 113269 735237 886142 539684 443515 902886 24884 886171 831497 ,4475 5144 9196 10217 10538 12067 12352 17096 18017 18460 
373765 447877 445459 447161 447794 446950 447831 655910 443516 443139 ,1073 1580 1744 1905 2564 2797 2872 3231 3490 3993 ,373765 447877 445459 447161 447794 446950 447831 655910 443516 443139 ,1073 1580 1744 1905 2564 2797 2872 3231 3490 3993 
745026 543242 540532 687397 878064 987923 543599 735411 915871 374762 ,24551 30184 30748 34322 35794 36038 37153 37910 38044 38789 ,745026 543242 540532 687397 878064 987923 543599 735411 915871 374762 ,24551 30184 30748 34322 35794 36038 37153 37910 38044 38789 
807887 222301 425218 477332 460292 371819 39944 7707 762543 108822 ,58251 60416 61169 61556 62222 64701 65769 66442 66547 68434 ,807887 222301 425218 477332 460292 371819 39944 7707 762543 108822 ,58251 60416 61169 61556 62222 64701 65769 66442 66547 68434 
443515 692508 886142 886171 853467 212747 77746 425445 639867 849095 ,6054 9807 16652 19752 24559 32959 36946 38823 39172 40070 ,443515 692508 886142 886171 853467 212747 77746 425445 639867 849095 ,6054 9807 16652 19752 24559 32959 36946 38823 39172 40070 
814184 814198 446718 442330 603654 424075 397303 814194 603744 603634 ,9150 13666 13954 13968 14574 14858 14963 14985 15358 15363 ,446718 442330 424075 442401 113271 446218 447353 216215 400733 814208 ,13954 13968 14858 15931 17488 17665 17867 18562 18756 18984 
447424 849570 24425 996571 666741 672514 448275 534425 824058 997781 ,9555 10034 10602 11761 14312 14400 14528 14696 15543 15731 ,447424 849570 24425 996571 666741 672514 448275 534425 824058 997781 ,9555 10034 10602 11761 14312 14400 14528 14696 15543 15731 
151250 487833 814664 815437 426597 29939 100182 526064 487401 815319 ,10521 12622 12886 13010 13131 13322 13331 13767 14085 14233 ,814664 815437 29939 521855 487433 489513 815341 815401 815524 784793 ,12886 13010 13322 14655 15053 15406 15473 15524 15749 16190 
339664 816171 816205 816230 834346 836365 815937 816203 835329 836470 ,32481 34601 41818 42174 43578 44533 45380 46409 46636 47224 ,816171 113160 674850 170344 673198 614119 816962 857309 835186 568750 ,34601 55532 59306 60932 61400 62034 63210 63953 63954 64196 
345682 766707 834274 567312 971519 768724 990038 314376 12808 404679 ,51623 60601 63700 75817 88498 88801 92252 92975 93185 93692 ,345682 766707 834274 567312 971519 768724 990038 314376 12808 404679 ,51623 60601 63700 75817 88498 88801 92252 92975 93185 93692 
657372 26832 760587 816241 150228 569465 998937 757317 232170 546060 ,46145 51349 52405 54145 55410 58553 58582 58930 60007 63118 ,657372 26832 760587 150228 569465 998937 757317 232170 546060 811744 ,46145 51349 52405 55410 58553 58582 58930 60007 63118 63150 
998349 450808 986919 57446 789733 410314 50435 290619 891789 558710 ,84797 96147 96807 97907 98216 99199 101142 101995 102659 103361 ,998349 450808 986919 57446 789733 410314 50435 290619 891789 558710 ,84797 96147 96807 97907 98216 99199 101142 101995 102659 103361 
999166 776858 834094 614797 835100 852826 830464 757135 673045 34879 ,46692 48634 50742 51429 52231 56678 57347 57500 58345 59035 ,999166 776858 834094 614797 835100 852826 830464 757135 673045 34879 ,46692 48634 50742 51429 52231 56678 57347 57500 58345 59035 
304988 151252 6490 29989 702967 363412 815460 29951 815393 526066 ,18392 18538 18647 19028 19538 19664 19839 19884 19898 20048 ,304988 151252 6490 29989 702967 363412 815460 29951 815393 526066 ,18392 18538 18647 19028 19538 19664 19839 19884 19898 20048 
24184 655412 568915 672684 802006 373912 998291 610385 159894 761857 ,48468 52149 52391 53894 55068 57155 57851 58251 60288 61565 ,24184 655412 568915 672684 802006 373912 998291 610385 159894 761857 ,48468 52149 52391 53894 55068 57155 57851 58251 60288 61565 
404735 760604 190871 25414 567604 568004 568315 835497 568469 140409 ,17530 21548 23507 24213 26538 27492 28028 28608 29035 29708 ,404735 760604 190871 25414 567604 568004 568315 835497 568469 140409 ,17530 21548 23507 24213 26538 27492 28028 28608 29035 29708 
760515 835616 221970 850499 829526 759041 34078 762801 221000 757887 ,35898 37280 46294 46432 51074 51706 51903 52585 53645 54849 ,760515 835616 221970 850499 829526 759041 34078 762801 221000 757887 ,35898 37280 46294 46432 51074 51706 51903 52585 53645 54849 
328286 995975 240485 908040 491976 953090 796591 542212 479709 958226 ,49710 77171 85944 88893 89829 93929 96184 96272 102051 103291 ,328286 995975 240485 908040 491976 953090 796591 542212 479709 958226 ,49710 77171 85944 88893 89829 93929 96184 96272 102051 103291 
449695 29173 893803 401065 540333 301255 775124 774839 447723 763395 ,37073 45013 45152 51802 54860 56339 56845 61074 61813 64194 ,449695 29173 893803 401065 540333 301255 775124 774839 447723 763395 ,37073 45013 45152 51802 54860 56339 56845 61074 61813 64194 
621610 405157 649967 167526 816500 567228 610754 778860 184892 113160 ,51047 51333 52354 52386 52934 54033 56739 56795 57283 58124 ,621610 405157 649967 167526 816500 567228 610754 778860 184892 113160 ,51047 51333 52354 52386 52934 54033 56739 56795 57283 58124 
319839 638683 675103 870880 835328 605254 956820 569581 190687 446754 ,33053 34818 41080 45241 48161 51506 54158 56409 57966 58299 ,319839 638683 675103 870880 835328 605254 956820 569581 190687 446754 ,33053 34818 41080 45241 48161 51506 54158 56409 57966 58299 
830380 192203 795792 429178 970562 882118 841273 42621 789401 831203 ,14777 18044 19337 19908 21430 21861 22255 22717 24701 24897 ,192203 795792 429178 970562 882118 841273 42621 789401 831203 996302 ,18044 19337 19908 21430 21861 22255 22717 24701 24897 26013 
816727 685086 928725 467769 664641 762479 819309 136814 763435 44980 ,87048 90615 103474 104305 151375 158327 161942 183939 186466 186631 ,816727 685086 928725 467769 664641 762479 819309 136814 763435 44980 ,87048 90615 103474 104305 151375 158327 161942 183939 186466 186631 
758592 673813 989652 835107 833304 102877 870987 487169 757442 674110 ,47074 53896 61677 62876 64457 65052 65663 66260 66464 66539 ,758592 673813 989652 835107 833304 102877 870987 487169 757442 674110 ,47074 53896 61677 62876 64457 65052 65663 66260 66464 66539 
133074 649400 510610 722736 142768 112392 158978 342270 283922 578269 ,76917 77864 84217 87953 89868 89976 94643 94794 96207 96902 ,133074 649400 510610 722736 142768 112392 342270 283922 578269 159753 ,76917 77864 84217 87953 89868 89976 94794 96207 96902 96934 
756721 319699 257118 132200 319192 590775 674503 255809 134119 288830 ,68527 78485 80503 84520 86623 87513 87630 88330 90129 91216 ,756721 319699 257118 590775 255809 134119 288830 256923 666147 175576 ,68527 78485 80503 87513 88330 90129 91216 91776 91910 92364 
567143 183178 613050 567074 970111 765633 405135 906539 469350 340305 ,33545 40427 52583 52613 53391 58806 61446 62798 63157 65247 ,567143 183178 613050 567074 970111 765633 405135 906539 469350 340305 ,33545 40427 52583 52613 53391 58806 61446 62798 63157 65247 
728729 948095 663270 483158 272156 657099 801263 531256 339285 517002 ,75693 79111 82171 84093 90444 90639 90907 91180 91464 91465 ,728729 948095 663270 483158 272156 657099 801263 339285 517002 945064 ,75693 79111 82171 84093 90444 90639 90907 91464 91465 92438 
673502 852657 300470 233673 413286 889562 575351 734821 167026 25520 ,75564 77743 80592 80767 81222 83930 87118 89227 96765 97570 ,673502 852657 300470 233673 413286 889562 575351 734821 167026 25520 ,75564 77743 80592 80767 81222 83930 87118 89227 96765 97570 
209504 877949 259484 861142 585445 13227 734821 855914 812483 300470 ,49704 60511 63519 64409 66229 66911 67125 67171 68772 68872 ,209504 877949 259484 861142 585445 13227 855914 812483 300470 673502 ,49704 60511 63519 64409 66229 66911 67171 68772 68872 70642 
509911 496853 94441 430252 997641 965995 384232 79648 238616 502284 ,46285 48117 50446 50585 51885 52596 52839 53124 53833 54202 ,509911 496853 94441 430252 997641 965995 384232 79648 238616 502284 ,46285 48117 50446 50585 51885 52596 52839 53124 53833 54202 
575978 421600 891514 534960 737176 545154 545146 429680 822210 118825 ,29654 29677 33024 36464 36686 38843 39792 41611 43719 43969 ,575978 421600 891514 534960 737176 545154 545146 429680 118825 214224 ,29654 29677 33024 36464 36686 38843 39792 41611 43969 44307 
929322 834336 446056 445552 891379 445139 187727 379746 975992 678707 ,26726 30435 33018 33109 33731 35031 35083 36089 36522 36630 ,929322 834336 446056 445552 891379 445139 187727 379746 975992 678707 ,26726 30435 33018 33109 33731 35031 35083 36089 36522 36630 
639210 95664 785008 93139 292836 964901 527373 292702 278918 870689 ,29524 34678 38909 39852 40010 40239 40643 41176 42248 42341 ,639210 95664 785008 93139 292836 964901 527373 292702 278918 870689 ,29524 34678 38909 39852 40010 40239 40643 41176 42248 42341 
686235 80802 459891 755518 574016 97827 510313 288289 346341 384227 ,67013 93753 93927 104091 104908 105260 105597 107788 110158 114476 ,686235 80802 459891 755518 574016 97827 510313 288289 346341 384227 ,67013 93753 93927 104091 104908 105260 105597 107788 110158 114476 
701303 8646 417550 385536 904191 181261 815604 489230 710366 417490 ,46913 52520 53325 54247 55962 62143 62940 63725 63855 64017 ,417550 385536 904191 815604 489230 673899 104886 837193 313590 417583 ,53325 54247 55962 62940 63725 66031 66417 67589 67620 68695 
161642 925386 520909 747868 181040 175427 419337 174734 724159 474634 ,53895 61171 66336 66751 68870 70077 71633 72100 73958 73986 ,161642 925386 520909 747868 181040 175427 419337 174734 724159 474634 ,53895 61171 66336 66751 68870 70077 71633 72100 73958 73986 
322896 91996 250403 498312 944559 882618 294002 141588 560326 601218 ,121823 125337 135664 137670 138447 149232 149913 151686 153444 153650 ,322896 91996 250403 498312 944559 882618 294002 141588 560326 601218 ,121823 125337 135664 137670 138447 149232 149913 151686 153444 153650 
856108 301741 360514 360877 926868 233297 422525 689984 842980 489522 ,73810 81910 84848 86562 89683 96172 99753 99940 100114 100337 ,856108 301741 360514 360877 926868 233297 422525 689984 842980 489522 ,73810 81910 84848 86562 89683 96172 99753 99940 100114 100337 
946985 849221 931609 756341 443392 858718 210616 997901 851079 264218 ,30235 31927 32506 32592 32861 34072 34167 35563 38523 38724 ,931609 210616 851079 855022 768227 769118 851984 444706 852356 855251 ,32506 34167 38523 39318 42852 43706 46222 46334 47553 48922 
777180 351862 93648 602440 365007 876300 896803 326697 256383 906745 ,41801 44605 51767 52142 53119 55214 55664 56297 56546 56637 ,777180 351862 93648 602440 365007 876300 896803 326697 256383 906745 ,41801 44605 51767 52142 53119 55214 55664 56297 56546 56637 
328069 478358 91598 799821 793546 641182 913410 404052 479793 55891 ,49574 60992 62953 63035 63589 67944 68236 69386 71860 75463 ,328069 478358 91598 799821 793546 641182 913410 404052 479793 55891 ,49574 60992 62953 63035 63589 67944 68236 69386 71860 75463 
562170 425492 749170 839372 603679 705181 310819 455605 837635 988876 ,53371 54867 55802 57612 58492 60669 62674 62784 62887 65940 ,562170 425492 749170 839372 603679 705181 310819 455605 837635 988876 ,53371 54867 55802 57612 58492 60669 62674 62784 62887 65940 
8713 870414 252516 317672 69703 8980 338299 699091 339153 141188 ,69943 70283 74090 75447 78837 79131 81847 82166 82203 83282 ,8713 870414 252516 317672 69703 8980 338299 699091 339153 141188 ,69943 70283 74090 75447 78837 79131 81847 82166 82203 83282 
826004 987597 830944 104974 824176 672427 853978 615076 905347 380129 ,38971 40476 41320 42126 42183 42641 42724 43542 45046 45348 ,826004 987597 830944 104974 824176 853978 615076 905347 380129 859311 ,38971 40476 41320 42126 42183 42724 43542 45046 45348 45539 
40905 290430 492636 40917 417876 114267 904859 491957 896718 665674 ,52128 53953 58319 59777 60258 63292 63582 63711 63971 64277 ,40905 290430 492636 40917 417876 114267 904859 491957 896718 665674 ,52128 53953 58319 59777 60258 63292 63582 63711 63971 64277 
609026 991552 608792 618954 674131 773661 390731 15120 568642 572312 ,71890 72476 75920 79007 79326 79893 79955 80433 80545 80774 ,609026 991552 608792 618954 674131 773661 15120 799683 992589 710109 ,71890 72476 75920 79007 79326 79893 80433 82760 82798 82878 
44126 701665 885193 901654 228376 103195 155568 140732 673394 627964 ,17735 20738 20771 21008 21699 22056 22781 23079 23440 23528 ,44126 701665 885193 901654 228376 103195 155568 140732 673394 627964 ,17735 20738 20771 21008 21699 22056 22781 23079 23440 23528 
912756 9465 698636 976338 972895 560334 400762 632499 246683 127414 ,46323 46909 49460 50077 51241 51715 52350 52794 53287 53750 ,912756 9465 698636 976338 972895 560334 400762 632499 246683 127414 ,46323 46909 49460 50077 51241 51715 52350 52794 53287 53750 
945362 791499 691750 89952 721897 648161 414527 343721 222921 747136 ,79067 92789 94734 98462 98723 100151 101429 102378 102907 103919 ,945362 791499 691750 89952 721897 648161 414527 343721 222921 747136 ,79067 92789 94734 98462 98723 100151 101429 102378 102907 103919 
374763 315508 556557 665674 57665 256306 256418 660242 556926 74425 ,31882 33063 35463 36610 37033 38428 39359 39404 40293 40371 ,374763 315508 556557 57665 256306 256418 660242 556926 74425 904489 ,31882 33063 35463 37033 38428 39359 39404 40293 40371 40931 
954236 88123 736675 890807 674678 130124 964128 320046 674069 137631 ,53500 56323 60082 61947 64184 66515 77942 78251 80665 80785 ,954236 88123 736675 890807 674678 130124 964128 320046 674069 137631 ,53500 56323 60082 61947 64184 66515 77942 78251 80665 80785 
911944 297470 233529 569539 412517 62247 289224 667432 574274 429657 ,33668 36244 39595 39771 40612 40774 40875 41251 41316 41834 ,911944 297470 233529 569539 412517 62247 289224 667432 574274 429657 ,33668 36244 39595 39771 40612 40774 40875 41251 41316 41834 
269972 66780 397405 731871 180485 929813 378516 176570 945016 857509 ,107075 113003 113841 120672 121861 122070 124640 125520 126028 127090 ,269972 66780 397405 731871 180485 929813 378516 176570 945016 857509 ,107075 113003 113841 120672 121861 122070 124640 125520 126028 127090 
120900 168187 273648 290053 663112 283494 604110 651454 550573 905127 ,111420 113834 114489 118219 118507 121645 121843 122680 122831 123079 ,120900 168187 273648 290053 663112 283494 604110 651454 550573 905127 ,111420 113834 114489 118219 118507 121645 121843 122680 122831 123079 
890223 207765 41993 207807 210727 2896 259110 700312 529553 247991 ,37212 38807 39929 41671 41995 43781 44063 44336 44444 45256 ,890223 207765 41993 207807 210727 2896 259110 700312 529553 247991 ,37212 38807 39929 41671 41995 43781 44063 44336 44444 45256 
14989 880393 15325 670417 13292 58009 194911 622018 523690 58033 ,48234 48572 49955 51172 51367 52348 53901 55891 56685 58833 ,14989 880393 15325 670417 13292 58009 194911 622018 523690 58033 ,48234 48572 49955 51172 51367 52348 53901 55891 56685 58833 
182823 515395 189198 297494 196726 801052 762864 766567 169629 365487 ,76201 85435 88705 92327 92346 92611 92850 93198 93211 94812 ,182823 515395 189198 297494 196726 801052 766567 169629 365487 395095 ,76201 85435 88705 92327 92346 92611 93198 93211 94812 97034 
555362 310405 546191 493446 533077 352482 512460 795523 618294 628915 ,59160 66476 73491 79744 83816 83937 86830 88489 89059 91579 ,555362 310405 546191 493446 533077 352482 512460 795523 618294 628915 ,59160 66476 73491 79744 83816 83937 86830 88489 89059 91579 
886885 249365 845100 530749 686559 802922 674933 83751 892565 869746 ,51118 53509 56968 58058 60417 60421 62130 63050 63107 63419 ,886885 249365 845100 530749 686559 802922 674933 83751 892565 869746 ,51118 53509 56968 58058 60417 60421 62130 63050 63107 63419 
374102 772797 772530 824484 656614 675636 853558 905492 114863 854813 ,16810 20347 21347 24238 24685 27543 28921 29208 30597 32098 ,374102 772797 772530 824484 656614 675636 853558 905492 114863 854813 ,16810 20347 21347 24238 24685 27543 28921 29208 30597 32098 
474924 421801 479124 881571 437773 374204 770132 222166 809970 534958 ,36224 39467 39502 43151 43460 44729 45386 46819 46936 47355 ,474924 421801 479124 222166 534958 411705 543448 193138 124566 810417 ,36224 39467 39502 46819 47355 48169 51495 53462 54043 54486 
604020 225618 457848 634133 753544 527796 711187 682288 410362 185530 ,64137 66568 70579 71408 72209 74457 75580 76198 76393 77245 ,604020 225618 634133 753544 527796 711187 682288 410362 185530 27478 ,64137 66568 71408 72209 74457 75580 76198 76393 77245 77290 
954577 702938 550066 107243 232025 527424 703098 181028 248643 296140 ,64740 66464 68345 69848 70073 71416 71780 72747 73136 73329 ,954577 550066 107243 232025 527424 703098 181028 248643 219260 712567 ,64740 68345 69848 70073 71416 71780 72747 73136 75312 75958 
869430 629250 771691 878981 742822 660194 746882 5799 365680 486584 ,100203 104186 109657 110063 112241 114918 115683 115778 115827 115880 ,869430 629250 771691 878981 742822 660194 746882 5799 365680 486584 ,100203 104186 109657 110063 112241 114918 115683 115778 115827 115880 
334848 334697 525811 555274 660586 903419 283013 520512 193725 690626 ,25961 33648 36446 37620 39052 39505 39976 40390 40592 40688 ,334848 334697 525811 555274 660586 903419 520512 193725 690626 544749 ,25961 33648 36446 37620 39052 39505 40390 40592 40688 41130 
724038 774998 537309 101222 40985 388162 847054 982705 833238 274358 ,66548 69347 70338 70374 70965 70974 71080 72024 72498 73362 ,724038 774998 537309 101222 40985 388162 847054 982705 833238 274358 ,66548 69347 70338 70374 70965 70974 71080 72024 72498 73362 
543741 573299 527964 813509 988274 113401 844385 362471 867828 22034 ,84826 96381 97412 99746 101067 103191 103416 106879 107250 107962 ,543741 573299 527964 813509 988274 113401 844385 362471 867828 22034 ,84826 96381 97412 99746 101067 103191 103416 106879 107250 107962 
695518 956920 974278 399484 795395 508324 472963 223532 535244 124325 ,57069 57668 58916 59966 62082 62328 63454 63808 64081 64680 ,695518 956920 974278 399484 795395 508324 472963 223532 535244 124325 ,57069 57668 58916 59966 62082 62328 63454 63808 64081 64680 
923890 894124 943462 894481 332199 757837 90474 783293 654173 947386 ,69778 76315 77133 79358 85435 86913 87939 88060 89018 90185 ,894124 943462 894481 332199 757837 90474 783293 654173 947386 894492 ,76315 77133 79358 85435 86913 87939 88060 89018 90185 90193 
381510 728579 933552 172906 456979 888698 389970 403430 310778 430328 ,55175 57338 61091 61877 64568 64620 64703 64976 65934 66479 ,381510 728579 933552 172906 456979 888698 389970 403430 310778 430328 ,55175 57338 61091 61877 64568 64620 64703 64976 65934 66479 
138704 563867 541593 461893 239304 35791 467366 580597 131209 728376 ,57587 61374 62779 65026 65308 66214 67424 67703 67725 67963 ,138704 563867 541593 461893 239304 35791 467366 580597 131209 728376 ,57587 61374 62779 65026 65308 66214 67424 67703 67725 67963 
465875 63110 246500 313156 809208 173192 194535 479040 428767 233279 ,54082 57739 57943 58733 59417 59440 60684 61575 61788 62494 ,465875 63110 246500 313156 809208 479040 428767 233279 87005 861551 ,54082 57739 57943 58733 59417 61575 61788 62494 63664 64169 
361985 129639 167734 791564 664300 376483 333616 90253 457217 308311 ,93597 94636 99563 101895 103360 103762 104403 104748 105435 107212 ,361985 129639 167734 791564 664300 376483 333616 90253 457217 308311 ,93597 94636 99563 101895 103360 103762 104403 104748 105435 107212 
859531 170904 893471 548882 6274 669998 351069 693984 458644 491766 ,68677 75395 77036 77880 80660 83498 85209 85291 86383 87013 ,859531 170904 893471 548882 6274 669998 351069 693984 458644 491766 ,68677 75395 77036 77880 80660 83498 85209 85291 86383 87013 
536360 42195 843148 768773 717503 149722 376676 480576 684427 704042 ,36982 37764 41180 41925 42443 43096 44257 44859 46553 46757 ,536360 42195 843148 768773 717503 149722 376676 480576 684427 704042 ,36982 37764 41180 41925 42443 43096 44257 44859 46553 46757 
718026 643389 102714 158755 905656 8740 905647 370595 611886 950954 ,61098 62062 65739 68351 70037 70374 72416 73665 74686 75259 ,718026 643389 102714 158755 905656 8740 905647 370595 611886 950954 ,61098 62062 65739 68351 70037 70374 72416 73665 74686 75259 
681788 471721 671251 694817 669068 392456 989072 392219 693094 227328 ,45068 47531 47873 48595 49012 49286 49855 50029 50276 50586 ,471721 671251 694817 669068 392456 989072 392219 693094 227328 940795 ,47531 47873 48595 49012 49286 49855 50029 50276 50586 50866 
693194 617058 381483 747926 310816 630237 455563 162250 617440 102703 ,71074 83329 86028 86535 86914 88506 90276 92282 92696 93501 ,693194 617058 381483 747926 310816 630237 455563 162250 617440 102703 ,71074 83329 86028 86535 86914 88506 90276 92282 92696 93501 
843567 624013 527308 628289 843275 313410 316253 13951 822941 793761 ,68742 68852 69361 69472 69495 73019 73262 73305 73951 74113 ,843567 624013 527308 628289 843275 313410 316253 13951 822941 793761 ,68742 68852 69361 69472 69495 73019 73262 73305 73951 74113 
616920 622714 433127 141868 284087 527152 313510 377155 771381 281422 ,105007 107876 108978 112241 112529 114054 114475 114678 116332 116963 ,616920 622714 433127 141868 284087 527152 313510 377155 771381 281422 ,105007 107876 108978 112241 112529 114054 114475 114678 116332 116963 
303724 45571 542952 810674 274554 253156 805034 42682 208060 770452 ,45007 53824 54980 55399 55474 57618 58030 58560 59311 59856 ,303724 45571 542952 810674 274554 253156 805034 42682 208060 770452 ,45007 53824 54980 55399 55474 57618 58030 58560 59311 59856 
891864 905943 880776 800904 901822 538514 820711 890987 907453 871391 ,26518 26855 27002 27231 28373 28481 30568 30593 30736 31154 ,891864 905943 880776 800904 901822 538514 820711 890987 907453 871391 ,26518 26855 27002 27231 28373 28481 30568 30593 30736 31154 
54436 778473 747119 694452 374312 825129 929722 38042 779908 38050 ,28369 33634 34212 35128 35611 38038 38155 38878 39034 39216 ,778473 747119 374312 825129 929722 38042 410281 248140 797751 899701 ,33634 34212 35611 38038 38155 38878 41836 42248 42583 44651 
224295 944151 730203 135488 881453 853074 636634 710771 813509 920730 ,72606 81707 88797 89996 91784 94074 94286 94639 95639 95658 ,224295 944151 730203 135488 881453 853074 636634 710771 813509 920730 ,72606 81707 88797 89996 91784 94074 94286 94639 95639 95658 
774992 164210 86311 981847 563367 692988 472597 72657 71437 562243 ,64693 66600 70061 70600 74459 74538 75775 76212 77285 78992 ,774992 164210 86311 981847 563367 692988 472597 72657 71437 562243 ,64693 66600 70061 70600 74459 74538 75775 76212 77285 78992 
849456 854619 995933 803112 603887 892676 666761 773042 994831 878677 ,35794 36140 39902 44537 46044 47387 47443 48451 48666 48982 ,849456 854619 995933 803112 603887 892676 666761 773042 994831 878677 ,35794 36140 39902 44537 46044 47387 47443 48451 48666 48982 
49705 871464 650623 894024 605011 53877 53784 650359 863100 850741 ,32181 33987 34023 34263 35456 36025 36600 37574 38069 39075 ,49705 871464 650623 894024 605011 53877 53784 650359 863100 850741 ,32181 33987 34023 34263 35456 36025 36600 37574 38069 39075 
753942 986132 893043 669137 400486 466520 925742 166322 540047 787287 ,73795 77201 77394 78969 79961 85145 87514 87761 87955 89159 ,753942 893043 669137 400486 466520 925742 166322 540047 787287 736059 ,73795 77394 78969 79961 85145 87514 87761 87955 89159 89360 
701076 258449 278235 12474 817478 170034 27582 22671 49753 308102 ,78019 78596 83260 87769 88145 89551 89773 93241 102156 104156 ,701076 258449 278235 12474 817478 170034 27582 22671 49753 308102 ,78019 78596 83260 87769 88145 89551 89773 93241 102156 104156 
641858 186654 970760 277657 546337 449570 683378 359202 534693 474374 ,84033 95026 96927 104282 106452 109942 115114 116081 116309 121288 ,641858 186654 970760 277657 546337 449570 683378 359202 534693 474374 ,84033 95026 96927 104282 106452 109942 115114 116081 116309 121288 
942517 551089 666380 374811 374981 542331 941011 550365 982597 584166 ,28497 31018 33307 33334 33519 33679 35233 35613 35627 35854 ,942517 551089 666380 374981 542331 941011 550365 982597 584166 656239 ,28497 31018 33307 33519 33679 35233 35613 35627 35854 37341 
31782 614142 794436 401683 152943 869892 116909 381448 806966 646262 ,64991 66562 69085 79409 82567 84159 84269 85765 86501 87089 ,31782 614142 794436 401683 152943 869892 116909 381448 806966 646262 ,64991 66562 69085 79409 82567 84159 84269 85765 86501 87089 
87075 398858 636368 259106 286081 170180 796710 576136 679938 269312 ,91545 92933 97246 100405 101546 102037 105036 106051 107433 108218 ,87075 398858 636368 259106 286081 170180 796710 576136 679938 269312 ,91545 92933 97246 100405 101546 102037 105036 106051 107433 108218 
332743 691136 116690 174566 652699 415240 53663 829775 185360 304843 ,53832 55605 63102 64674 68395 69158 69561 70492 70660 71424 ,332743 691136 116690 652699 415240 53663 829775 185360 304843 731943 ,53832 55605 63102 68395 69158 69561 70492 70660 71424 71702 
299031 985782 899521 243469 902755 781572 856446 213201 749801 798731 ,87388 90516 93763 101673 116277 118667 119325 121247 123856 132642 ,299031 985782 899521 243469 902755 781572 856446 213201 749801 798731 ,87388 90516 93763 101673 116277 118667 119325 121247 123856 132642 
351823 282011 977360 949578 91935 523281 105389 645264 124999 887034 ,33628 35266 35747 39147 39264 40040 41337 41401 42526 43252 ,351823 282011 977360 949578 91935 645264 887034 182588 259903 122519 ,33628 35266 35747 39147 39264 41401 43252 44146 44586 44623 
648828 765713 608056 640134 672768 650250 824572 765506 846357 699544 ,37912 42316 46355 46569 46617 47296 48483 50702 51424 51696 ,648828 765713 608056 640134 672768 650250 824572 765506 846357 699544 ,37912 42316 46355 46569 46617 47296 48483 50702 51424 51696 
961153 961037 530238 530723 901247 917411 483421 767230 483198 532501 ,40978 41087 44982 49376 49516 50259 51617 56417 57116 57195 ,533129 900194 764782 352269 437752 885932 804904 471865 983976 608341 ,63645 67775 69663 69819 72339 73354 73933 73968 74355 74626 
992459 756747 311257 991287 992448 990166 973928 886507 999086 645665 ,32978 41732 48509 48986 51147 51278 51461 53566 53687 54294 ,992459 756747 311257 991287 992448 990166 973928 886507 999086 645665 ,32978 41732 48509 48986 51147 51278 51461 53566 53687 54294 
613930 701547 934590 898380 767441 930192 840367 440605 883261 815769 ,101145 105887 109329 112245 113316 113337 117392 120547 122253 122485 ,613930 701547 934590 898380 767441 930192 840367 440605 883261 815769 ,101145 105887 109329 112245 113316 113337 117392 120547 122253 122485 
820065 890269 141014 76170 43510 233285 858249 191543 138433 845726 ,76114 77743 85851 89320 93115 96382 97801 100516 101155 101687 ,820065 890269 141014 76170 43510 233285 858249 191543 138433 845726 ,76114 77743 85851 89320 93115 96382 97801 100516 101155 101687 
318769 516764 774257 956067 314492 734975 608463 385529 500974 294122 ,69438 74623 76647 78909 80782 83038 84534 84720 86852 87626 ,318769 516764 774257 956067 314492 734975 608463 385529 500974 294122 ,69438 74623 76647 78909 80782 83038 84534 84720 86852 87626 
842748 119677 846328 765713 646492 125577 831849 603937 834233 795735 ,70583 75644 79242 80934 81771 84551 84684 87630 88223 91158 ,842748 119677 846328 765713 646492 125577 831849 603937 834233 795735 ,70583 75644 79242 80934 81771 84551 84684 87630 88223 91158 
662490 157780 238466 46914 646131 543231 541366 546905 472944 414116 ,33707 34146 34661 35101 36777 37167 37291 43976 44124 45163 ,662490 157780 238466 46914 646131 543231 541366 546905 472944 414116 ,33707 34146 34661 35101 36777 37167 37291 43976 44124 45163 
998122 541357 996791 821774 610590 649431 247044 812663 54954 445008 ,28075 29170 30202 30355 31809 33139 33321 33430 34374 34720 ,998122 541357 996791 821774 610590 649431 247044 812663 54954 445008 ,28075 29170 30202 30355 31809 33139 33321 33430 34374 34720 
585834 497161 957298 681891 379285 864422 410255 17398 950585 279228 ,27356 38996 48501 53053 56945 58161 59348 59516 61272 61391 ,585834 497161 957298 681891 379285 864422 410255 17398 950585 279228 ,27356 38996 48501 53053 56945 58161 59348 59516 61272 61391 
916426 919350 574744 756020 940699 121034 308625 600413 433056 400218 ,48604 56345 61291 63501 73929 74728 78070 78853 79121 79598 ,916426 919350 574744 756020 940699 121034 308625 600413 433056 400218 ,48604 56345 61291 63501 73929 74728 78070 78853 79121 79598 
821936 635043 421102 745818 124382 432050 351312 262761 745799 780465 ,12158 36772 37869 40790 40839 41265 42940 43332 44614 44803 ,821936 635043 421102 745818 124382 432050 351312 262761 745799 780465 ,12158 36772 37869 40790 40839 41265 42940 43332 44614 44803 
821932 474633 526374 729955 337175 292355 547071 86635 297935 638074 ,30938 39589 39844 41640 41892 42018 42243 43044 43962 44309 ,821932 474633 526374 729955 292355 547071 86635 297935 638074 995692 ,30938 39589 39844 41640 42018 42243 43044 43962 44309 44556 
767891 767982 640407 641475 641138 640983 640529 39680 641233 640546 ,13482 17430 23504 23999 25968 28144 29689 29902 30543 31244 ,641475 641138 640546 767869 891031 51840 767908 443046 901101 854733 ,23999 25968 31244 32103 34487 37782 38029 38824 40688 40931 
787992 768135 788108 37759 38805 793183 767910 767895 37669 768107 ,4801 5059 5634 6596 6733 7230 7295 7860 7935 8017 ,788108 767895 37669 767905 411944 6487 756924 374745 767867 39411 ,5634 7860 7935 9430 10540 10615 11727 11876 12228 12708 
704772 96693 684712 791912 516823 43282 953256 292942 54428 498155 ,35126 42577 43083 43477 46063 46509 47106 47724 48758 49169 ,704772 96693 684712 791912 516823 43282 953256 292942 54428 498155 ,35126 42577 43083 43477 46063 46509 47106 47724 48758 49169 
822049 825974 82630 515327 722338 825695 531363 467741 636896 719295 ,27884 37136 37670 37806 37831 38496 39527 40735 40818 42022 ,825974 825695 408332 635848 527818 106413 369312 724858 754242 509796 ,37136 38496 42768 45652 45718 46901 48284 48431 48786 49804 
768582 768552 768387 55018 476254 447751 976825 540489 51046 448122 ,5014 5207 5717 5797 6852 7220 7413 7640 7832 7998 ,768582 768552 768387 55018 476254 447751 976825 540489 51046 448122 ,5014 5207 5717 5797 6852 7220 7413 7640 7832 7998 
442806 656837 446362 442741 447167 446247 824847 536901 814365 423950 ,5764 7433 7530 7924 8198 9187 9291 9655 9708 9721 ,442806 656837 446362 442741 447167 446247 824847 536901 814365 423950 ,5764 7433 7530 7924 8198 9187 9291 9655 9708 9721 
802688 986313 412514 627583 745558 834144 869865 807418 674824 38214 ,108060 113769 140753 149058 151116 154354 154863 155381 156763 158348 ,802688 986313 412514 627583 745558 834144 869865 807418 674824 38214 ,108060 113769 140753 149058 151116 154354 154863 155381 156763 158348 
822228 822348 825606 824904 810891 649456 36186 883076 258712 785354 ,3626 6401 16203 16408 16617 16658 16882 17533 17879 17958 ,822348 825606 824904 649456 36186 883076 258712 785354 814168 890485 ,6401 16203 16408 16658 16882 17533 17879 17958 18119 18120 
828747 108689 900690 963000 243795 920939 828317 928122 54423 723293 ,26143 44741 47048 54415 57168 59635 61200 62530 63256 64520 ,828747 900690 963000 243795 920939 828317 54423 723293 827830 88124 ,26143 47048 54415 57168 59635 61200 63256 64520 64785 65067 
703290 544952 261436 526048 448894 340228 780207 468063 733343 254243 ,46412 48486 49259 50378 54533 55322 55610 55674 57539 58467 ,703290 544952 261436 526048 448894 340228 780207 468063 733343 254243 ,46412 48486 49259 50378 54533 55322 55610 55674 57539 58467 
480545 178282 672489 913827 322521 529263 723882 752901 682844 369852 ,57427 60729 62856 65007 69290 70034 70878 71173 71669 72085 ,480545 178282 672489 913827 322521 529263 723882 752901 369852 20471 ,57427 60729 62856 65007 69290 70034 70878 71173 72085 72287 
534481 706202 337503 941600 514229 488828 434511 432643 525777 450679 ,62866 73087 75123 75519 76364 76943 77327 78660 78838 79858 ,706202 337503 941600 514229 488828 434511 432643 450679 808429 518802 ,73087 75123 75519 76364 76943 77327 78660 79858 80165 81492 
968678 263159 666220 405676 546975 85299 613915 494286 287762 441706 ,48364 50698 57643 60149 60463 60567 62328 63398 63820 64257 ,263159 666220 405676 546975 85299 613915 287762 441706 915118 663554 ,50698 57643 60149 60463 60567 62328 63820 64257 64514 65859 
855817 55771 178375 52654 862897 468590 51836 57079 352365 87331 ,22071 23724 26906 31522 31624 32112 32415 36139 37291 37494 ,855817 55771 178375 52654 862897 468590 51836 57079 352365 87331 ,22071 23724 26906 31522 31624 32112 32415 36139 37291 37494 
404274 501632 736232 69317 421265 94362 363485 932521 754365 95716 ,43491 44008 49775 50209 50854 52078 52372 54084 54971 55154 ,404274 501632 736232 363485 932521 754365 95716 699878 151144 301536 ,43491 44008 49775 52372 54084 54971 55154 55155 55341 55402 
591544 653924 433511 41211 247769 433311 718187 449204 983678 449236 ,49577 53803 55283 56026 58035 59618 59741 59952 60344 60608 ,591544 653924 433511 41211 247769 433311 718187 449204 983678 449236 ,49577 53803 55283 56026 58035 59618 59741 59952 60344 60608 
565148 242244 924722 935945 369839 466475 170355 105046 936541 194004 ,72383 75925 78065 79036 79657 80348 80707 80732 80859 81038 ,242244 924722 935945 369839 466475 105046 936541 194004 508442 998944 ,75925 78065 79036 79657 80348 80732 80859 81038 81140 81561 
320756 176109 204749 847266 294309 800215 499976 312212 872311 807885 ,43832 45268 47202 50530 51148 52585 55257 57651 58350 58770 ,320756 176109 204749 847266 294309 800215 499976 312212 872311 807885 ,43832 45268 47202 50530 51148 52585 55257 57651 58350 58770 
316383 740106 166906 781351 507818 123330 147690 790355 705859 568221 ,79982 81373 82129 83611 87122 89417 90379 90670 90935 90978 ,316383 740106 166906 781351 507818 123330 147690 790355 705859 568221 ,79982 81373 82129 83611 87122 89417 90379 90670 90935 90978 
682086 551140 64415 936889 175449 21816 514976 725540 283557 527265 ,69821 72720 74731 78824 80913 81809 82846 83620 84880 84956 ,551140 64415 936889 175449 21816 514976 725540 283557 527265 114739 ,72720 74731 78824 80913 81809 82846 83620 84880 84956 87253 
629827 238731 93721 116822 196090 274906 195055 918185 340869 94272 ,66904 69319 71428 72937 73221 73221 74239 74556 76320 76432 ,629827 238731 93721 116822 196090 274906 195055 918185 340869 94272 ,66904 69319 71428 72937 73221 73221 74239 74556 76320 76432 
210960 960766 915470 334578 978434 983068 921281 224749 18503 272354 ,46838 53149 56200 56848 61504 61925 62026 62524 63812 64072 ,210960 960766 915470 334578 978434 983068 921281 224749 18503 272354 ,46838 53149 56200 56848 61504 61925 62026 62524 63812 64072 
794328 605211 541064 796591 211115 908040 591069 213119 997592 858512 ,52536 53095 54685 55731 62788 68468 70114 73428 75201 80763 ,794328 605211 541064 796591 211115 908040 591069 213119 997592 858512 ,52536 53095 54685 55731 62788 68468 70114 73428 75201 80763 
580426 849763 411724 760437 877294 788204 814408 674555 602558 53355 ,24795 25545 27259 28662 29405 29520 29755 30846 31405 31592 ,580426 849763 411724 760437 877294 788204 814408 674555 602558 53355 ,24795 25545 27259 28662 29405 29520 29755 30846 31405 31592 
422832 787691 30420 338084 473509 443460 122744 997973 189263 761523 ,28145 30439 32147 32930 33175 37454 38044 39322 40243 41797 ,422832 787691 30420 338084 473509 443460 122744 997973 189263 761523 ,28145 30439 32147 32930 33175 37454 38044 39322 40243 41797 
833886 464131 418618 415294 153012 372653 85741 992055 850732 607291 ,56471 61377 64141 66027 67222 67456 67830 69577 70186 70910 ,833886 464131 418618 415294 153012 372653 85741 992055 850732 607291 ,56471 61377 64141 66027 67222 67456 67830 69577 70186 70910 
841358 550816 489094 902623 852035 922323 457895 931811 551263 892978 ,43237 50776 57519 61438 72074 73321 73367 74661 76527 79019 ,841358 550816 489094 902623 852035 922323 457895 931811 551263 892978 ,43237 50776 57519 61438 72074 73321 73367 74661 76527 79019 
794604 744775 645372 24143 990816 972680 205628 45038 268685 702274 ,111211 126191 127705 134096 138058 138564 141799 149318 156681 161827 ,794604 744775 645372 24143 990816 972680 205628 45038 268685 702274 ,111211 126191 127705 134096 138058 138564 141799 149318 156681 161827 
826070 723599 719907 829047 322470 678621 449293 344535 294953 359065 ,37395 48961 50991 52803 53974 53981 54015 54604 55209 56807 ,826070 723599 719907 829047 322470 678621 449293 344535 294953 359065 ,37395 48961 50991 52803 53974 53981 54015 54604 55209 56807 
584868 339373 414380 804046 389083 670445 241 705048 723623 690957 ,41098 44062 44584 44610 45353 45844 46941 47806 47860 48206 ,584868 339373 414380 804046 389083 670445 241 705048 723623 690957 ,41098 44062 44584 44610 45353 45844 46941 47806 47860 48206 
857327 985382 38379 389548 826559 673401 39260 539921 39042 6182 ,10186 10826 11067 12475 12545 12904 13294 13534 13775 14193 ,541541 825257 38484 638099 541532 900160 839347 38953 615373 38530 ,16137 19211 19613 19787 21238 21774 21851 22492 22666 23506 
375886 472926 989837 251230 652750 671258 533806 643344 93484 739251 ,48188 49220 49398 52139 52502 52674 52692 58155 58785 60308 ,375886 472926 989837 251230 671258 533806 643344 93484 739251 800365 ,48188 49220 49398 52139 52674 52692 58155 58785 60308 60309 
961659 554241 578368 854506 406496 480674 966548 797506 835711 724963 ,75731 83178 83203 84470 85122 85584 86255 87823 89191 89278 ,961659 554241 578368 854506 480674 966548 797506 835711 724963 610859 ,75731 83178 83203 84470 85584 86255 87823 89191 89278 90148 
753372 519498 688242 223520 879722 225321 780183 932817 592344 632333 ,57172 66134 67970 70900 76165 78079 80960 82715 82729 83688 ,753372 519498 688242 223520 879722 225321 780183 932817 592344 632333 ,57172 66134 67970 70900 76165 78079 80960 82715 82729 83688 
207401 855579 315947 635069 327184 634831 174375 196468 275284 309721 ,58682 62050 64155 65439 66206 66959 68255 68595 68595 69452 ,855579 315947 635069 327184 634831 174375 196468 275284 309721 270469 ,62050 64155 65439 66206 66959 68255 68595 68595 69452 70220 
826828 827657 564553 298179 434895 141276 548558 158569 981821 841407 ,31112 43777 56608 57067 61956 65772 67875 75509 77596 77725 ,826828 827657 564553 298179 434895 141276 548558 158569 841407 540753 ,31112 43777 56608 57067 61956 65772 67875 75509 77725 79686 
826296 829480 970435 761886 604462 530296 540320 988197 861584 931504 ,26558 26929 43318 44051 48162 50428 51278 51421 52457 52560 ,826296 970435 761886 604462 530296 540320 988197 861584 931504 967169 ,26558 43318 44051 48162 50428 51278 51421 52457 52560 53297 
765691 186262 790461 818578 656628 852987 911489 828196 766184 886922 ,10574 12583 12828 13256 15107 16387 16795 16870 17021 17047 ,765691 186262 790461 818578 656628 852987 911489 828196 766184 886922 ,10574 12583 12828 13256 15107 16387 16795 16870 17021 17047 
832399 164086 140277 505859 829257 114709 367231 838368 478969 225207 ,62976 63502 67321 73170 74664 77507 79592 80232 81387 82049 ,832399 164086 140277 505859 829257 114709 367231 838368 478969 225207 ,62976 63502 67321 73170 74664 77507 79592 80232 81387 82049 
70296 72452 919805 658939 104476 957805 103218 985658 226257 504525 ,33876 36883 37723 37744 38470 38623 39221 39573 39718 39798 ,198963 885709 249064 755765 841650 505548 662419 957628 227003 205261 ,41075 41381 41555 42565 42801 43357 44098 44303 44559 44873 
170122 550713 692115 281026 215248 841707 629456 313798 430519 526292 ,92905 97541 101501 105254 105530 106728 108885 110116 110407 110620 ,170122 550713 692115 281026 215248 841707 629456 313798 430519 526292 ,92905 97541 101501 105254 105530 106728 108885 110116 110407 110620 
829497 827178 332903 152508 607985 630948 91164 332678 830054 606167 ,27900 33950 43708 44570 45231 45589 46235 46585 48121 49872 ,829497 827178 332903 152508 607985 630948 91164 332678 830054 606167 ,27900 33950 43708 44570 45231 45589 46235 46585 48121 49872 
997123 997170 573273 800956 998142 541909 960656 511923 917447 864453 ,35169 37037 39272 40393 41410 42030 42627 42834 43517 43819 ,997123 997170 573273 800956 998142 541909 960656 511923 917447 864453 ,35169 37037 39272 40393 41410 42030 42627 42834 43517 43819 
890338 479545 823534 445265 757879 952817 207614 215996 446004 718956 ,39321 39679 43817 44831 45842 46078 47640 49327 50496 51924 ,890338 479545 823534 445265 757879 952817 207614 215996 446004 718956 ,39321 39679 43817 44831 45842 46078 47640 49327 50496 51924 
445008 998122 539662 569727 535439 443139 657930 604316 417566 446855 ,15373 19388 23535 25390 25466 25608 26359 26509 26606 26913 ,445008 998122 539662 569727 535439 443139 657930 604316 417566 446855 ,15373 19388 23535 25390 25466 25608 26359 26509 26606 26913 
827332 952510 857686 827562 892292 827103 881029 880665 922953 881953 ,5740 11228 12675 13533 13921 14051 15179 15180 15256 15298 ,952510 560395 882789 55689 674727 640864 373929 779037 641918 891492 ,11228 18776 19618 20918 21779 22440 22896 23525 24258 24383 
103598 323101 645819 510112 342481 929294 660942 195361 539798 292636 ,46852 47422 53445 58481 59642 60415 60755 60865 61833 62558 ,103598 323101 645819 510112 342481 929294 660942 195361 539798 292636 ,46852 47422 53445 58481 59642 60415 60755 60865 61833 62558 
434265 903079 482027 315063 955128 4915 438925 105529 308271 293634 ,55587 56526 56722 57606 58367 58412 58951 59679 59705 60102 ,929119 482556 49429 739054 422157 504177 971062 510869 677916 192661 ,63369 74467 74531 75287 75398 75689 75883 76337 77136 77968 
158633 245383 674503 426177 398763 551303 261496 755650 365357 346502 ,81478 84900 85926 94158 97549 97679 98770 101104 103142 103541 ,158633 245383 674503 426177 398763 551303 261496 755650 365357 346502 ,81478 84900 85926 94158 97549 97679 98770 101104 103142 103541 
826710 825873 825650 829011 743321 572956 516230 75703 574986 175267 ,5241 28278 57989 68740 84520 84650 85748 91878 93299 93329 ,825873 825650 829011 743321 572956 516230 75703 574986 175267 114944 ,28278 57989 68740 84520 84650 85748 91878 93299 93329 93618 
807519 565569 540522 380290 101611 613181 900098 477431 284706 893477 ,43462 45773 48666 55460 55491 58586 59109 59952 60142 61074 ,807519 565569 540522 380290 101611 613181 900098 477431 284706 893477 ,43462 45773 48666 55460 55491 58586 59109 59952 60142 61074 
624274 753722 556807 586040 834808 854403 864324 938596 193717 942241 ,55310 62429 64753 66212 67548 67635 68078 71210 74096 75959 ,624274 753722 556807 586040 854403 864324 938596 193717 942241 255871 ,55310 62429 64753 66212 67635 68078 71210 74096 75959 76092 
990816 756226 564680 99439 344259 646700 481858 112776 993211 782021 ,74093 77785 79398 81898 88342 91530 93790 95593 96429 96661 ,990816 756226 564680 99439 344259 646700 481858 112776 782021 793620 ,74093 77785 79398 81898 88342 91530 93790 95593 96661 97099 
354481 949000 232145 837946 841270 852936 393631 990135 283441 621176 ,46074 49207 53315 53550 55265 57901 59373 60161 61290 62576 ,354481 949000 232145 837946 841270 852936 393631 990135 621176 924266 ,46074 49207 53315 53550 55265 57901 59373 60161 62576 63184 
761180 762651 756485 546093 838844 894290 858575 894801 222623 842505 ,78165 93679 98090 99911 106851 107694 107986 108511 109174 109848 ,761180 762651 756485 546093 838844 894290 858575 894801 222623 842505 ,78165 93679 98090 99911 106851 107694 107986 108511 109174 109848 
661789 524877 698442 181223 550713 21110 177646 521948 933527 896792 ,130770 133146 148931 152225 154134 154502 154831 155382 158527 158798 ,661789 524877 698442 181223 550713 21110 177646 521948 933527 896792 ,130770 133146 148931 152225 154134 154502 154831 155382 158527 158798 
182585 519420 965967 724792 216818 292494 431726 430252 576513 707599 ,43649 49799 49829 53552 55574 58851 59020 59368 59774 59830 ,182585 519420 965967 724792 216818 292494 431726 430252 576513 707599 ,43649 49799 49829 53552 55574 58851 59020 59368 59774 59830 
29423 548099 602152 581518 729722 387402 433929 772495 497161 789988 ,76019 76029 80280 82057 83122 85952 87730 87785 88377 89707 ,29423 548099 602152 581518 729722 387402 433929 772495 497161 789988 ,76019 76029 80280 82057 83122 85952 87730 87785 88377 89707 
805790 989031 241807 744462 16653 392306 400722 524655 127991 694457 ,56435 58686 59722 60866 61582 61957 62251 62747 62798 62813 ,805790 989031 241807 16653 392306 400722 524655 431892 156762 601650 ,56435 58686 59722 61582 61957 62251 62747 62943 62981 63006 
643482 911726 642757 186819 959580 827620 642122 825356 218212 977016 ,6808 7886 8415 8584 9053 9248 11292 12751 13278 13596 ,643482 911726 642757 186819 959580 827620 825356 218212 423802 217396 ,6808 7886 8415 8584 9053 9248 12751 13278 13639 14308 
500235 571831 814861 540197 96168 253451 412727 801058 808200 54678 ,51970 53853 54880 59891 61753 63079 67048 69016 71584 75770 ,500235 571831 814861 540197 96168 253451 412727 801058 808200 54678 ,51970 53853 54880 59891 61753 63079 67048 69016 71584 75770 
491513 62136 755271 671875 200876 866623 277702 750630 976217 819334 ,80834 84937 84953 86489 87069 88412 89237 89456 89534 89988 ,755271 277702 770625 261298 781351 614483 102745 812807 633841 482896 ,84953 89237 91630 93487 94550 95281 95615 96897 97806 98737 
12914 483317 343295 848414 359625 992414 436965 503698 490300 740356 ,73968 87417 94392 95085 102190 105078 110343 111999 112433 116430 ,12914 483317 343295 848414 359625 992414 436965 503698 490300 740356 ,73968 87417 94392 95085 102190 105078 110343 111999 112433 116430 
708489 886705 619094 131220 400175 394791 593139 462163 729806 659072 ,80160 81279 81321 85740 86437 87728 90333 90834 91680 92278 ,708489 886705 619094 131220 400175 394791 593139 462163 729806 659072 ,80160 81279 81321 85740 86437 87728 90333 90834 91680 92278 
523801 683876 437661 715283 775885 888593 549066 286316 146795 17228 ,96000 99385 101599 103277 107370 111051 111830 112537 113442 114221 ,523801 683876 437661 715283 775885 888593 549066 286316 146795 17228 ,96000 99385 101599 103277 107370 111051 111830 112537 113442 114221 
828836 871179 871386 863673 178408 871768 326870 255040 607483 576910 ,25189 45498 48306 50370 50727 51123 56900 57917 58536 58779 ,828836 871179 871386 863673 178408 871768 326870 255040 607483 576910 ,25189 45498 48306 50370 50727 51123 56900 57917 58536 58779 
648069 541745 772903 762226 759766 948373 482713 36193 663387 564917 ,55682 61486 61864 63808 66086 67534 67845 67979 68090 68112 ,648069 541745 772903 762226 759766 948373 482713 36193 663387 564917 ,55682 61486 61864 63808 66086 67534 67845 67979 68090 68112 
134435 832819 364430 175432 923177 32736 145866 937550 369035 834627 ,86046 86354 91859 94571 96601 96698 98855 99386 99658 101509 ,134435 832819 364430 175432 923177 32736 145866 937550 834627 21662 ,86046 86354 91859 94571 96601 96698 98855 99386 101509 101660 
464097 123282 676114 944618 1445 939783 750700 169268 286668 923273 ,88296 92357 94556 97558 97803 99113 103355 104450 104473 105496 ,464097 123282 676114 944618 1445 939783 750700 169268 286668 923273 ,88296 92357 94556 97558 97803 99113 103355 104450 104473 105496 
739530 903684 339709 513046 923823 892109 192438 884331 385081 289023 ,67160 67897 68909 69758 72828 73050 73182 73435 73533 73902 ,739530 903684 339709 513046 923823 892109 192438 884331 385081 289023 ,67160 67897 68909 69758 72828 73050 73182 73435 73533 73902 
690893 893656 839089 263937 187985 57925 503959 779856 8708 483646 ,29545 29997 33055 33291 36743 37591 37878 37990 38277 38373 ,690893 893656 839089 263937 187985 57925 503959 779856 8708 483646 ,29545 29997 33055 33291 36743 37591 37878 37990 38277 38373 
497044 656043 122686 136532 928335 788491 186820 688978 6162 552512 ,68975 76246 78086 83185 86328 86737 87223 90670 90879 93153 ,497044 656043 122686 136532 928335 788491 186820 688978 6162 552512 ,68975 76246 78086 83185 86328 86737 87223 90670 90879 93153 
720199 396899 321789 719295 42882 839411 82630 832906 400621 825513 ,31709 34736 37814 37929 38210 38367 38947 39219 39691 40496 ,321789 839411 832906 738581 527723 754242 363920 369312 631358 947063 ,37814 38367 39219 43243 43261 44847 45136 45231 46117 46322 
409093 522528 948912 971062 736390 68639 637342 532602 49429 392116 ,59809 60964 62012 68109 68232 70036 70729 73882 74083 74117 ,409093 522528 948912 971062 736390 68639 637342 532602 49429 392116 ,59809 60964 62012 68109 68232 70036 70729 73882 74083 74117 
54706 848716 52706 891088 854558 540197 11119 46898 698105 540807 ,28793 29489 32652 32965 36804 36944 36976 38294 39285 39700 ,54706 848716 52706 891088 854558 540197 11119 46898 540807 810436 ,28793 29489 32652 32965 36804 36944 36976 38294 39700 41338 
481858 943172 971169 959813 81391 846063 737286 666180 610419 216506 ,40679 45491 47071 50711 51722 52155 52675 53241 53396 53691 ,481858 943172 971169 959813 81391 846063 737286 666180 610419 216506 ,40679 45491 47071 50711 51722 52155 52675 53241 53396 53691 
217207 763542 979271 837699 850753 668039 239716 165966 672654 145309 ,61549 65072 65246 65544 68519 68933 69137 70033 70311 70618 ,217207 763542 979271 837699 850753 668039 239716 165966 672654 145309 ,61549 65072 65246 65544 68519 68933 69137 70033 70311 70618 
987271 778692 487506 825327 226087 473549 770646 810605 450062 172556 ,37468 40366 40626 40789 41025 42536 42681 42752 43223 43786 ,987271 487506 825327 226087 473549 770646 810605 172556 459803 87652 ,37468 40626 40789 41025 42536 42681 42752 43786 44358 44927 
843752 502624 162363 524605 827775 250567 697700 246595 708773 809395 ,53423 55388 56873 58095 58609 59751 59920 60429 61015 61365 ,843752 502624 524605 827775 250567 697700 246595 708773 809395 397007 ,53423 55388 58095 58609 59751 59920 60429 61015 61365 61915 
930014 826671 203539 203663 883011 941302 206257 917005 843765 596455 ,41631 46436 49297 49590 51619 52453 52612 52689 53862 54802 ,930014 826671 203539 203663 883011 941302 206257 917005 843765 596455 ,41631 46436 49297 49590 51619 52453 52612 52689 53862 54802 
601554 919340 564401 877262 839089 537072 922520 979283 561246 946850 ,55434 63087 63280 65588 66109 68211 69781 69912 71931 72701 ,601554 919340 564401 877262 839089 537072 922520 979283 561246 946850 ,55434 63087 63280 65588 66109 68211 69781 69912 71931 72701 
76171 547053 532969 677814 495801 133714 567860 453074 122216 601218 ,50844 61109 65480 71765 78213 82388 98187 98197 103973 104625 ,76171 547053 532969 677814 495801 133714 567860 453074 122216 601218 ,50844 61109 65480 71765 78213 82388 98187 98197 103973 104625 
460319 799980 777062 528888 800911 685625 85215 97357 481285 529249 ,39811 40282 40566 41825 42728 43220 43917 44335 44817 45200 ,460319 799980 777062 528888 800911 685625 85215 97357 481285 529249 ,39811 40282 40566 41825 42728 43220 43917 44335 44817 45200 
833216 894752 853281 766224 772724 375438 765452 208109 767328 699970 ,35804 37480 37506 39154 42460 42753 43388 44114 44165 44546 ,833216 894752 853281 766224 772724 375438 765452 208109 767328 699970 ,35804 37480 37506 39154 42460 42753 43388 44114 44165 44546 
675632 762643 905598 234186 907946 829587 905363 767778 74473 990687 ,67578 72702 73291 77715 79386 79458 81013 82162 84224 84361 ,675632 762643 905598 234186 907946 829587 905363 767778 74473 990687 ,67578 72702 73291 77715 79386 79458 81013 82162 84224 84361 
796392 499 302029 439629 432414 306 380329 808872 435453 624590 ,53583 63691 64701 65846 66293 66974 67154 68317 68504 69286 ,499 433630 136225 469804 173016 426840 958984 149931 416223 122251 ,63691 71146 78041 79869 80414 80613 80748 80796 80956 80989 
929125 732183 690476 560980 20349 169516 395067 588387 892583 595411 ,98187 104169 104575 108203 110245 111464 114930 115282 115926 116673 ,929125 732183 690476 560980 20349 169516 395067 588387 892583 595411 ,98187 104169 104575 108203 110245 111464 114930 115282 115926 116673 
394793 838975 967303 119174 657089 851642 391294 851979 576590 282771 ,51069 51425 52906 53886 55474 56128 56191 56364 56482 56491 ,394793 838975 967303 119174 657089 851642 391294 851979 576590 282771 ,51069 51425 52906 53886 55474 56128 56191 56364 56482 56491 
303828 527405 22268 390682 260184 574288 857727 521951 835322 301849 ,61059 67701 67780 69253 71023 75411 76002 79085 79650 81822 ,303828 527405 22268 390682 260184 574288 857727 521951 835322 565293 ,61059 67701 67780 69253 71023 75411 76002 79085 79650 82026 
517166 892758 122896 80148 404705 719517 390115 7263 80397 96538 ,33346 34406 35254 35890 35961 36951 37589 38420 39037 39306 ,517166 892758 80148 404705 719517 390115 7263 80397 96538 100835 ,33346 34406 35890 35961 36951 37589 38420 39037 39306 39553 
884576 929630 770673 794073 691055 662500 903660 258807 578681 560357 ,22352 26260 26654 26853 27371 28070 28716 28820 29027 29277 ,884576 929630 770673 794073 691055 662500 903660 258807 578681 560357 ,22352 26260 26654 26853 27371 28070 28716 28820 29027 29277 
924911 500137 723790 751016 5652 446173 262750 258367 713981 525583 ,50449 52810 53377 54137 55455 55801 57948 61262 61320 61879 ,924911 500137 723790 751016 5652 446173 262750 258367 713981 525583 ,50449 52810 53377 54137 55455 55801 57948 61262 61320 61879 
830513 830565 831017 24709 839537 589189 836618 839597 737951 786854 ,25510 42220 47499 48736 49812 51411 56777 57140 57864 58015 ,830565 831017 24709 839537 589189 836618 737951 786854 607359 664482 ,42220 47499 48736 49812 51411 56777 57864 58015 60206 60704 
502280 881142 142907 58210 837849 376618 842359 684378 845676 820034 ,73875 78942 80503 86508 86751 87971 88052 89232 91399 91407 ,502280 881142 142907 58210 837849 376618 842359 684378 845676 820034 ,73875 78942 80503 86508 86751 87971 88052 89232 91399 91407 
834619 834329 834255 834023 836264 836496 832159 134809 836732 835837 ,17604 19363 19566 19719 20193 20477 20786 20796 22231 22306 ,834619 834255 836264 836732 567281 567420 761395 833072 374202 140496 ,17604 19566 20193 22231 23073 24223 25219 25303 25834 27138 
297362 56997 24825 105754 401263 174956 368770 222191 4830 692115 ,62406 62889 63422 64565 64586 65130 66788 66941 67025 67317 ,297362 56997 24825 105754 401263 174956 368770 222191 4830 692115 ,62406 62889 63422 64565 64586 65130 66788 66941 67025 67317 
839448 839435 830301 967201 454400 455344 605631 506180 504482 555222 ,28142 29197 43882 44349 44915 46541 48586 49343 53068 54320 ,839448 605631 504482 592667 679170 608419 617571 202638 523867 830442 ,28142 48586 53068 55929 56217 59331 60071 60541 61005 61173 
611726 434509 698478 700369 748297 90277 853899 426487 222191 172518 ,57631 65983 68721 72067 73530 73683 73736 74206 74251 74925 ,611726 700369 748297 90277 853899 426487 222191 172518 614068 161628 ,57631 72067 73530 73683 73736 74206 74251 74925 75251 75473 
351913 268709 742221 951344 745558 8410 527672 168273 139312 391254 ,83145 124180 165129 250090 397127 417091 421175 438121 440815 446581 ,351913 268709 742221 951344 745558 8410 527672 168273 139312 391254 ,83145 124180 165129 250090 397127 417091 421175 438121 440815 446581 
915316 95702 169403 319124 290740 305739 348587 123281 929119 391872 ,90190 90954 96463 100972 105396 108434 109379 109407 109448 112135 ,915316 95702 169403 319124 290740 305739 348587 123281 929119 391872 ,90190 90954 96463 100972 105396 108434 109379 109407 109448 112135 
304695 156896 941164 800717 345748 872406 661509 351650 584155 23184 ,57250 62788 69221 72368 82657 84506 86052 86324 87440 93610 ,304695 156896 941164 800717 345748 872406 661509 351650 584155 23184 ,57250 62788 69221 72368 82657 84506 86052 86324 87440 93610 
222790 968211 221336 665103 157932 94035 564570 290158 613019 326688 ,95748 95822 103462 104583 105695 108406 108477 109048 109053 109843 ,222790 968211 221336 665103 157932 94035 564570 290158 613019 326688 ,95748 95822 103462 104583 105695 108406 108477 109048 109053 109843 
628498 458006 740793 110427 354961 278796 193726 780738 432945 30370 ,21606 25927 28016 29029 29461 29491 30215 30509 30538 30873 ,628498 458006 740793 110427 354961 278796 193726 780738 432945 30370 ,21606 25927 28016 29029 29461 29491 30215 30509 30538 30873 
855181 768174 952346 447000 446452 534413 534415 191227 752084 949151 ,12355 13873 14408 15420 15579 16570 16643 17504 17707 17980 ,855181 768174 952346 447000 446452 534413 534415 191227 752084 949151 ,12355 13873 14408 15420 15579 16570 16643 17504 17707 17980 
489315 970550 826651 916083 637550 187692 421999 980184 825358 598629 ,45799 50032 51424 51536 51574 52812 53326 53334 53501 54734 ,489315 970550 826651 916083 637550 187692 421999 980184 825358 598629 ,45799 50032 51424 51536 51574 52812 53326 53334 53501 54734 
191471 9939 862800 862665 699671 870695 978774 950326 915299 282967 ,57895 60313 64056 65482 66241 66517 66638 67579 69038 69740 ,862665 699671 950326 30904 656569 146951 797087 949382 777332 952568 ,65482 66241 67579 70453 71080 76100 76445 79601 83328 84218 
755592 756678 445985 443515 627964 756426 207658 604263 446101 666778 ,13477 14857 16851 17036 17205 18681 19202 19645 19717 20161 ,755592 756678 445985 443515 627964 756426 207658 604263 446101 666778 ,13477 14857 16851 17036 17205 18681 19202 19645 19717 20161 
140634 657931 381496 681849 471531 781452 724187 250353 908741 256663 ,71205 78169 78449 79271 80341 81285 81306 81831 82087 83015 ,140634 657931 381496 681849 471531 781452 724187 250353 908741 256663 ,71205 78169 78449 79271 80341 81285 81306 81831 82087 83015 
609848 89419 636826 834734 40916 27936 961928 762344 219882 721718 ,51266 55230 65708 65713 65867 67361 76632 78319 80046 82010 ,609848 89419 636826 834734 40916 27936 961928 762344 219882 721718 ,51266 55230 65708 65713 65867 67361 76632 78319 80046 82010 
30467 805822 950727 287950 942738 59834 560209 500476 332099 913950 ,65160 68999 70404 75275 76080 77100 77656 78303 79767 80166 ,30467 805822 950727 287950 942738 59834 560209 500476 332099 913950 ,65160 68999 70404 75275 76080 77100 77656 78303 79767 80166 
673377 666818 824683 673873 447161 539681 448085 448175 447484 446950 ,2014 2297 2561 2574 2968 3069 3130 3190 3203 3228 ,673377 666818 824683 673873 447161 539681 448085 448175 447484 446950 ,2014 2297 2561 2574 2968 3069 3130 3190 3203 3228 
825313 654197 640946 453308 640892 112763 424608 814189 558480 814239 ,22958 24098 24168 24690 24820 24825 25150 25673 25690 25937 ,825313 654197 640946 453308 640892 112763 424608 814189 558480 814239 ,22958 24098 24168 24690 24820 24825 25150 25673 25690 25937 
106335 461490 838975 801658 985419 659748 720827 582322 440602 294458 ,71085 77364 78703 80939 81184 81286 81551 84156 86078 86452 ,106335 461490 838975 801658 985419 659748 720827 582322 440602 294458 ,71085 77364 78703 80939 81184 81286 81551 84156 86078 86452 
682202 961184 384921 692599 321773 523570 636033 870079 305431 102597 ,47536 53018 53916 56459 57038 57214 57581 58477 59161 59658 ,682202 961184 384921 692599 321773 523570 636033 870079 305431 102597 ,47536 53018 53916 56459 57038 57214 57581 58477 59161 59658 
566147 834774 933754 415120 336421 415032 379746 667498 668297 369572 ,52566 59478 62488 66266 66280 66682 68036 68559 69491 72806 ,566147 834774 933754 415120 336421 415032 379746 667498 668297 369572 ,52566 59478 62488 66266 66280 66682 68036 68559 69491 72806 
976993 144024 590162 574743 541726 159826 975571 984690 788563 86683 ,48452 57566 58866 59620 61059 61532 61655 61940 63411 63954 ,976993 144024 590162 574743 541726 159826 975571 984690 788563 86683 ,48452 57566 58866 59620 61059 61532 61655 61940 63411 63954 
833440 584180 911030 911523 583736 535397 772503 911246 772317 540568 ,26627 28435 28858 29604 30689 30780 31318 31559 31612 32272 ,833440 584180 911030 911523 583736 535397 772503 911246 772317 540568 ,26627 28435 28858 29604 30689 30780 31318 31559 31612 32272 
678801 614565 989936 635075 237974 705274 529649 132923 79934 923856 ,55882 61621 62702 62834 63159 64183 64333 66848 66863 67556 ,678801 989936 635075 237974 705274 529649 132923 79934 923856 973151 ,55882 62702 62834 63159 64183 64333 66848 66863 67556 67683 
598524 368500 434667 123742 951625 262925 273447 120866 940421 583326 ,91497 92141 99320 99873 100207 100702 102185 105571 106065 106078 ,598524 368500 434667 123742 951625 262925 273447 940421 583326 597756 ,91497 92141 99320 99873 100207 100702 102185 106065 106078 107579 
179797 376572 246374 96588 773712 542793 969022 460699 799970 598207 ,56220 62318 68497 70707 74055 74326 74396 75424 78026 79426 ,179797 376572 246374 96588 773712 542793 969022 460699 799970 598207 ,56220 62318 68497 70707 74055 74326 74396 75424 78026 79426 
835497 190689 566984 835148 759909 140495 190732 755525 759550 158521 ,4650 4833 5425 7215 7453 7632 8855 9228 10146 10279 ,190993 568079 468907 567211 993345 612820 673442 857682 6070 760252 ,14919 17191 17649 18299 21081 21265 22392 25701 27358 34383 
930040 836251 686003 554639 268012 836813 602413 902623 920823 829853 ,85751 93395 105709 115504 116865 117406 117909 118670 119787 121603 ,930040 836251 686003 554639 268012 836813 602413 902623 920823 829853 ,85751 93395 105709 115504 116865 117406 117909 118670 119787 121603 
769842 397512 789481 416591 282462 875465 659943 257549 584680 962626 ,36768 39677 41978 43905 44731 46405 47102 47187 49036 49629 ,769842 397512 789481 416591 282462 875465 659943 257549 584680 962626 ,36768 39677 41978 43905 44731 46405 47102 47187 49036 49629 
887911 26360 55811 512583 431191 549960 633346 914543 410844 213464 ,60469 73192 76265 83208 86855 88657 89864 94747 99235 102816 ,887911 26360 55811 512583 431191 549960 633346 914543 410844 213464 ,60469 73192 76265 83208 86855 88657 89864 94747 99235 102816 
383289 468854 638436 770466 570349 567966 903886 524603 655141 704799 ,37961 39164 40812 41130 41528 41951 42150 42770 44262 44791 ,383289 468854 638436 770466 570349 567966 903886 524603 655141 704799 ,37961 39164 40812 41130 41528 41951 42150 42770 44262 44791 
840348 72402 439906 802812 126359 152035 122977 195127 515246 467515 ,51883 56452 58071 58515 60939 61887 66023 66225 66424 66702 ,840348 72402 439906 802812 126359 152035 122977 195127 515246 467515 ,51883 56452 58071 58515 60939 61887 66023 66225 66424 66702 
454159 842177 679194 510963 242824 159402 108667 152514 928786 461221 ,57168 62860 68352 70638 80647 83476 84820 85202 88552 89336 ,454159 842177 679194 510963 159402 108667 152514 461221 751273 198114 ,57168 62860 68352 70638 83476 84820 85202 89336 89907 90644 
543391 832171 477438 115239 98 540200 312101 539693 44763 38448 ,12726 15372 15436 15948 16510 16803 18090 18567 19084 19734 ,543391 832171 477438 115239 98 540200 312101 539693 44763 38448 ,12726 15372 15436 15948 16510 16803 18090 18567 19084 19734 
618015 241181 732561 690569 940686 601055 550370 998435 994656 101592 ,37734 39137 42208 42997 43317 43914 43960 44692 45370 46516 ,618015 241181 732561 690569 940686 601055 550370 998435 994656 101592 ,37734 39137 42208 42997 43317 43914 43960 44692 45370 46516 
835363 835552 835973 834116 833731 835492 672838 836732 830286 836556 ,6254 10607 11130 13121 14269 14826 15355 15514 16107 17090 ,835363 835552 833731 835492 672838 836732 834025 159190 759177 24813 ,6254 10607 14269 14826 15355 15514 17819 18914 19253 19541 
835469 559472 904785 478429 604623 63611 368312 46757 283066 797224 ,42285 44766 44986 47681 48974 49857 50590 50963 51814 52450 ,835469 559472 904785 478429 604623 63611 368312 46757 283066 797224 ,42285 44766 44986 47681 48974 49857 50590 50963 51814 52450 
593226 993208 674110 674435 757442 673365 755752 567601 820011 819028 ,63943 66306 68235 76162 77858 79072 84610 84896 85847 85950 ,593226 993208 674110 674435 757442 673365 755752 567601 820011 819028 ,63943 66306 68235 76162 77858 79072 84610 84896 85847 85950 
21506 658220 876353 82392 124580 734207 726712 513127 343595 729910 ,58391 68216 72099 74341 74775 75678 76036 76217 76443 76596 ,21506 658220 876353 82392 124580 734207 726712 513127 343595 729910 ,58391 68216 72099 74341 74775 75678 76036 76217 76443 76596 
866862 861896 276683 743978 575409 551140 176603 11319 411304 632500 ,64691 65526 68732 69367 69587 69835 70654 71365 71539 71643 ,866862 861896 276683 743978 575409 551140 176603 11319 411304 632500 ,64691 65526 68732 69367 69587 69835 70654 71365 71539 71643 
835518 567912 964944 195335 274151 242879 24334 96464 412102 835466 ,15505 46457 50458 53169 53169 55082 55960 56385 56552 57480 ,835518 567912 964944 274151 195335 242879 24334 96464 412102 835466 ,15505 46457 50458 53169 53169 55082 55960 56385 56552 57480 
835242 446995 967658 187592 530933 988919 619661 484329 290567 820120 ,43664 59655 63130 65959 69423 72927 74410 76664 77415 77628 ,835242 446995 967658 988919 619661 484329 290567 820120 333088 767634 ,43664 59655 63130 72927 74410 76664 77415 77628 77643 77911 
709050 797468 854126 240247 620412 27699 845454 824419 239939 208568 ,58952 64210 66952 68227 69286 70529 72269 73176 73579 74526 ,854126 240247 620412 27699 824419 239939 208568 854146 101649 146794 ,66952 68227 69286 70529 73176 73579 74526 74974 75272 75624 
522147 842918 876461 912180 193654 272470 263012 139142 929132 920412 ,49642 50617 55523 55681 55854 55854 56473 56504 57499 58280 ,522147 842918 876461 912180 193654 272470 263012 139142 929132 920412 ,49642 50617 55523 55681 55854 55854 56473 56504 57499 58280 
14188 570139 965485 610871 121607 208525 835364 247180 102164 326452 ,44750 46118 47387 49117 50292 50415 51642 51855 52221 52299 ,14188 570139 965485 610871 121607 208525 835364 247180 102164 326452 ,44750 46118 47387 49117 50292 50415 51642 51855 52221 52299 
634205 766273 913042 555302 570788 202177 565908 506051 226611 873663 ,83837 84410 84862 89819 92163 92647 92694 92975 94063 94115 ,634205 766273 913042 555302 570788 202177 565908 226611 873663 974327 ,83837 84410 84862 89819 92163 92647 92694 94063 94115 95126 
836996 2589 633606 746789 639706 690476 844004 224484 17452 183051 ,43400 49420 56387 59749 61100 61347 61708 62726 63630 64502 ,836996 2589 633606 746789 639706 690476 844004 224484 17452 183051 ,43400 49420 56387 59749 61100 61347 61708 62726 63630 64502 
275113 715128 304996 507561 438118 93979 228009 987451 849790 594991 ,64567 67330 70290 71899 73368 73774 74546 76369 76453 77632 ,275113 715128 304996 507561 438118 93979 228009 987451 849790 594991 ,64567 67330 70290 71899 73368 73774 74546 76369 76453 77632 
835990 230236 656593 922918 553253 106527 531401 106520 86254 234308 ,10477 46714 48765 51503 51671 52157 52708 53138 54829 54891 ,835990 230236 656593 922918 553253 106527 531401 106520 86254 234308 ,10477 46714 48765 51503 51671 52157 52708 53138 54829 54891 
924298 320253 616545 106582 186683 429526 430257 255407 750394 323296 ,33215 33587 34585 34873 35613 35950 36363 36627 37241 37643 ,924298 320253 616545 106582 186683 430257 255407 750394 323296 193140 ,33215 33587 34585 34873 35613 36363 36627 37241 37643 37712 
60337 594309 174579 949258 385233 841551 392437 680713 820390 976685 ,66359 67277 67745 69385 70776 71171 73597 74085 74241 74919 ,60337 594309 949258 385233 392437 680713 820390 976685 169369 764399 ,66359 67277 69385 70776 73597 74085 74241 74919 75298 75573 
324094 605567 40300 625171 140039 600105 565550 254797 974178 204386 ,57869 59650 62410 63461 63580 64261 64629 65991 66397 66858 ,324094 605567 40300 625171 140039 600105 565550 254797 204386 963543 ,57869 59650 62410 63461 63580 64261 64629 65991 66858 69590 
868250 245897 13677 170900 304289 15085 134091 625980 920143 743527 ,67086 71073 74160 76160 76893 77076 82400 82543 83502 85085 ,868250 245897 13677 170900 304289 15085 134091 625980 920143 743527 ,67086 71073 74160 76160 76893 77076 82400 82543 83502 85085 
693139 722594 995241 995207 165763 866841 131030 756488 995404 238752 ,51845 53855 59070 59354 59788 60162 60886 61080 61803 61855 ,693139 722594 995241 995207 165763 866841 131030 756488 995404 238752 ,51845 53855 59070 59354 59788 60162 60886 61080 61803 61855 
307472 908955 263738 370672 307050 243252 776987 942680 279029 790731 ,44435 45316 46181 46458 46583 48368 48850 49358 49696 50266 ,307472 908955 263738 370672 307050 243252 776987 279029 790731 51941 ,44435 45316 46181 46458 46583 48368 48850 49696 50266 50988 
832291 832505 613718 170468 841014 841434 847811 591510 991154 680834 ,15228 21536 103073 107376 116528 117478 119564 121370 122387 123105 ,832505 613718 170468 841014 841434 847811 591510 991154 680834 656898 ,21536 103073 107376 116528 117478 119564 121370 122387 123105 124859 
978974 380740 337283 805468 313060 18910 610682 639756 689808 798009 ,35357 35596 38175 41247 43151 45879 45992 46178 46312 47198 ,978974 380740 337283 805468 18910 610682 639756 689808 798009 322404 ,35357 35596 38175 41247 45879 45992 46178 46312 47198 48396 
601428 645912 536177 869245 724306 279952 601677 738848 518533 441525 ,40638 41203 42141 42312 42642 42851 43826 44286 44946 45320 ,601428 645912 536177 869245 724306 279952 601677 738848 518533 441525 ,40638 41203 42141 42312 42642 42851 43826 44286 44946 45320 
453396 407696 874005 982590 51664 982648 325785 574113 237176 991115 ,53403 55635 55861 56785 57480 58133 60343 60362 60460 60497 ,453396 407696 874005 982590 51664 982648 325785 574113 237176 991115 ,53403 55635 55861 56785 57480 58133 60343 60362 60460 60497 
168460 808710 560062 772359 916476 177874 80245 16517 510295 809689 ,38453 40764 42670 42914 43442 43747 43833 44158 44488 45072 ,168460 808710 560062 772359 916476 177874 80245 16517 510295 809689 ,38453 40764 42670 42914 43442 43747 43833 44158 44488 45072 
866039 17183 933986 987381 987605 16923 69759 483629 79070 71907 ,37126 37948 40906 41410 42131 42239 42699 43124 43628 43701 ,866039 17183 933986 987381 987605 16923 69759 79070 71907 448709 ,37126 37948 40906 41410 42131 42239 42699 43628 43701 44494 
881197 539140 207684 583752 207834 37134 260509 254450 843523 41175 ,36170 37509 38728 39095 39391 40544 40823 40881 40995 41178 ,881197 539140 207684 583752 207834 37134 260509 254450 843523 41175 ,36170 37509 38728 39095 39391 40544 40823 40881 40995 41178 
636366 152115 72936 880947 437337 890885 739001 771542 390760 706208 ,67329 79164 90256 90879 90966 92565 94691 95655 96363 98085 ,636366 152115 72936 880947 437337 890885 739001 771542 390760 706208 ,67329 79164 90256 90879 90966 92565 94691 95655 96363 98085 
460426 301424 8338 69372 467813 430618 188507 239146 279235 426020 ,40852 41375 42552 45407 46060 46951 47260 47982 48326 48348 ,460426 301424 8338 69372 467813 430618 188507 239146 279235 548800 ,40852 41375 42552 45407 46060 46951 47260 47982 48326 50018 
560888 746834 911346 934580 918849 728354 830837 668359 905050 667793 ,34323 35639 39263 40122 42037 42881 44912 45162 45311 45843 ,560888 911346 918849 728354 830837 905050 667793 933060 740561 282716 ,34323 39263 42037 42881 44912 45311 45843 45951 46034 46382 
483160 454086 739579 604273 257451 539429 543905 83712 583181 721478 ,58888 61081 62585 62620 64688 66825 66935 67970 68125 68389 ,483160 454086 739579 604273 257451 539429 543905 83712 721478 934114 ,58888 61081 62585 62620 64688 66825 66935 67970 68389 68642 
190644 853636 849192 969105 858718 854792 856383 889096 938363 785556 ,14633 15018 15671 17030 17202 17296 17330 17418 17547 17654 ,190644 858718 856383 960708 877017 768227 443005 947601 807609 823977 ,14633 17202 17330 19169 19302 19934 20169 21317 21341 22482 
969145 226978 722075 545251 553601 960649 954732 109086 880374 488611 ,47816 53630 59895 72236 78048 79713 81245 83131 83152 83590 ,969145 226978 722075 545251 553601 960649 954732 109086 880374 488611 ,47816 53630 59895 72236 78048 79713 81245 83131 83152 83590 
829853 500035 546949 267112 685163 503213 16889 391389 35318 629901 ,54143 58147 59060 59644 61004 62196 62850 63579 63674 64193 ,500035 546949 267112 685163 503213 16889 391389 35318 629901 823902 ,58147 59060 59644 61004 62196 62850 63579 63674 64193 64263 
27903 13167 672200 970517 1323 1151 880316 840887 181462 542272 ,64845 69468 75547 77302 77536 77872 79315 81665 82541 82858 ,27903 13167 672200 970517 1323 1151 880316 840887 181462 542272 ,64845 69468 75547 77302 77536 77872 79315 81665 82541 82858 
538689 561409 214575 713830 936242 619414 840297 193809 203987 130138 ,44623 53767 59287 60893 61489 61701 62242 63063 63435 63857 ,538689 561409 214575 713830 936242 619414 840297 193809 203987 130138 ,44623 53767 59287 60893 61489 61701 62242 63063 63435 63857 
509607 435884 251763 933684 212092 199102 277918 212900 839483 773547 ,39458 40487 41989 47124 48399 49180 49180 50180 52233 52912 ,509607 435884 251763 933684 212092 199102 212900 839483 773547 831812 ,39458 40487 41989 47124 48399 49180 50180 52233 52912 52933 
980381 812482 542019 123820 265003 182038 633005 500781 748403 46545 ,44868 48024 56699 61429 61887 62779 63236 63382 63815 65900 ,980381 812482 542019 123820 265003 182038 633005 500781 748403 46545 ,44868 48024 56699 61429 61887 62779 63236 63382 63815 65900 
930325 252947 310986 551787 230862 892064 893451 296415 772535 452372 ,39629 41124 42329 43073 43164 43393 43864 44469 44656 45035 ,668824 229926 11235 932220 253706 395608 962904 602135 800352 260699 ,47254 48203 49056 50205 50848 51287 51321 53253 53810 53820 
677941 842393 70965 58140 678594 223491 194434 989370 594189 565086 ,43655 43830 44790 44829 45927 46147 47797 48882 49036 49242 ,194434 989370 565086 204685 887764 915617 670039 391053 12841 17775 ,47797 48882 49242 51176 56540 56792 57404 57671 58067 59187 
470420 881256 99443 980202 11845 331946 297918 271554 36010 962246 ,94080 111689 113884 121111 121886 123319 124439 124459 126832 127040 ,470420 881256 99443 980202 11845 331946 297918 271554 36010 962246 ,94080 111689 113884 121111 121886 123319 124439 124459 126832 127040 
973191 850201 309197 708828 21979 747888 8828 551670 600758 82232 ,42021 46194 46354 47099 48214 49614 50817 52624 53875 53912 ,973191 850201 309197 708828 21979 747888 551670 600758 82232 903648 ,42021 46194 46354 47099 48214 49614 52624 53875 53912 55026 
668138 848364 919360 884023 869483 952650 899514 866106 869961 952251 ,35974 36429 37088 37277 37404 37463 38110 38195 38854 40102 ,668138 848364 919360 884023 869483 952650 899514 866106 869961 952251 ,35974 36429 37088 37277 37404 37463 38110 38195 38854 40102 
435843 85407 200303 233179 389930 464654 547862 117481 96734 533860 ,62072 65321 65514 70697 71278 71885 72243 72653 73057 74474 ,435843 85407 200303 233179 389930 464654 547862 117481 96734 533860 ,62072 65321 65514 70697 71278 71885 72243 72653 73057 74474 
518131 490136 766611 513223 15622 619396 259942 766495 932789 989860 ,32692 32947 34629 34697 35679 37802 37836 37974 38360 39373 ,518131 490136 766611 513223 15622 619396 259942 766495 932789 989860 ,32692 32947 34629 34697 35679 37802 37836 37974 38360 39373 
860387 118306 232315 596813 748469 80802 414491 128601 105146 362577 ,73938 86079 89399 91732 92652 93796 94154 94721 96871 97203 ,860387 118306 232315 596813 748469 80802 414491 128601 105146 362577 ,73938 86079 89399 91732 92652 93796 94154 94721 96871 97203 
12878 845207 196546 599292 433141 704461 648555 499797 508279 458869 ,48712 52870 53047 55529 56183 56660 57060 57553 58202 58256 ,12878 845207 599292 433141 704461 648555 499797 508279 458869 630159 ,48712 52870 55529 56183 56660 57060 57553 58202 58256 58739 
309657 60424 939272 607059 517016 82520 278686 332006 277832 390741 ,43672 54831 55062 59263 59620 60174 60874 61879 62143 62628 ,309657 60424 939272 607059 517016 82520 278686 332006 277832 390741 ,43672 54831 55062 59263 59620 60174 60874 61879 62143 62628 
280866 470751 59919 215010 348671 239426 659422 717356 551637 126763 ,66362 67045 67933 68438 69084 69361 70171 70342 71333 71808 ,280866 470751 59919 215010 348671 239426 659422 717356 551637 126763 ,66362 67045 67933 68438 69084 69361 70171 70342 71333 71808 
138490 139837 898746 467946 73068 389111 976044 312008 891530 807895 ,55056 55619 64530 65805 66473 66815 66977 67517 67963 69126 ,138490 139837 898746 467946 73068 389111 976044 312008 891530 807895 ,55056 55619 64530 65805 66473 66815 66977 67517 67963 69126 
888259 896228 724963 966676 124983 581043 712846 952333 233801 808467 ,49904 58904 59103 59601 59835 60787 60845 64006 64548 64723 ,888259 896228 724963 966676 124983 581043 712846 952333 233801 808467 ,49904 58904 59103 59601 59835 60787 60845 64006 64548 64723 
801156 466395 31570 950855 812749 959449 89912 981164 77353 655454 ,57440 58582 62311 65984 66212 68364 71359 73257 73492 75026 ,801156 466395 31570 950855 812749 959449 89912 981164 77353 655454 ,57440 58582 62311 65984 66212 68364 71359 73257 73492 75026 
869999 682080 208062 185745 202251 266529 514138 122308 21201 521623 ,41392 41628 43827 45214 46781 46781 47761 49264 49850 50389 ,869999 682080 208062 185745 266529 202251 514138 122308 21201 521623 ,41392 41628 43827 45214 46781 46781 47761 49264 49850 50389 
544911 200656 385923 708219 358671 693401 604602 704012 507371 120984 ,68998 74850 77261 78439 80794 81283 82084 84428 85144 85436 ,544911 200656 385923 708219 358671 693401 604602 704012 507371 120984 ,68998 74850 77261 78439 80794 81283 82084 84428 85144 85436 
561300 548791 885778 219618 594590 11827 334766 325330 738778 562247 ,48331 48747 50105 50711 51702 51977 53992 54642 56094 57489 ,561300 548791 885778 219618 11827 325330 738778 562247 879719 958760 ,48331 48747 50105 50711 51977 54642 56094 57489 58698 59623 
749682 136795 634110 515253 189908 465357 197112 275928 497570 725978 ,60937 65471 65750 66281 67683 68345 68659 68659 68896 68965 ,136795 634110 515253 189908 465357 197112 497570 725978 19918 745710 ,65471 65750 66281 67683 68345 68659 68896 68965 69923 70234 
802654 481890 39880 95183 705357 851328 55978 291202 950116 893246 ,49520 54893 55895 57211 57857 57881 59207 59878 59920 60515 ,802654 481890 39880 95183 705357 851328 55978 291202 950116 893246 ,49520 54893 55895 57211 57857 57881 59207 59878 59920 60515 
842548 842203 756342 871335 617958 406155 756090 851888 481830 842071 ,23130 23273 24569 25170 25470 26253 26648 26862 27713 27913 ,871335 617958 756090 851888 895411 946977 995111 866106 443009 223903 ,25170 25470 26648 26862 32101 32950 33496 33870 34184 36032 
632501 82467 83557 292318 925743 788899 83294 666142 234597 749869 ,48607 51093 52615 53206 53437 54638 55492 55762 56075 57430 ,632501 82467 83557 292318 925743 788899 83294 666142 234597 749869 ,48607 51093 52615 53206 53437 54638 55492 55762 56075 57430 
154262 406395 495497 798883 895459 406803 961519 845188 207587 987336 ,82291 83936 86218 87521 88555 88788 90454 90732 91212 91456 ,154262 406395 495497 798883 895459 406803 961519 845188 207587 987336 ,82291 83936 86218 87521 88555 88788 90454 90732 91212 91456 
917515 775369 717182 473818 929667 736161 122605 594579 61749 575014 ,55204 57244 60220 60472 63023 68304 68845 71923 72491 72816 ,917515 775369 717182 473818 929667 736161 122605 594579 61749 575014 ,55204 57244 60220 60472 63023 68304 68845 71923 72491 72816 
368175 256097 875865 220319 897782 805494 304277 229852 98410 242431 ,56753 70724 71066 71773 73233 76041 77206 77370 79070 79127 ,368175 256097 875865 220319 897782 805494 304277 229852 98410 242431 ,56753 70724 71066 71773 73233 76041 77206 77370 79070 79127 
656335 856708 220322 673758 232776 339398 903865 521126 824447 120917 ,34179 35799 36001 36294 36600 39063 39410 39907 40077 41170 ,656335 856708 220322 673758 339398 903865 521126 824447 120917 486197 ,34179 35799 36001 36294 39063 39410 39907 40077 41170 42993 
611956 516939 893005 25257 988966 387357 172904 713007 52166 143370 ,66873 72728 73898 74243 76639 76978 77118 77354 77456 78027 ,611956 172904 783217 609031 701938 1973 925066 801647 437957 373452 ,66873 77118 78628 84478 84836 86814 87720 88346 90215 91420 
254620 833312 542272 284438 869681 2839 833767 80633 538940 71505 ,43470 51411 51821 53474 54943 55299 55397 55969 56003 56203 ,833312 542272 284438 869681 2839 833767 80633 538940 71505 204530 ,51411 51821 53474 54943 55299 55397 55969 56003 56203 57149 
438621 642323 615932 616410 36409 640632 38760 641744 415574 248867 ,36666 40561 46009 46631 47167 50091 50228 50680 51084 51215 ,438621 642323 615932 616410 36409 640632 38760 641744 415574 248867 ,36666 40561 46009 46631 47167 50091 50228 50680 51084 51215 
722225 380345 757 753842 482138 46546 599757 777581 862352 635238 ,61474 63135 64586 65164 67246 67605 69059 69161 69847 69859 ,722225 380345 757 753842 46546 599757 777581 862352 635238 61053 ,61474 63135 64586 65164 67605 69059 69161 69847 69859 70093 
162938 344921 307205 808621 504766 297907 59039 860189 313405 736577 ,74544 77362 90301 92977 93921 95515 95522 97247 97449 99203 ,162938 344921 307205 808621 504766 59039 860189 313405 736577 348571 ,74544 77362 90301 92977 93921 95522 97247 97449 99203 100725 
986734 517094 857280 772106 997331 842071 36221 542444 843697 848382 ,28753 33013 34960 35121 35956 36466 36879 37231 38968 38996 ,986734 517094 857280 772106 997331 842071 36221 542444 843697 848382 ,28753 33013 34960 35121 35956 36466 36879 37231 38968 38996 
831086 435417 132634 594900 391532 197926 276742 594553 947135 710260 ,49843 50819 53087 56163 56919 57138 57138 57394 57664 58132 ,831086 435417 132634 594900 391532 276742 594553 947135 710260 881419 ,49843 50819 53087 56163 56919 57138 57394 57664 58132 58140 
830084 513843 420148 56020 400707 28249 682366 906940 620751 634731 ,103207 109509 117035 118076 118245 119913 126104 126571 134174 135459 ,830084 513843 420148 56020 400707 28249 682366 906940 620751 634731 ,103207 109509 117035 118076 118245 119913 126104 126571 134174 135459 
662678 748079 902593 620752 252294 526378 168940 283544 840665 684141 ,70440 74133 75173 79692 80564 85494 87111 89338 90626 92220 ,662678 748079 902593 620752 526378 168940 283544 840665 684141 151222 ,70440 74133 75173 79692 85494 87111 89338 90626 92220 94221 
714486 407997 915021 787870 569205 537851 506397 519225 637319 52735 ,53277 53568 57618 61279 62791 63026 63884 65373 65969 66716 ,714486 407997 915021 787870 569205 537851 506397 519225 637319 52735 ,53277 53568 57618 61279 62791 63026 63884 65373 65969 66716 
239591 410281 475920 84573 537114 828955 617842 499624 304253 264622 ,44710 46391 47761 48923 51436 54770 55123 55855 57501 57605 ,239591 410281 475920 84573 537114 828955 617842 304253 264622 490571 ,44710 46391 47761 48923 51436 54770 55123 57501 57605 57735 
622809 652861 195933 274749 958435 572743 509708 707763 882287 432785 ,60755 60777 62395 62395 66198 67733 68397 68846 69945 71422 ,622809 652861 274749 958435 572743 509708 707763 882287 432785 961021 ,60755 60777 62395 66198 67733 68397 68846 69945 71422 74230 
754657 505653 12368 834371 484182 887415 303627 77746 567139 240303 ,102129 115913 116961 117011 127972 128890 129726 132383 134671 135557 ,754657 505653 12368 834371 484182 887415 303627 77746 567139 240303 ,102129 115913 116961 117011 127972 128890 129726 132383 134671 135557 
966026 517746 542633 391604 913474 485330 609206 408544 259405 200292 ,61799 74345 78659 79040 79460 80946 81735 82115 82388 82572 ,966026 517746 542633 391604 913474 485330 408544 259405 200292 265292 ,61799 74345 78659 79040 79460 80946 82115 82388 82572 82666 
561733 71084 270986 14837 191650 36361 680115 416872 69071 189254 ,43396 55150 55658 56930 57299 59746 60291 60551 60740 61145 ,561733 71084 270986 14837 191650 36361 680115 416872 69071 189254 ,43396 55150 55658 56930 57299 59746 60291 60551 60740 61145 
172143 233012 532930 727949 158446 508634 514063 434939 297910 183002 ,72705 75028 76916 77757 78072 79578 80462 80534 80643 81052 ,172143 233012 532930 727949 158446 508634 514063 434939 297910 183002 ,72705 75028 76916 77757 78072 79578 80462 80534 80643 81052 
934311 51321 9490 212747 886249 557498 899328 119907 6219 638958 ,58020 63301 64010 65768 66275 67617 69025 69557 70435 70857 ,934311 51321 9490 212747 886249 557498 899328 119907 6219 638958 ,58020 63301 64010 65768 66275 67617 69025 69557 70435 70857 
679749 392121 264198 264099 419354 393466 481408 490740 32375 392298 ,70102 70674 71095 72218 73087 73308 73623 74161 74511 74681 ,679749 392121 264198 264099 419354 393466 481408 490740 32375 392298 ,70102 70674 71095 72218 73087 73308 73623 74161 74511 74681 
658585 630481 549175 94583 472810 819801 542944 89673 664787 24319 ,64513 71644 81611 82320 84256 84841 84849 84984 85136 85420 ,658585 630481 549175 94583 472810 819801 542944 89673 664787 24319 ,64513 71644 81611 82320 84256 84841 84849 84984 85136 85420 
941182 227624 412380 968770 882306 458452 926018 992941 690542 8523 ,69343 73989 77157 80859 82110 82370 82519 84210 85566 89235 ,941182 227624 412380 968770 458452 926018 992941 690542 8523 895207 ,69343 73989 77157 80859 82370 82519 84210 85566 89235 91527 
30800 754852 368583 356649 251684 961439 856127 249055 114048 886722 ,30394 32423 32596 32950 34828 35484 35976 39098 39292 39906 ,30800 754852 368583 356649 251684 961439 856127 114048 886722 714648 ,30394 32423 32596 32950 34828 35484 35976 39292 39906 39939 
738683 780438 823242 702845 103912 522772 781078 585983 541073 503816 ,79218 87191 87329 88284 88951 94313 95342 96599 96802 97732 ,738683 780438 823242 702845 103912 522772 781078 585983 541073 503816 ,79218 87191 87329 88284 88951 94313 95342 96599 96802 97732 
411368 468153 631652 295867 487179 84640 204815 861138 262209 296847 ,66611 67129 70967 77698 78227 82140 83409 83568 85436 88149 ,411368 631652 295867 487179 84640 204815 861138 262209 296847 733328 ,66611 70967 77698 78227 82140 83409 83568 85436 88149 88238 
535987 550114 238918 318718 590550 618248 578672 577488 319937 578111 ,56263 59392 59525 60954 62047 62879 64750 65302 65550 66786 ,535987 550114 238918 318718 618248 578672 577488 319937 578111 710434 ,56263 59392 59525 60954 62879 64750 65302 65550 66786 68269 
208435 366041 596247 798036 627710 12775 199606 272094 16323 635824 ,91405 92752 97352 107272 108431 109194 113280 113670 114031 115591 ,208435 366041 596247 798036 627710 12775 199606 272094 16323 635824 ,91405 92752 97352 107272 108431 109194 113280 113670 114031 115591 
377378 2470 600477 484478 946007 966147 465283 465472 28249 362767 ,63108 73023 76043 80738 81069 81777 81879 82604 82732 83084 ,377378 2470 600477 484478 946007 966147 465283 465472 362767 240186 ,63108 73023 76043 80738 81069 81777 81879 82604 83084 83433 
950555 944704 78397 283347 660398 314009 90594 75719 745948 851396 ,87389 90235 97784 98659 101845 102744 103176 103764 103856 104366 ,950555 944704 78397 283347 660398 314009 90594 75719 745948 851396 ,87389 90235 97784 98659 101845 102744 103176 103764 103856 104366 
783835 152178 1641 961668 89492 783908 951482 741479 384482 106099 ,72597 79185 83558 84195 86452 86511 88852 89944 91876 92195 ,783835 152178 1641 961668 89492 951482 741479 384482 106099 394095 ,72597 79185 83558 84195 86452 88852 89944 91876 92195 92563 
324346 439706 975623 626126 155392 376867 453229 934298 706023 587650 ,77550 86272 89000 96344 99377 101259 103010 103157 103931 103960 ,324346 439706 975623 626126 155392 376867 453229 934298 706023 587650 ,77550 86272 89000 96344 99377 101259 103010 103157 103931 103960 
930415 869715 11167 868105 118678 899067 330730 67744 739784 868865 ,38905 41073 43120 45384 47151 48859 49130 50162 50670 50830 ,869715 11167 868105 118678 899067 330730 67744 739784 868865 266842 ,41073 43120 45384 47151 48859 49130 50162 50670 50830 51465 
555289 542017 494318 597967 714471 47864 97822 368859 246403 332085 ,101889 111954 113982 115094 118544 120005 121342 121482 121717 129138 ,555289 542017 494318 597967 714471 47864 97822 368859 246403 332085 ,101889 111954 113982 115094 118544 120005 121342 121482 121717 129138 
893344 893481 253132 571144 894489 940159 343181 324205 972280 169989 ,40406 42154 45180 45271 45508 46208 46676 46979 47044 47121 ,893344 893481 253132 571144 894489 940159 343181 324205 972280 169989 ,40406 42154 45180 45271 45508 46208 46676 46979 47044 47121 
141389 183067 878373 5570 142635 321634 16031 465100 760818 812326 ,58768 64055 66427 69044 70380 73649 74235 75309 75792 76314 ,141389 183067 878373 5570 142635 321634 16031 465100 760818 812326 ,58768 64055 66427 69044 70380 73649 74235 75309 75792 76314 
743333 698870 629350 722186 20521 734145 223557 325313 931196 637382 ,63526 67844 68855 69887 70313 70952 73402 74206 75353 75811 ,743333 698870 629350 722186 20521 734145 223557 325313 931196 637382 ,63526 67844 68855 69887 70313 70952 73402 74206 75353 75811 
904013 699290 666561 65145 82309 279093 432739 206396 968748 687591 ,58940 59141 59469 59548 59759 64672 65013 65186 65770 66325 ,904013 699290 666561 65145 82309 279093 432739 206396 968748 687591 ,58940 59141 59469 59548 59759 64672 65013 65186 65770 66325 
983806 13139 431746 303149 932585 888922 795381 210644 886957 17835 ,70541 74519 74979 75191 75608 76672 76690 76867 77214 77787 ,983806 13139 431746 303149 932585 888922 795381 210644 886957 17835 ,70541 74519 74979 75191 75608 76672 76690 76867 77214 77787 
641661 682166 628556 786639 8540 538788 576153 753129 490641 644208 ,134728 152972 154067 154113 176012 193370 193966 210483 216645 217453 ,641661 682166 628556 786639 8540 538788 576153 753129 490641 644208 ,134728 152972 154067 154113 176012 193370 193966 210483 216645 217453 
268767 949715 796551 720501 420827 138038 143787 751858 161572 402947 ,74988 86198 95658 108860 113776 114464 115882 116296 118094 119424 ,268767 949715 796551 720501 420827 138038 143787 751858 161572 402947 ,74988 86198 95658 108860 113776 114464 115882 116296 118094 119424 
490483 535262 20938 449651 448658 77959 189578 526217 480714 997742 ,50130 54389 54504 54556 54581 55620 59613 59661 59789 60967 ,490483 535262 20938 449651 448658 189578 526217 480714 997742 850787 ,50130 54389 54504 54556 54581 59613 59661 59789 60967 61950 
221366 181824 395973 806601 122732 221516 588269 741541 13535 316668 ,58774 73277 76345 76644 78597 79090 79845 81173 81263 82164 ,221366 181824 395973 806601 588269 741541 13535 829468 152852 729956 ,58774 73277 76345 76644 79845 81173 81263 84210 85750 85895 
267490 181458 403670 359370 195648 595947 95747 869140 234077 387265 ,59502 60398 61432 61857 62857 63185 63455 63630 63850 63907 ,267490 181458 403670 359370 195648 595947 95747 234077 387265 336408 ,59502 60398 61432 61857 62857 63185 63455 63850 63907 64004 
501257 436300 234361 938969 802301 853995 370798 947780 938229 93859 ,81741 88305 98419 106832 106908 107708 107709 108025 109256 113030 ,501257 436300 234361 938969 802301 853995 370798 947780 938229 93859 ,81741 88305 98419 106832 106908 107708 107709 108025 109256 113030 
41745 870930 4066 17327 109709 812340 97527 2497 231517 558127 ,31690 33048 33487 37037 37209 38031 38348 38567 38831 39305 ,41745 870930 4066 17327 109709 812340 97527 2497 231517 558127 ,31690 33048 33487 37037 37209 38031 38348 38567 38831 39305 
856791 389088 119864 276570 52564 554184 989112 866615 400250 488390 ,40257 46724 50432 53384 60652 60810 61470 61589 61967 63169 ,856791 389088 119864 276570 554184 866615 400250 488390 275521 196705 ,40257 46724 50432 53384 60810 61589 61967 63169 63770 63770 
13 521509 716072 519981 601876 126725 432611 819228 902997 974838 ,51590 51909 57172 57275 59064 59308 59906 60458 60669 60756 ,13 521509 716072 519981 601876 126725 432611 819228 902997 974838 ,51590 51909 57172 57275 59064 59308 59906 60458 60669 60756 
692115 124379 385864 125785 261759 550321 219218 132562 520033 257088 ,81087 84203 87359 89150 92276 94490 95285 98927 99903 100054 ,692115 124379 385864 125785 261759 550321 219218 132562 520033 257088 ,81087 84203 87359 89150 92276 94490 95285 98927 99903 100054 
852876 680601 684093 986451 510425 194946 453304 170929 844404 942265 ,82442 82460 84194 84663 85494 85852 86155 86376 87283 87755 ,852876 680601 684093 986451 510425 194946 453304 170929 942265 93917 ,82442 82460 84194 84663 85494 85852 86155 86376 87755 89610 
319253 799399 686413 525768 229818 153348 33108 255623 530625 917183 ,79598 84405 84735 84765 86536 87543 89854 92145 93324 95618 ,319253 799399 686413 525768 229818 153348 33108 255623 530625 917183 ,79598 84405 84735 84765 86536 87543 89854 92145 93324 95618 
176617 195694 442070 321006 234835 214728 592416 333546 865942 664598 ,59191 59853 62977 65614 68161 71051 71470 74467 75685 77409 ,176617 195694 442070 321006 234835 214728 592416 865942 664598 549099 ,59191 59853 62977 65614 68161 71051 71470 75685 77409 81530 
246043 176495 66071 887616 713512 598020 771914 385520 141123 553866 ,77613 82049 91307 91414 91778 93626 96591 98490 99158 102513 ,246043 176495 66071 887616 713512 598020 771914 385520 141123 553866 ,77613 82049 91307 91414 91778 93626 96591 98490 99158 102513 
422307 961801 584999 580704 329521 693656 666585 246172 583347 915684 ,43107 49071 51366 52939 53838 54050 55415 57203 57230 57273 ,422307 961801 584999 580704 329521 693656 666585 246172 583347 915684 ,43107 49071 51366 52939 53838 54050 55415 57203 57230 57273 
174747 416683 106562 380302 723583 791392 143781 524832 322454 175684 ,43236 43868 46286 46389 46634 46696 47272 47784 47961 48244 ,174747 416683 106562 380302 723583 791392 143781 524832 322454 175684 ,43236 43868 46286 46389 46634 46696 47272 47784 47961 48244 
862398 863457 584347 707228 705083 255648 625878 871451 225783 834605 ,39123 43184 43317 44444 44599 44695 45336 46056 46936 47243 ,862398 863457 584347 707228 705083 871451 225783 834605 872363 277958 ,39123 43184 43317 44444 44599 46056 46936 47243 49212 49772 
696621 841352 183872 841970 869856 414269 437073 869742 704337 198488 ,52112 54095 55493 55566 56952 58141 58585 59137 59322 59331 ,696621 225974 412060 221248 844015 504078 204544 268822 196922 585136 ,52112 60863 62739 63378 63622 64532 64892 64892 64926 65039 
811600 339908 590402 224725 95468 163226 757213 425120 139509 772836 ,43865 49591 50578 52532 56398 62483 64280 64359 65421 65441 ,811600 339908 590402 224725 95468 163226 757213 425120 772836 540909 ,43865 49591 50578 52532 56398 62483 64280 64359 65441 65778 
521430 316843 897646 75669 243575 931227 559495 414516 553457 189885 ,47117 48695 49167 49187 49499 50020 54887 55053 55693 56871 ,521430 316843 897646 75669 243575 931227 559495 414516 553457 189885 ,47117 48695 49167 49187 49499 50020 54887 55053 55693 56871 
559569 672193 810650 620620 20766 623394 709117 296398 635616 467501 ,42806 46186 48808 50652 52992 54509 55988 56647 56784 56888 ,559569 672193 810650 620620 20766 623394 709117 296398 635616 467501 ,42806 46186 48808 50652 52992 54509 55988 56647 56784 56888 
844334 568338 402291 101840 22992 282361 280061 752450 911644 27878 ,19357 38941 39282 40595 41866 41925 42013 42327 42727 43062 ,844334 568338 402291 101840 22992 282361 280061 752450 911644 27878 ,19357 38941 39282 40595 41866 41925 42013 42327 42727 43062 
176056 356936 467415 175729 420609 526671 947060 669236 525680 567767 ,45476 50175 50655 51016 51261 52020 52693 53599 53728 53939 ,176056 356936 467415 175729 420609 526671 947060 669236 525680 567767 ,45476 50175 50655 51016 51261 52020 52693 53599 53728 53939 
961251 618862 591380 144271 600922 673821 867433 665116 210167 144362 ,59887 69249 72396 74997 75209 82006 84583 85399 89013 92514 ,961251 618862 591380 144271 600922 673821 867433 665116 210167 144362 ,59887 69249 72396 74997 75209 82006 84583 85399 89013 92514 
855504 996997 913938 857128 856316 991362 991620 854953 190620 911659 ,24706 34910 34948 37091 37455 38811 39210 39479 40586 40785 ,855504 996997 856316 991362 991620 854953 190620 911659 846198 923163 ,24706 34910 37455 38811 39210 39479 40586 40785 41038 41540 
846720 807636 559019 38752 340338 896305 718126 207628 681958 567981 ,23435 26639 27663 28552 30861 31271 31393 32724 32735 33833 ,846720 807636 559019 38752 340338 896305 718126 207628 681958 567981 ,23435 26639 27663 28552 30861 31271 31393 32724 32735 33833 
906899 46856 207747 855280 846211 907801 222845 827255 800657 953055 ,22803 26588 29986 30309 30831 32003 32021 32161 33802 34209 ,906899 46856 207747 855280 846211 907801 222845 827255 800657 953055 ,22803 26588 29986 30309 30831 32003 32021 32161 33802 34209 
39038 59582 437668 745301 628189 313338 490227 440803 381081 324114 ,49221 64491 65488 70354 71058 71501 71509 72295 72615 75436 ,39038 59582 437668 745301 628189 313338 490227 440803 381081 324114 ,49221 64491 65488 70354 71058 71501 71509 72295 72615 75436 
399733 356306 248253 2964 954910 914532 841028 653855 601144 877988 ,37814 43037 48544 49018 49237 50361 51911 52780 54364 54962 ,399733 356306 248253 2964 954910 914532 841028 653855 601144 877988 ,37814 43037 48544 49018 49237 50361 51911 52780 54364 54962 
533535 391470 961131 550539 725225 631232 399394 223277 527617 514299 ,48186 53822 55713 55850 56396 56661 57334 57843 59676 59906 ,533535 391470 961131 550539 725225 631232 399394 223277 527617 514299 ,48186 53822 55713 55850 56396 56661 57334 57843 59676 59906 
534464 194040 272856 807164 101079 32400 523871 779474 559557 577978 ,45778 59373 59373 59642 61100 62619 64114 64131 65404 65577 ,534464 272856 194040 32400 523871 779474 559557 577978 532293 723366 ,45778 59373 59373 62619 64114 64131 65404 65577 65869 66480 
341606 67313 22346 393181 356639 782039 518753 438837 262586 12526 ,66307 66968 69792 71744 72820 73478 73528 73591 74170 74729 ,341606 67313 22346 393181 356639 518753 438837 262586 12526 550839 ,66307 66968 69792 71744 72820 73528 73591 74170 74729 74987 
665116 190965 821206 993013 618862 773042 256663 296892 852293 644150 ,40073 56196 59459 60419 61069 62887 63424 65617 69428 70881 ,665116 618862 773042 256663 296892 852293 644150 903865 162053 142406 ,40073 61069 62887 63424 65617 69428 70881 71390 74148 74348 
652146 432837 122204 911084 23596 102280 826627 30959 314258 516633 ,37078 45226 45393 46235 46286 47613 47752 49366 49451 49937 ,652146 432837 122204 911084 23596 102280 826627 30959 314258 516633 ,37078 45226 45393 46235 46286 47613 47752 49366 49451 49937 
850846 22710 500765 263925 273221 367152 698484 291428 997343 370672 ,22706 40755 42653 42671 43154 46456 46841 47281 47612 47977 ,500765 367152 370672 82785 468666 923663 785375 246046 953645 263738 ,42653 46456 47977 50357 50815 51069 52599 53073 53396 53618 
970570 660740 660020 712755 15517 181177 246280 252940 848545 551571 ,70100 71519 77965 79784 79868 80176 82244 82408 85490 85729 ,970570 660740 660020 712755 15517 181177 246280 252940 848545 551571 ,70100 71519 77965 79784 79868 80176 82244 82408 85490 85729 
781541 535962 997022 851382 856615 846676 278537 920386 957098 288194 ,53604 54237 55214 56047 58228 58349 59603 61349 62294 62868 ,781541 535962 997022 851382 856615 846676 278537 920386 957098 288194 ,53604 54237 55214 56047 58228 58349 59603 61349 62294 62868 
726040 851642 96603 851979 798241 210328 245506 716143 499974 288769 ,36496 42083 49522 50321 50855 53501 55431 56123 56513 57878 ,726040 851642 96603 851979 798241 210328 245506 716143 499974 288769 ,36496 42083 49522 50321 50855 53501 55431 56123 56513 57878 
449616 102983 426785 253555 641274 960168 651446 558424 674450 309091 ,27394 27919 28586 29230 32327 34064 34388 34453 37028 37086 ,449616 102983 426785 253555 641274 960168 651446 558424 674450 309091 ,27394 27919 28586 29230 32327 34064 34388 34453 37028 37086 
976830 960651 885629 58838 960664 910656 363101 920042 3907 677951 ,70483 72810 74572 75203 75450 75504 76608 77134 77445 78333 ,976830 960651 58838 960664 910656 363101 920042 3907 677951 705243 ,70483 72810 75203 75450 75504 76608 77134 77445 78333 78497 
255105 248173 855920 977848 797171 971106 958100 172631 767573 760492 ,55222 59744 60180 61459 62039 64199 66275 67046 67565 67939 ,255105 248173 855920 977848 797171 971106 958100 172631 767573 760492 ,55222 59744 60180 61459 62039 64199 66275 67046 67565 67939 
533154 391864 255013 518773 85195 473895 422128 322671 854224 780931 ,61211 61798 62542 63557 64572 65979 66652 68194 68323 68646 ,533154 255013 518773 85195 473895 422128 854224 780931 257856 945313 ,61211 62542 63557 64572 65979 66652 68323 68646 69273 70142 
927754 119012 118440 442250 60978 854471 616318 543127 209258 99364 ,58507 61621 64022 64602 64657 65660 65769 67123 68209 69587 ,927754 119012 118440 442250 60978 854471 616318 543127 209258 99364 ,58507 61621 64022 64602 64657 65660 65769 67123 68209 69587 
675301 174021 172270 312691 615849 402254 533625 169886 41717 575226 ,55875 57907 59129 60076 60141 60744 60875 61243 62226 62359 ,675301 174021 172270 312691 615849 402254 533625 169886 41717 575226 ,55875 57907 59129 60076 60141 60744 60875 61243 62226 62359 
853305 806195 61018 481119 227002 268962 563702 860666 75572 852891 ,32788 45911 46464 47002 47519 48971 49572 50738 50807 51041 ,853305 806195 61018 481119 227002 268962 563702 860666 75572 852891 ,32788 45911 46464 47002 47519 48971 49572 50738 50807 51041 
961732 404614 64106 123775 672149 831897 181642 917995 185345 915334 ,57032 63151 64863 65169 66745 67105 67136 67709 68731 69108 ,961732 404614 64106 123775 672149 831897 917995 915334 997148 985919 ,57032 63151 64863 65169 66745 67105 67709 69108 69371 69404 
280795 704550 415429 238868 518607 473328 37027 185555 514193 6020 ,39321 54919 56196 68751 70128 71756 71831 72452 73103 74435 ,280795 704550 415429 238868 518607 473328 37027 185555 514193 6020 ,39321 54919 56196 68751 70128 71756 71831 72452 73103 74435 
295314 705558 801662 661801 309246 121238 176418 394488 592106 488614 ,51504 52999 55631 56998 59212 61161 63030 64065 64414 64418 ,295314 705558 801662 661801 309246 121238 176418 394488 592106 488614 ,51504 52999 55631 56998 59212 61161 63030 64065 64414 64418 
826065 851293 123970 423637 40916 122867 636826 29106 823981 912724 ,43025 49254 51975 55781 57954 59084 59665 68865 69012 72145 ,826065 851293 123970 423637 40916 122867 636826 29106 823981 912724 ,43025 49254 51975 55781 57954 59084 59665 68865 69012 72145 
886974 832280 433254 340582 767830 957641 14963 866897 61856 350330 ,54663 59298 59781 60092 61838 61887 62119 64062 66661 67010 ,886974 832280 433254 340582 767830 957641 866897 61856 350330 985894 ,54663 59298 59781 60092 61838 61887 64062 66661 67010 67035 
38370 373789 28503 672898 162346 611578 856317 648781 541507 654226 ,40897 43256 47320 48030 52536 53618 56014 57309 57689 60391 ,38370 373789 28503 672898 162346 611578 856317 648781 541507 654226 ,40897 43256 47320 48030 52536 53618 56014 57309 57689 60391 
851305 281093 240318 865708 427743 985397 18001 370933 878828 755111 ,46738 70017 77844 81012 83566 85638 88745 88994 92530 93589 ,851305 281093 240318 865708 427743 985397 18001 370933 878828 755111 ,46738 70017 77844 81012 83566 85638 88745 88994 92530 93589 
691012 528746 507243 270839 491845 795986 169791 199929 75553 68732 ,61502 64173 67448 68015 68863 70698 71505 73420 74431 75689 ,691012 528746 507243 270839 491845 795986 169791 199929 75553 68732 ,61502 64173 67448 68015 68863 70698 71505 73420 74431 75689 
781951 307615 655851 785567 402106 238801 789905 418312 101592 46826 ,25474 27196 27250 27910 29947 30006 31142 31474 32372 32878 ,307615 402106 46826 504551 323943 790008 848323 363958 991735 601031 ,27196 29947 32878 34503 36984 37202 37312 37735 38038 39319 
722594 919225 760144 777942 28740 9199 797467 374238 722159 796186 ,37964 40687 44806 47079 49060 54111 54436 54520 57789 58930 ,919225 777942 797467 374238 796186 548456 611515 797170 25655 995782 ,40687 47079 54436 54520 58930 62041 62987 63729 64418 65668 
209230 85199 519450 55726 317898 742912 638032 38633 355043 287172 ,49122 50920 53500 56267 57323 59921 62924 64361 64706 64897 ,209230 85199 519450 55726 317898 742912 638032 38633 355043 287172 ,49122 50920 53500 56267 57323 59921 62924 64361 64706 64897 
467817 300155 496323 240839 805250 21145 594935 285859 80849 679162 ,43329 53748 54649 56486 56894 58740 59454 60560 61029 62071 ,467817 300155 496323 240839 805250 21145 594935 285859 80849 46757 ,43329 53748 54649 56486 56894 58740 59454 60560 61029 62151 
207062 654546 656667 993819 447155 412006 446592 654505 656522 447721 ,9133 9538 10508 10761 10820 10948 11350 11423 11462 11674 ,656667 447419 820541 667438 398001 771388 446143 445788 447170 820508 ,10508 11994 12095 12915 13358 13540 13623 13840 13890 14354 
560943 919449 542655 878134 889896 889296 854911 857277 544161 853469 ,35328 38442 47818 47843 50417 50665 51546 52445 53489 53592 ,560943 919449 542655 878134 889896 889296 854911 857277 544161 853469 ,35328 38442 47818 47843 50417 50665 51546 52445 53489 53592 
848818 190894 443809 984373 644421 856105 996900 124171 885709 909523 ,10335 11377 18205 21473 21935 24758 27291 28409 28426 29030 ,848818 190894 443809 984373 644421 856105 996900 124171 885709 909523 ,10335 11377 18205 21473 21935 24758 27291 28409 28426 29030 
67678 285859 660244 833930 947357 766933 860899 831232 204582 851147 ,33803 44561 47633 47637 47955 49027 49345 51458 51791 52961 ,67678 285859 660244 833930 947357 766933 860899 831232 204582 851147 ,33803 44561 47633 47637 47955 49027 49345 51458 51791 52961 
395802 281631 190205 282611 279958 298057 929209 434850 392071 618544 ,62363 67027 69643 70178 71366 71555 71790 74685 75281 75484 ,395802 281631 190205 282611 279958 298057 929209 434850 392071 618544 ,62363 67027 69643 70178 71366 71555 71790 74685 75281 75484 
176785 774947 229551 799254 381152 68722 204690 354198 465017 169094 ,43105 44260 44822 45805 46253 46358 46569 47155 47312 47601 ,176785 774947 229551 799254 381152 68722 204690 354198 169094 61760 ,43105 44260 44822 45805 46253 46358 46569 47155 47601 48581 
680079 16605 617863 20148 62607 648748 342931 879713 578043 274614 ,85139 91718 93022 96728 97808 101565 102655 102852 103173 104033 ,680079 16605 617863 20148 62607 648748 342931 879713 578043 274614 ,85139 91718 93022 96728 97808 101565 102655 102852 103173 104033 
568338 844334 342887 989822 598733 184048 199634 502000 993281 416220 ,45293 50209 54929 56020 63205 64156 65503 66458 66587 66782 ,568338 844334 342887 989822 598733 184048 199634 502000 993281 416220 ,45293 50209 54929 56020 63205 64156 65503 66458 66587 66782 
217149 788582 357074 248028 39925 633712 906292 942772 608065 513162 ,42675 50488 55574 58206 61077 62187 64993 65109 68303 73350 ,217149 788582 357074 248028 39925 633712 906292 942772 608065 513162 ,42675 50488 55574 58206 61077 62187 64993 65109 68303 73350 
173276 215263 226975 848656 963661 410914 409584 615658 709343 110947 ,43193 57192 64063 69465 69833 72843 75218 77535 78839 79727 ,173276 215263 226975 848656 963661 409584 615658 709343 110947 603716 ,43193 57192 64063 69465 69833 75218 77535 78839 79727 82399 
932604 864172 219945 15874 919196 144469 861841 628234 503163 825914 ,61010 61794 63528 64138 64494 66522 69704 70511 70868 74803 ,932604 864172 219945 15874 919196 144469 861841 628234 503163 825914 ,61010 61794 63528 64138 64494 66522 69704 70511 70868 74803 
494711 63761 538689 196344 577625 97400 944397 227039 14718 839077 ,111793 114205 118473 118519 118815 123666 124464 124673 125813 127608 ,494711 63761 538689 196344 577625 97400 944397 227039 14718 839077 ,111793 114205 118473 118519 118815 123666 124464 124673 125813 127608 
683049 683045 996487 338345 343355 666223 833496 647032 851430 856864 ,49133 52094 52649 52991 54957 56721 57616 57957 58535 59106 ,683049 683045 996487 338345 343355 666223 833496 647032 851430 856864 ,49133 52094 52649 52991 54957 56721 57616 57957 58535 59106 
842830 842600 915761 225730 399783 852668 159252 895930 199775 225678 ,49194 51406 52613 53356 54032 54075 55045 55795 56831 56914 ,842830 842600 915761 225730 399783 852668 895930 199775 225678 525704 ,49194 51406 52613 53356 54032 54075 55795 56831 56914 56975 
190973 190618 833455 760046 762625 834746 135521 218000 760169 757790 ,17032 17999 20745 21065 21101 22301 22302 22351 23229 24310 ,190973 190618 833455 760046 762625 834746 135521 218000 760169 757790 ,17032 17999 20745 21065 21101 22301 22302 22351 23229 24310 
856952 18193 674693 656514 820048 987424 219488 104217 216246 671284 ,43418 44299 44666 45119 47099 47384 47798 47842 48028 48137 ,18193 674693 656514 820048 987424 219488 104217 216246 671284 562215 ,44299 44666 45119 47099 47384 47798 47842 48028 48137 48296 
543309 702437 543162 885938 52498 707109 43271 327074 886043 955981 ,15368 15604 17289 18351 18992 19015 19615 19665 19878 20114 ,543309 702437 543162 885938 52498 707109 43271 327074 886043 955981 ,15368 15604 17289 18351 18992 19015 19615 19665 19878 20114 
628234 879758 226577 124776 107960 378240 125445 868246 195854 274670 ,58235 60581 61974 62371 65166 66950 67291 67434 67953 67953 ,628234 879758 124776 107960 378240 125445 868246 274670 195854 181545 ,58235 60581 62371 65166 66950 67291 67434 67953 67953 68237 
190705 545747 611267 637432 667275 849213 890314 218074 555165 810889 ,22476 22551 24897 30686 33196 33552 35727 38813 39021 40815 ,190705 545747 611267 637432 667275 849213 890314 218074 555165 810889 ,22476 22551 24897 30686 33196 33552 35727 38813 39021 40815 
423756 189002 336593 591732 392012 840668 496697 957901 519657 548569 ,55923 58279 60615 62511 63512 66955 67527 68223 68674 68830 ,423756 189002 336593 591732 392012 840668 496697 957901 519657 548569 ,55923 58279 60615 62511 63512 66955 67527 68223 68674 68830 
447344 375949 375303 709724 574887 611267 762424 983377 950434 925655 ,57527 65850 67425 73402 77963 80419 83963 91161 91788 95963 ,447344 375949 375303 709724 574887 611267 762424 983377 950434 925655 ,57527 65850 67425 73402 77963 80419 83963 91161 91788 95963 
428305 859438 774916 982957 426835 99379 899401 617327 29905 321995 ,59115 60265 61022 61481 62702 62945 64418 65819 66128 66831 ,428305 859438 774916 982957 426835 99379 899401 617327 29905 321995 ,59115 60265 61022 61481 62702 62945 64418 65819 66128 66831 
663704 818395 819729 818953 819689 673114 349648 568796 817435 465167 ,42039 44971 47053 47192 47819 47878 49186 50679 51849 51933 ,663704 818395 818953 819689 673114 349648 817435 191019 624951 612052 ,42039 44971 47192 47819 47878 49186 51849 52201 52434 52862 
853319 852677 851755 857861 849508 824667 191389 856214 824267 890282 ,5600 13072 26040 36013 43843 46257 46551 46836 46907 47209 ,853319 890282 946977 191485 854249 867701 947023 541483 858914 974677 ,5600 47209 47564 49568 55422 57098 57408 57423 58190 58322 
342584 697657 965952 833543 16040 126849 334731 533762 623547 568742 ,27159 55800 57376 60431 60958 62284 65979 66064 70084 70408 ,342584 697657 965952 833543 16040 126849 334731 533762 623547 568742 ,27159 55800 57376 60431 60958 62284 65979 66064 70084 70408 
857758 846585 997489 885876 852887 846314 444893 949341 773908 226407 ,20696 22913 30133 30487 32012 37539 39904 46741 48558 49838 ,857758 846585 997489 885876 852887 846314 444893 949341 773908 226407 ,20696 22913 30133 30487 32012 37539 39904 46741 48558 49838 
726641 861585 23099 941225 128982 20943 394526 890549 19500 853938 ,51821 61045 65577 69528 69825 70260 70383 70805 71149 71407 ,726641 861585 23099 941225 128982 20943 394526 890549 19500 853938 ,51821 61045 65577 69528 69825 70260 70383 70805 71149 71407 
960379 317043 227476 59248 401649 279670 464926 228762 585708 379731 ,56098 61864 61922 62441 64418 64595 65317 65376 65661 66704 ,960379 317043 227476 59248 401649 279670 464926 228762 585708 379731 ,56098 61864 61922 62441 64418 64595 65317 65376 65661 66704 
855017 986566 217219 857091 947566 931998 852475 995859 911029 572142 ,35284 43276 49918 49941 52702 53142 53227 56120 57685 57981 ,855017 986566 217219 857091 931998 852475 995859 911029 572142 210397 ,35284 43276 49918 49941 53142 53227 56120 57685 57981 58489 
410567 627953 555104 853444 900960 144767 810889 537925 447161 443405 ,9902 11434 13771 15567 18029 18340 19527 19849 19916 21229 ,627953 555104 853444 900960 144767 810889 537925 447161 443405 447554 ,11434 13771 15567 18029 18340 19527 19849 19916 21229 21609 
87264 872877 794317 729661 182872 213088 724457 298067 978476 322972 ,76598 78956 79740 80877 85241 86854 90520 92525 95043 97381 ,87264 872877 794317 729661 182872 213088 724457 298067 978476 322972 ,76598 78956 79740 80877 85241 86854 90520 92525 95043 97381 
430134 326197 600213 381260 5136 377580 363592 456017 262467 19480 ,44753 47756 50948 53192 53497 55788 55932 56360 58759 59632 ,430134 326197 600213 381260 5136 363592 456017 262467 19480 21911 ,44753 47756 50948 53192 53497 55932 56360 58759 59632 60242 
958913 487530 615536 998448 874939 300480 497304 539056 584518 975088 ,57087 62664 70767 71261 72872 72973 73028 73956 74265 75542 ,958913 487530 615536 998448 874939 497304 539056 584518 975088 560482 ,57087 62664 70767 71261 72872 73028 73956 74265 75542 75640 
770021 490273 889630 259567 259079 632458 862519 381567 910696 737848 ,75347 84408 87685 90566 97298 102419 105108 105970 108768 108934 ,770021 490273 889630 259567 259079 632458 862519 381567 910696 737848 ,75347 84408 87685 90566 97298 102419 105108 105970 108768 108934 
837482 542589 851524 775939 837259 275551 933029 930159 493099 887230 ,51333 56942 61016 62563 63061 63394 63776 64600 64776 65503 ,837482 542589 851524 775939 837259 275551 933029 930159 493099 887230 ,51333 56942 61016 62563 63061 63394 63776 64600 64776 65503 
997981 100442 993124 451307 944197 868229 964129 916821 267703 386751 ,81074 85776 90033 90511 92977 93762 94250 94310 94476 95271 ,997981 100442 993124 451307 944197 868229 964129 916821 267703 386751 ,81074 85776 90033 90511 92977 93762 94250 94310 94476 95271 
374090 666683 74348 269707 990320 73669 954777 585832 876824 833971 ,49662 54402 54893 62093 66367 67736 68044 72994 73634 74160 ,374090 666683 74348 269707 990320 73669 954777 585832 876824 833971 ,49662 54402 54893 62093 66367 67736 68044 72994 73634 74160 
208242 791548 58422 688390 995625 791365 613568 885489 842489 883183 ,32307 32401 37622 37882 38723 39477 40520 40721 42920 43333 ,208242 791548 58422 688390 995625 791365 613568 885489 842489 883183 ,32307 32401 37622 37882 38723 39477 40520 40721 42920 43333 
375542 398228 102316 144586 668032 389586 434755 648945 933754 130 ,49413 51450 52674 55196 57152 57422 57862 58839 59193 59627 ,932926 338684 210179 2232 691801 49973 707671 121197 871549 668360 ,64059 65585 66029 68826 68880 69146 70161 72904 73285 74095 
534969 547020 886136 904811 915620 974007 984582 121739 451684 879731 ,57750 58109 62921 64903 66979 70554 74020 74499 74669 76210 ,534969 547020 886136 904811 915620 974007 984582 121739 451684 879731 ,57750 58109 62921 64903 66979 70554 74020 74499 74669 76210 
140597 140919 823412 717110 521931 889472 918785 720066 511023 963431 ,51839 52792 53396 53502 54016 54331 55267 57348 61932 62328 ,140597 140919 521931 889472 918785 720066 511023 963431 450936 830020 ,51839 52792 54016 54331 55267 57348 61932 62328 62656 62657 
667130 991773 40851 604263 856708 343997 961877 232776 349384 673882 ,27681 27727 29302 30038 32468 32780 38174 38897 39354 39435 ,667130 991773 40851 604263 856708 343997 961877 232776 349384 673882 ,27681 27727 29302 30038 32468 32780 38174 38897 39354 39435 
259735 758544 667207 417132 255595 782282 417302 179722 607828 607498 ,39189 48344 50842 53753 54053 55878 56378 59092 59339 60958 ,259735 758544 667207 417132 255595 782282 417302 179722 607828 607498 ,39189 48344 50842 53753 54053 55878 56378 59092 59339 60958 
810110 990033 58956 998002 999915 919398 825567 544361 5799 919273 ,56176 61197 67324 68334 68759 68877 69296 69550 69838 69887 ,810110 990033 58956 998002 999915 919398 825567 544361 5799 919273 ,56176 61197 67324 68334 68759 68877 69296 69550 69838 69887 
417041 457978 119304 470423 246355 682335 506580 819397 691497 386839 ,55969 101364 102996 113042 116339 119447 122727 124001 124376 126111 ,417041 457978 119304 470423 246355 682335 819397 691497 386839 857803 ,55969 101364 102996 113042 116339 119447 124001 124376 126111 128631 
560859 857443 40300 183198 631166 869723 858903 920299 357216 613920 ,41797 49520 51418 51741 54679 54964 55032 55281 55444 56170 ,560859 857443 183198 631166 869723 858903 920299 357216 613920 315658 ,41797 49520 51741 54679 54964 55032 55281 55444 56170 56382 
770861 347863 600261 169969 739317 754667 225638 974024 949541 663657 ,62221 62363 62975 63554 65716 66375 67033 67934 68150 68354 ,770861 347863 600261 169969 739317 754667 225638 974024 949541 663657 ,62221 62363 62975 63554 65716 66375 67033 67934 68150 68354 
762136 398895 406327 658775 608065 762109 486146 987846 417329 103831 ,54420 56856 65233 67098 67745 69071 72177 72602 72768 72863 ,762136 398895 406327 658775 608065 762109 486146 987846 417329 103831 ,54420 56856 65233 67098 67745 69071 72177 72602 72768 72863 
641459 445437 102663 447145 446581 641549 445625 853914 444607 570355 ,14988 17117 18879 19529 21384 21646 22226 24497 24521 25826 ,641459 445437 102663 447145 446581 641549 445625 853914 444607 570355 ,14988 17117 18879 19529 21384 21646 22226 24497 24521 25826 
14153 564238 569524 885989 885516 932456 390535 977223 849075 59511 ,46589 47958 54626 55435 56186 58471 58887 58951 60979 61497 ,14153 564238 569524 885989 932456 390535 977223 849075 59511 758548 ,46589 47958 54626 55435 58471 58887 58951 60979 61497 61578 
162930 583371 812117 188125 501562 594857 298540 115561 291705 286573 ,65386 70020 70245 70650 72022 73352 74890 75589 75949 76454 ,162930 583371 812117 188125 501562 594857 298540 115561 291705 286573 ,65386 70020 70245 70650 72022 73352 74890 75589 75949 76454 
491498 278569 277925 26781 501046 109554 179968 426291 944422 233854 ,89979 95851 97942 98067 98718 99591 100137 100796 101025 101432 ,491498 278569 277925 26781 501046 109554 179968 426291 944422 233854 ,89979 95851 97942 98067 98718 99591 100137 100796 101025 101432 
582605 321199 65269 159122 892995 521619 326886 330431 562295 146982 ,122102 133583 135466 140689 141885 145809 145973 146335 150044 150139 ,582605 321199 65269 159122 892995 521619 326886 330431 562295 146982 ,122102 133583 135466 140689 141885 145809 145973 146335 150044 150139 
225139 954663 123447 175707 983296 309064 173061 810391 553418 168490 ,62351 64765 68385 69685 75954 76633 77678 77991 79009 79062 ,225139 954663 123447 175707 983296 309064 173061 810391 553418 168490 ,62351 64765 68385 69685 75954 76633 77678 77991 79009 79062 
853779 940618 933819 877047 540549 607921 41972 946969 43836 954444 ,10781 30145 30672 31253 35349 35584 36073 36079 36199 36384 ,940618 607921 893087 56401 870501 545091 899309 785106 505001 617938 ,30145 35584 37176 38582 38765 39670 39976 40166 40924 40994 
571245 833804 634585 155033 570681 237339 84124 815063 948644 351321 ,37090 45494 45668 46813 47588 49503 50193 51727 51933 52046 ,571245 833804 634585 155033 570681 237339 84124 815063 948644 351321 ,37090 45494 45668 46813 47588 49503 50193 51727 51933 52046 
692000 898986 211202 452940 176728 876032 857227 670203 934520 668095 ,67526 68992 70203 72015 72626 73687 73931 75037 75088 76037 ,692000 898986 211202 452940 176728 876032 857227 670203 934520 600543 ,67526 68992 70203 72015 72626 73687 73931 75037 75088 76543 
987899 861231 426240 422 391254 534969 10445 932025 984582 931957 ,76729 81780 86395 93287 93361 95261 96942 97331 97343 97514 ,987899 861231 426240 422 391254 534969 10445 932025 984582 931957 ,76729 81780 86395 93287 93361 95261 96942 97331 97343 97514 
853181 539037 854047 919780 706975 971115 405877 104612 541956 670899 ,40112 43413 44226 49284 49386 49903 49994 50039 50259 50346 ,853181 539037 854047 919780 706975 971115 405877 104612 541956 670899 ,40112 43413 44226 49284 49386 49903 49994 50039 50259 50346 
219872 576006 307429 87288 165297 162917 381233 852318 504318 913694 ,59339 64740 72811 74231 75625 76911 77326 77329 77396 78490 ,219872 576006 307429 87288 165297 381233 852318 913694 933560 24793 ,59339 64740 72811 74231 75625 77326 77329 78490 80461 81331 
24424 611039 610589 611637 129199 130209 834270 128389 611995 207961 ,4096 4537 4993 5299 5690 5975 6757 7197 7339 7547 ,834270 128389 207961 667023 9192 556925 207951 889792 446813 556864 ,6757 7197 7547 9706 11839 12376 13455 13594 13748 13786 
527344 204546 848052 392358 580633 895944 729910 428167 81791 979573 ,62447 83160 84964 85060 86871 88862 92213 92868 98261 101443 ,527344 204546 848052 392358 580633 895944 729910 428167 81791 979573 ,62447 83160 84964 85060 86871 88862 92213 92868 98261 101443 
957514 991935 799397 991842 768804 919762 443336 996504 919695 546870 ,56229 56991 57006 57939 58838 59971 60143 60994 61038 61277 ,957514 991935 799397 991842 768804 919762 443336 996504 919695 546870 ,56229 56991 57006 57939 58838 59971 60143 60994 61038 61277 
161382 53471 57487 39813 57967 250156 478622 721943 120940 410791 ,59173 63686 65885 68306 74381 77804 79579 80172 81537 81862 ,161382 53471 57487 39813 57967 250156 478622 721943 120940 410791 ,59173 63686 65885 68306 74381 77804 79579 80172 81537 81862 
853756 229152 141043 200893 787598 759007 202760 267038 524522 201390 ,9519 33971 39979 42584 43721 44198 46494 46494 46672 46821 ,853756 229152 141043 200893 759007 267038 202760 524522 201390 842919 ,9519 33971 39979 42584 44198 46494 46494 46672 46821 47617 
751655 673963 841110 989991 548093 270078 757652 160 993537 180 ,52452 53872 56784 61343 61784 63393 63625 64408 65754 68685 ,751655 841110 989991 548093 270078 160 993537 180 20577 159098 ,52452 56784 61343 61784 63393 64408 65754 68685 68816 68979 
23030 481264 634745 5417 108084 68483 872566 429701 777251 7014 ,44407 46456 46540 52445 54551 55467 55759 57099 57300 57347 ,23030 481264 634745 5417 108084 68483 872566 429701 777251 7014 ,44407 46456 46540 52445 54551 55467 55759 57099 57300 57347 
794118 817637 212482 653372 906398 906336 647790 613192 728413 203560 ,46936 48559 49708 55171 57431 58575 59162 59753 60837 61237 ,794118 817637 212482 653372 906398 906336 647790 613192 728413 203560 ,46936 48559 49708 55171 57431 58575 59162 59753 60837 61237 
82540 89280 284539 573211 653703 251274 804525 468083 111965 786219 ,62631 64685 66210 66317 68316 69374 70094 70759 71143 71584 ,82540 89280 284539 573211 653703 251274 804525 468083 111965 786219 ,62631 64685 66210 66317 68316 69374 70094 70759 71143 71584 
399762 913010 503776 503409 937787 974225 200597 599747 942819 649513 ,59323 65986 68554 71237 72060 81053 81247 82077 82834 83343 ,399762 913010 503776 503409 937787 974225 200597 599747 942819 649513 ,59323 65986 68554 71237 72060 81053 81247 82077 82834 83343 
966202 79340 256352 830427 508790 485024 566130 907057 988688 717200 ,99036 100714 102383 113880 114337 116306 118007 118708 128942 131888 ,966202 79340 256352 830427 508790 566130 907057 988688 717200 366605 ,99036 100714 102383 113880 114337 118007 118708 128942 131888 135791 
351095 282023 81791 694950 511559 780113 627897 560212 502300 555930 ,51420 55061 55804 58062 59022 59696 64265 65664 66249 67082 ,351095 282023 81791 694950 511559 780113 627897 560212 502300 555930 ,51420 55061 55804 58062 59022 59696 64265 65664 66249 67082 
485021 874454 389256 997226 512828 1974 706980 763467 671882 835 ,40909 41163 71253 71915 72485 72739 75055 76436 76568 76782 ,485021 874454 389256 997226 512828 1974 706980 763467 671882 835 ,40909 41163 71253 71915 72485 72739 75055 76436 76568 76782 
597197 521976 599186 288753 851127 410314 332370 169759 514207 525018 ,77383 78050 78788 79440 84210 84626 86327 87043 90295 91084 ,597197 521976 599186 288753 851127 410314 332370 169759 514207 525018 ,77383 78050 78788 79440 84210 84626 86327 87043 90295 91084 
3472 288629 481893 932232 483177 933152 670133 495365 196077 130561 ,48262 54518 54775 58779 59904 61084 61318 61545 62061 62192 ,3472 288629 481893 932232 483177 933152 670133 495365 196077 130561 ,48262 54518 54775 58779 59904 61084 61318 61545 62061 62192 
747408 957385 781410 249064 678724 869865 677879 872999 69992 947257 ,41832 42925 47888 52984 53005 53651 54143 54180 54653 54857 ,747408 957385 781410 249064 678724 869865 677879 872999 69992 947257 ,41832 42925 47888 52984 53005 53651 54143 54180 54653 54857 
563953 62674 144448 88834 502360 662166 246527 924891 603525 288539 ,37839 38115 39781 40173 40771 41334 41785 41836 41865 41913 ,563953 62674 144448 88834 502360 662166 246527 924891 603525 288539 ,37839 38115 39781 40173 40771 41334 41785 41836 41865 41913 
896533 277369 843862 405336 217219 246643 670325 868684 403368 435638 ,47623 49446 53115 54732 55859 57117 57700 58432 59693 62370 ,896533 277369 843862 405336 217219 246643 670325 868684 403368 435638 ,47623 49446 53115 54732 55859 57117 57700 58432 59693 62370 
941771 86025 64850 438022 506907 987685 914189 271306 736018 88686 ,55795 56066 56410 57779 57794 59125 59419 60294 60453 60532 ,64850 438022 506907 987685 914189 271306 736018 88686 280707 635554 ,56410 57779 57794 59125 59419 60294 60453 60532 61043 61157 
676310 680805 206939 457068 628228 970044 945593 92955 231781 329447 ,70787 72763 73707 75127 75321 76475 76555 78069 78287 78314 ,676310 680805 206939 457068 628228 945593 92955 231781 329447 582560 ,70787 72763 73707 75127 75321 76555 78069 78287 78314 79176 
205058 269336 854340 723691 100330 205541 269825 100796 197862 370195 ,46677 46677 57462 58124 58164 59323 60536 61038 61721 62174 ,205058 100330 269825 197862 861054 265023 387471 659108 778958 488305 ,46677 58164 60536 61721 63517 64256 64292 67717 68114 69738 
590441 854367 910700 741784 889980 738107 125070 260646 15125 363433 ,67032 74470 74829 80695 83083 83425 83981 86184 87696 88156 ,854367 910700 741784 889980 738107 125070 260646 15125 363433 28168 ,74470 74829 80695 83083 83425 83981 86184 87696 88156 88885 
461545 98776 483616 322247 82254 585708 689808 305903 516473 525620 ,58520 61588 62263 63845 64762 65267 65274 65565 66311 66870 ,461545 98776 483616 322247 82254 585708 689808 305903 516473 525620 ,58520 61588 62263 63845 64762 65267 65274 65565 66311 66870 
763519 919850 266904 651412 669483 470832 224699 425707 822258 988505 ,59908 62622 66996 69229 69368 70539 70703 71418 71648 71651 ,763519 919850 651412 669483 470832 224699 425707 822258 988505 681806 ,59908 62622 69229 69368 70539 70703 71418 71648 71651 73939 
736066 528323 894974 935780 220225 501087 90775 504882 936527 679862 ,35434 38436 42711 43535 43578 43671 44206 45083 45347 45804 ,736066 528323 894974 935780 220225 501087 90775 504882 936527 679862 ,35434 38436 42711 43535 43578 43671 44206 45083 45347 45804 
92907 194388 839707 140473 91613 87953 246805 923427 323870 151533 ,37990 42811 42885 43193 45119 45825 46938 49227 49300 49308 ,92907 140473 87953 246805 923427 323870 151533 342291 187431 158799 ,37990 43193 45825 46938 49227 49300 49308 49503 50298 50500 
261090 961793 970199 637849 191355 764320 817320 816692 258328 96317 ,33346 33979 36887 39963 41415 41621 42051 42660 42898 43379 ,261090 961793 970199 637849 191355 764320 817320 816692 258328 96317 ,33346 33979 36887 39963 41415 41621 42051 42660 42898 43379 
189336 739954 690415 663671 335731 954542 709124 884082 522987 576493 ,88107 100883 108306 109901 116352 116562 120031 121095 121211 122685 ,189336 739954 690415 663671 335731 954542 709124 884082 522987 576493 ,88107 100883 108306 109901 116352 116562 120031 121095 121211 122685 
29883 659296 843483 341394 354144 47066 420136 989197 266398 416248 ,93817 95568 102688 103251 104760 106199 106274 106719 109008 110095 ,29883 659296 843483 341394 354144 47066 420136 989197 266398 416248 ,93817 95568 102688 103251 104760 106199 106274 106719 109008 110095 
581853 369430 538264 503485 43856 397959 773920 43730 863336 807637 ,38509 38897 39317 40670 41471 41935 42578 42839 43577 43757 ,581853 369430 538264 503485 43856 397959 773920 43730 863336 807637 ,38509 38897 39317 40670 41471 41935 42578 42839 43577 43757 
120604 282304 888779 111480 375592 630280 311439 988204 692537 438418 ,70673 92115 93395 95104 95564 97177 98049 99234 99898 100012 ,282304 888779 111480 375592 630280 311439 988204 692537 438418 810632 ,92115 93395 95104 95564 97177 98049 99234 99898 100012 101481 
132334 540341 100025 224084 713478 629699 277989 201687 284966 395685 ,76025 78232 84227 84540 86370 87142 93577 95622 96753 97419 ,132334 540341 100025 224084 713478 629699 277989 284966 395685 383841 ,76025 78232 84227 84540 86370 87142 93577 96753 97419 97581 
236520 823227 398858 887190 754434 554825 932753 975072 295582 829973 ,47474 49386 54893 56575 57219 59350 60116 60700 61609 62626 ,236520 823227 398858 887190 754434 554825 932753 975072 295582 829973 ,47474 49386 54893 56575 57219 59350 60116 60700 61609 62626 
545950 386959 966916 478713 214355 809486 556125 366706 273944 517423 ,33236 39833 42505 43265 46102 50195 50909 52436 52943 53399 ,545950 386959 966916 478713 809486 556125 366706 273944 517423 264727 ,33236 39833 42505 43265 50195 50909 52436 52943 53399 53405 
803489 537923 661345 912892 909193 155417 679055 268243 317321 943126 ,67082 70422 75842 75951 77086 77672 79756 80475 83639 84222 ,803489 537923 661345 912892 909193 155417 679055 268243 317321 943126 ,67082 70422 75842 75951 77086 77672 79756 80475 83639 84222 
141990 374105 839251 714444 714087 145265 771285 708203 260854 775125 ,43060 45541 46912 47272 50866 51079 51858 52630 52873 52945 ,141990 374105 839251 714444 714087 145265 771285 708203 260854 775125 ,43060 45541 46912 47272 50866 51079 51858 52630 52873 52945 
191023 650755 903896 846686 190533 849194 191084 854217 832993 946961 ,17447 18943 22969 23844 24305 24912 25442 25670 26161 26327 ,191023 650755 903896 846686 190533 849194 191084 854217 832993 946961 ,17447 18943 22969 23844 24305 24912 25442 25670 26161 26327 
538689 728292 895459 411842 500558 153872 45469 88185 38484 77171 ,79468 110012 122235 134585 139607 170577 172487 194945 217476 272452 ,538689 728292 895459 411842 500558 153872 45469 88185 38484 77171 ,79468 110012 122235 134585 139607 170577 172487 194945 217476 272452 
854488 833606 646611 943875 653459 649277 893496 674856 648272 65191 ,36209 48531 54807 57574 58064 58092 58548 58754 62071 67077 ,854488 833606 646611 943875 653459 649277 893496 674856 648272 65191 ,36209 48531 54807 57574 58064 58092 58548 58754 62071 67077 
223669 697964 223901 873669 99955 966447 681872 864180 909117 380584 ,41971 51259 53364 56062 57159 57248 58271 58883 58950 59090 ,223669 697964 223901 873669 99955 966447 681872 864180 909117 380584 ,41971 51259 53364 56062 57159 57248 58271 58883 58950 59090 
852428 938364 441733 443348 190998 633973 545162 940635 919491 855362 ,24393 25354 25411 25698 26033 26626 26744 26928 26963 27035 ,852428 938364 441733 443348 190998 633973 545162 940635 919491 855362 ,24393 25354 25411 25698 26033 26626 26744 26928 26963 27035 
878372 955944 104683 906521 123543 268686 545631 866039 879684 594656 ,35413 37077 38713 39161 41090 41916 42099 42203 42476 43394 ,878372 955944 104683 906521 123543 268686 545631 866039 879684 594656 ,35413 37077 38713 39161 41090 41916 42099 42203 42476 43394 
852220 826285 857758 826451 103754 991951 846644 756243 846585 856664 ,24369 30486 30761 33730 34310 34826 35885 37216 37218 38086 ,852220 826285 857758 826451 103754 991951 846644 756243 846585 856664 ,24369 30486 30761 33730 34310 34826 35885 37216 37218 38086 
608991 787599 952217 256555 838401 846459 229097 284676 224039 648296 ,30971 33824 35872 36056 36198 37541 37792 38305 38512 38853 ,284676 858642 411952 900730 386868 820208 539311 355833 881863 660433 ,38305 41126 42880 44339 46285 46416 47535 47934 48265 48432 
226969 432862 157114 522306 103379 860667 748656 723481 878038 481072 ,50508 53617 57136 59266 60243 62946 63581 64912 65276 65534 ,226969 432862 157114 522306 103379 860667 748656 723481 878038 481072 ,50508 53617 57136 59266 60243 62946 63581 64912 65276 65534 
870274 972680 258045 277072 504568 718449 792251 198049 418979 26740 ,56410 56491 68143 69454 70999 76402 76652 77068 79207 79367 ,870274 258045 277072 504568 718449 792251 198049 418979 26740 705026 ,56410 68143 69454 70999 76402 76652 77068 79207 79367 80165 
839699 778245 884335 762088 778157 674855 891872 994671 674896 443029 ,26273 29242 30915 33596 34298 35595 35698 36594 36772 36996 ,839699 762088 778157 674855 891872 994671 674896 607142 762128 673593 ,26273 33596 34298 35595 35698 36594 36772 37051 37162 37364 
780856 542028 543552 876667 998368 541863 896870 695749 9758 71517 ,33838 39467 42661 45893 46502 46692 47360 47993 48015 48189 ,780856 542028 543552 876667 998368 541863 896870 695749 9758 71517 ,33838 39467 42661 45893 46502 46692 47360 47993 48015 48189 
960906 843097 391332 200671 474031 69242 498714 871515 729289 219353 ,54581 71149 72282 73401 75329 77358 77432 82188 82629 84641 ,960906 843097 391332 200671 474031 69242 498714 871515 729289 219353 ,54581 71149 72282 73401 75329 77358 77432 82188 82629 84641 
431196 704389 988124 1233 271363 529054 775304 242244 313018 364076 ,81795 89271 93122 94511 95525 95879 96352 97427 100047 101308 ,431196 704389 988124 1233 271363 529054 775304 242244 313018 364076 ,81795 89271 93122 94511 95525 95879 96352 97427 100047 101308 
245048 851038 574744 855697 845121 358165 439536 960042 519429 640409 ,65930 108932 109548 110514 111815 115251 118133 122090 125531 127059 ,245048 851038 574744 855697 845121 358165 439536 960042 519429 640409 ,65930 108932 109548 110514 111815 115251 118133 122090 125531 127059 
430515 585447 683874 911030 472963 840579 932431 617927 868730 436093 ,43164 49802 55312 55988 57904 58242 59011 59370 60215 62662 ,430515 585447 683874 911030 472963 840579 932431 617927 868730 436093 ,43164 49802 55312 55988 57904 58242 59011 59370 60215 62662 
901796 849627 918839 330116 236750 122426 894276 25730 825167 79537 ,57145 60197 62436 63734 64326 65437 65439 65844 66406 67400 ,901796 849627 918839 330116 236750 122426 894276 25730 79537 328633 ,57145 60197 62436 63734 64326 65437 65439 65844 67400 67665 
948348 667798 60420 515323 885507 58008 184263 879963 60051 204685 ,26291 27198 34202 34788 35146 35245 35478 35592 35761 35828 ,948348 667798 60420 515323 885507 58008 184263 879963 60051 204685 ,26291 27198 34202 34788 35146 35245 35478 35592 35761 35828 
115721 133139 790655 133235 639757 394720 165155 849218 43486 847801 ,38094 41809 42131 45033 52277 60646 60984 61552 64877 64955 ,115721 133139 394720 165155 849218 43486 43444 203210 148673 841679 ,38094 41809 60646 60984 61552 64877 66339 74991 78459 79673 
824140 970444 995625 857806 842328 994235 993353 191843 857201 997000 ,14416 27606 30770 37281 38454 38957 48534 50227 50942 53581 ,824140 970444 995625 857806 994235 993353 191843 857201 997000 858717 ,14416 27606 30770 37281 38957 48534 50227 50942 53581 53916 
686650 602364 874988 513170 246942 629122 485904 205818 577847 706181 ,58477 59466 64653 65399 65736 66533 67197 68115 68999 69867 ,686650 602364 874988 513170 246942 629122 485904 205818 577847 706181 ,58477 59466 64653 65399 65736 66533 67197 68115 68999 69867 
390295 112536 488947 968674 874371 151107 64706 385828 810419 580832 ,56507 61194 61998 63746 64046 64924 65297 65423 65574 65652 ,390295 112536 488947 968674 874371 151107 64706 810419 580832 204726 ,56507 61194 61998 63746 64046 64924 65297 65574 65652 66975 
341080 563788 267429 753047 372440 805791 518289 841211 742997 763826 ,56566 60744 62481 66611 68093 68272 69288 69932 70027 70248 ,341080 563788 267429 753047 372440 805791 518289 841211 742997 763826 ,56566 60744 62481 66611 68093 68272 69288 69932 70027 70248 
919004 895730 906470 986615 846052 940868 36122 390806 916053 823035 ,53820 54602 58798 60247 61232 61581 62566 63670 64318 65357 ,919004 895730 906470 846052 940868 36122 390806 916053 974177 718009 ,53820 54602 58798 61232 61581 62566 63670 64318 65633 65668 
48043 769118 777681 9779 690476 998340 68851 483329 628637 501087 ,41228 58377 60192 60821 61583 63652 66609 67062 67116 67472 ,48043 769118 777681 9779 690476 998340 68851 483329 628637 501087 ,41228 58377 60192 60821 61583 63652 66609 67062 67116 67472 
876462 876442 777260 198388 277204 737733 876467 629494 565159 628987 ,12830 21761 27968 29831 29831 30199 30402 31199 31804 31957 ,876462 876442 777260 198388 277204 737733 876467 629494 565159 628987 ,12830 21761 27968 29831 29831 30199 30402 31199 31804 31957 
227125 547301 885858 725448 708751 566136 967336 425145 867729 914116 ,27896 31403 32115 32563 34005 34158 34371 34715 36296 36695 ,227125 547301 885858 725448 708751 566136 967336 425145 867729 914116 ,27896 31403 32115 32563 34005 34158 34371 34715 36296 36695 
970369 983996 938422 889896 190642 785106 959962 837940 919449 885909 ,16967 18060 23949 26875 26877 28580 29260 30541 35932 38253 ,970369 983996 938422 889896 190642 785106 959962 837940 919449 885909 ,16967 18060 23949 26875 26877 28580 29260 30541 35932 38253 
869047 646199 273721 194376 978035 645750 681059 108050 226997 390102 ,63638 63811 67122 70419 72874 75492 76712 77307 77354 78012 ,869047 646199 273721 194376 978035 645750 681059 108050 226997 390102 ,63638 63811 67122 70419 72874 75492 76712 77307 77354 78012 
596313 140527 905487 737182 121740 867960 930179 217982 20868 535084 ,23297 24476 30698 31029 32220 32651 32764 32952 33525 33643 ,596313 140527 905487 737182 121740 867960 930179 217982 20868 535084 ,23297 24476 30698 31029 32220 32651 32764 32952 33525 33643 
842348 668415 203987 917438 269142 879954 917937 104162 110166 669923 ,33344 37085 39888 43605 44202 44265 46095 47073 47855 48321 ,842348 668415 203987 917438 269142 879954 917937 104162 110166 669923 ,33344 37085 39888 43605 44202 44265 46095 47073 47855 48321 
862379 268264 980235 41837 874154 882959 205751 209531 391053 253313 ,59094 60162 63951 65614 66196 67810 69546 69973 71411 71722 ,862379 268264 980235 41837 874154 882959 205751 209531 391053 253313 ,59094 60162 63951 65614 66196 67810 69546 69973 71411 71722 
875452 900973 714759 562878 808590 992951 876810 541439 870500 243174 ,62485 62841 64680 65646 66833 68622 68853 69350 69491 69606 ,875452 900973 714759 562878 808590 992951 876810 541439 870500 243174 ,62485 62841 64680 65646 66833 68622 68853 69350 69491 69606 
960784 889096 853636 546631 191113 546485 960708 960648 644421 190897 ,10826 16033 18097 19165 20397 21403 21432 21438 23161 23779 ,546631 960708 644421 908962 630793 912228 807609 538680 915618 42304 ,19165 21432 23161 24874 25260 25354 32094 32202 32333 32581 
976893 877209 877663 565552 861352 133485 162614 224792 199379 618828 ,33524 35617 36929 52156 52410 52755 53571 53628 54175 54503 ,976893 877209 877663 565552 861352 133485 162614 224792 199379 618828 ,33524 35617 36929 52156 52410 52755 53571 53628 54175 54503 
987336 225713 182701 798726 867698 174487 983883 270871 59455 69998 ,103057 103612 116053 117357 120567 120663 122901 123469 124105 130610 ,987336 225713 182701 798726 867698 174487 983883 270871 59455 69998 ,103057 103612 116053 117357 120567 120663 122901 123469 124105 130610 
715568 736067 144607 265106 895490 842511 933780 205179 140920 842597 ,43258 49335 50806 51507 51810 52261 52712 52740 52784 52835 ,715568 736067 144607 265106 895490 842511 933780 205179 140920 842597 ,43258 49335 50806 51507 51810 52261 52712 52740 52784 52835 
917238 916735 470599 107030 542483 217764 217291 964651 950354 943058 ,11846 11893 14835 16444 19841 20114 20293 20359 21395 21908 ,107030 469570 87276 434276 946276 605142 996854 256448 310082 542434 ,16444 23154 23221 23619 24202 25394 25474 25646 25798 25865 
878062 919792 854358 882636 641056 967287 852530 849456 374827 885917 ,17565 18822 19094 19827 19842 21289 21892 21900 22008 22218 ,849456 905236 911396 603936 603887 856457 961345 215537 854111 981505 ,21900 22758 24622 25970 27682 27707 30179 30289 30438 31190 
877096 867353 159025 901432 431612 4306 901972 564520 877467 941803 ,61933 62691 66467 67510 67843 67917 67925 68072 68307 69183 ,877096 867353 159025 901432 431612 4306 564520 877467 941803 620978 ,61933 62691 66467 67510 67843 67917 68072 68307 69183 70194 
770884 793156 534356 968664 922918 639876 885792 917128 885734 488291 ,23287 27372 27397 27634 28115 28937 29553 29559 29629 29885 ,770884 793156 534356 968664 922918 639876 885792 917128 885734 488291 ,23287 27372 27397 27634 28115 28937 29553 29559 29629 29885 
890851 846080 960656 540601 920647 443545 940635 843353 972155 563015 ,68006 70561 70590 74958 77350 80514 85146 86527 87785 87832 ,890851 846080 960656 540601 920647 443545 940635 843353 972155 563015 ,68006 70561 70590 74958 77350 80514 85146 86527 87785 87832 
876826 853558 943172 772797 959813 846063 908553 846179 374102 843715 ,23316 26879 31441 32447 33357 35095 35445 36321 36482 36917 ,876826 853558 943172 772797 959813 846063 908553 846179 374102 843715 ,23316 26879 31441 32447 33357 35095 35445 36321 36482 36917 
705909 786064 584062 580879 309349 12462 574142 175740 775867 758927 ,79702 83410 86756 90414 91787 100108 100356 102219 102485 103193 ,786064 584062 580879 309349 12462 574142 175740 775867 758927 553103 ,83410 86756 90414 91787 100108 100356 102219 102485 103193 103625 
868108 880233 597086 561733 935409 198291 93363 199063 633859 639688 ,78268 79191 83572 83591 85314 87954 88000 88932 91633 91910 ,868108 880233 597086 561733 935409 198291 93363 199063 633859 639688 ,78268 79191 83572 83591 85314 87954 88000 88932 91633 91910 
754705 4579 788832 55521 384900 809541 883961 588197 998708 273364 ,47765 49658 49756 50194 54617 59556 59613 59947 60248 61371 ,754705 4579 55521 384900 809541 883961 588197 998708 273364 90701 ,47765 49658 50194 54617 59556 59613 59947 60248 61371 61475 
883777 919251 920902 707518 152292 89023 599292 842070 514591 895228 ,46013 46444 46512 47589 47827 48367 48704 48967 49498 50080 ,883777 919251 920902 707518 152292 89023 842070 514591 895228 707205 ,46013 46444 46512 47589 47827 48367 48967 49498 50080 50159 
279230 24217 443833 673329 850680 26028 90433 186567 577143 352491 ,58061 58840 64299 71930 76083 76424 80792 80816 80848 80958 ,279230 24217 443833 673329 850680 26028 90433 186567 577143 352491 ,58061 58840 64299 71930 76083 76424 80792 80816 80848 80958 
918368 791560 82730 762642 169564 822348 668955 860770 395845 77103 ,35550 37787 37832 37938 38786 38852 39150 39486 39672 39860 ,918368 791560 82730 762642 169564 822348 668955 860770 395845 77103 ,35550 37787 37832 37938 38786 38852 39150 39486 39672 39860 
837758 890662 799976 444891 877343 996417 765167 666687 244784 102877 ,53591 53852 55038 56346 58369 58476 59842 60469 60785 61380 ,837758 890662 799976 444891 877343 996417 765167 666687 244784 102877 ,53591 53852 55038 56346 58369 58476 59842 60469 60785 61380 
194741 849358 478708 210931 172521 974402 884434 640100 982991 274772 ,37681 44784 48295 49126 49701 50992 51175 51682 51994 52766 ,194741 849358 478708 210931 172521 974402 884434 640100 982991 274772 ,37681 44784 48295 49126 49701 50992 51175 51682 51994 52766 
238143 701753 923445 838738 110014 475626 621497 352239 565867 893636 ,67880 71946 73752 74667 74741 75251 76245 78794 79765 79996 ,238143 701753 923445 838738 110014 475626 621497 352239 565867 893636 ,67880 71946 73752 74667 74741 75251 76245 78794 79765 79996 
204350 182413 86407 913625 84514 726766 385585 737021 495563 45735 ,59273 61529 62266 63684 63987 64049 64572 64623 66167 66301 ,204350 182413 86407 913625 84514 726766 385585 737021 495563 45735 ,59273 61529 62266 63684 63987 64049 64572 64623 66167 66301 
206988 633190 56220 207009 905414 56241 955284 907025 975334 870335 ,29455 29935 30762 31273 31330 31581 31810 32160 32292 32296 ,206988 633190 56220 207009 905414 56241 955284 907025 975334 870335 ,29455 29935 30762 31273 31330 31581 31810 32160 32292 32296 
173858 17433 17055 877778 877092 18113 2647 697744 86920 12862 ,59449 60843 61327 62989 63387 64834 68314 68412 73334 73576 ,173858 17433 17055 877778 877092 18113 697744 86920 12862 2358 ,59449 60843 61327 62989 63387 64834 68412 73334 73576 76338 
693452 697319 7633 696552 478410 476802 476424 478615 480164 478255 ,8102 9071 9187 9226 9264 9348 9385 9470 9851 9951 ,478615 480164 476695 768516 555232 55237 701058 389665 544597 38363 ,9470 9851 10609 10944 11066 11391 11845 12551 12579 12684 
963063 451548 458790 322701 100155 90716 963542 40042 186354 225392 ,92669 95742 99812 100925 105258 105372 105395 105445 106549 107323 ,963063 458790 322701 100155 90716 963542 40042 186354 225392 486197 ,92669 99812 100925 105258 105372 105395 105445 106549 107323 107616 
788440 993779 140760 656395 817437 761151 846247 517878 930362 855987 ,28906 30471 31910 33953 34166 34500 34646 35303 35845 36032 ,566533 380179 756352 391931 713735 838481 715645 653141 278714 653722 ,40645 42465 45184 45392 45601 47337 47631 48162 48167 48229 
828918 762779 251563 825541 825628 635116 232170 655166 996917 604283 ,22171 30268 40378 41290 42965 44703 47255 47985 49977 50879 ,828918 762779 251563 825541 825628 635116 232170 655166 996917 604283 ,22171 30268 40378 41290 42965 44703 47255 47985 49977 50879 
477711 75823 61853 428930 625999 133819 983688 165063 59451 190652 ,79690 82653 83917 92194 94633 99207 99623 100428 101090 101200 ,75823 61853 428930 625999 133819 165063 59451 190652 782812 993104 ,82653 83917 92194 94633 99207 100428 101090 101200 101429 103612 
426844 507337 788491 327514 337071 323756 247769 202240 995845 200486 ,35090 40712 54988 58321 58705 62181 62712 64909 65279 66472 ,426844 507337 788491 327514 337071 323756 247769 202240 995845 200486 ,35090 40712 54988 58321 58705 62181 62712 64909 65279 66472 
594702 887719 207580 538689 867751 627895 253313 970091 544978 848913 ,61432 64133 65018 68783 69213 69595 69870 69936 70348 70949 ,594702 887719 207580 867751 627895 253313 970091 544978 848913 481240 ,61432 64133 65018 69213 69595 69870 69936 70348 70949 71092 
224011 697389 524944 44275 142205 110734 580254 376176 583036 644225 ,49907 50923 55626 57001 57495 59536 59955 61531 61627 62054 ,224011 697389 44275 142205 110734 580254 626957 994713 900149 936855 ,49907 50923 57001 57495 59536 59955 63456 65248 65331 66437 
103688 757250 975847 9990 129501 785624 767151 673388 642786 141249 ,60809 62003 64694 65966 73146 74892 76045 80431 82723 83077 ,103688 757250 975847 9990 129501 785624 767151 673388 642786 141249 ,60809 62003 64694 65966 73146 74892 76045 80431 82723 83077 
211901 392589 747051 368646 306736 524375 761637 597500 990728 236458 ,57885 58589 60312 66383 68277 69345 69896 70034 70286 70603 ,211901 392589 747051 368646 306736 524375 761637 597500 990728 236458 ,57885 58589 60312 66383 68277 69345 69896 70034 70286 70603 
457335 889977 889768 640280 398215 668983 203820 828485 188793 204063 ,54356 56188 56415 57636 59145 59206 60741 60879 61672 61928 ,457335 889977 889768 640280 398215 668983 203820 828485 188793 204063 ,54356 56188 56415 57636 59145 59206 60741 60879 61672 61928 
766510 33353 403873 593477 680749 185972 111742 179823 498907 808571 ,63404 70015 70381 71313 73198 73575 73825 76018 76508 76636 ,766510 33353 403873 593477 680749 185972 111742 498907 808571 843620 ,63404 70015 70381 71313 73198 73575 73825 76508 76636 77914 
145549 285503 146845 854635 707002 448629 781572 654123 527841 225129 ,65394 65803 67361 67880 68515 69426 74809 75686 77834 79978 ,145549 285503 146845 854635 707002 448629 781572 654123 527841 225129 ,65394 65803 67361 67880 68515 69426 74809 75686 77834 79978 
124294 125906 797900 117939 158844 635978 680316 180055 105080 866454 ,75177 76759 79764 80992 82185 83418 83669 84434 84970 85787 ,124294 125906 797900 117939 158844 635978 180055 105080 866454 326017 ,75177 76759 79764 80992 82185 83418 84434 84970 85787 86134 
403320 373504 431431 442482 402951 715716 37076 40268 545758 656086 ,22221 23267 23894 24993 26273 28161 29514 29568 30246 30720 ,403320 373504 431431 442482 402951 715716 37076 40268 545758 656086 ,22221 23267 23894 24993 26273 28161 29514 29568 30246 30720 
574867 669251 249688 223902 702298 377866 355633 812029 917280 247623 ,84850 86559 91186 94417 94802 97979 99665 101013 103052 104381 ,574867 669251 249688 223902 702298 377866 355633 812029 917280 247623 ,84850 86559 91186 94417 94802 97979 99665 101013 103052 104381 
840766 773014 143419 968752 239827 767087 292157 772724 833536 262170 ,32499 34499 40634 40918 41681 42262 42946 43156 43253 43260 ,840766 143419 968752 239827 767087 772724 833536 858638 857643 766779 ,32499 40634 40918 41681 42262 43156 43253 43728 43922 44619 
766850 859266 850032 218454 852014 207007 877343 666776 876959 887086 ,36933 38556 42859 46890 47420 47501 47932 48240 48595 48626 ,859266 850032 218454 207007 877343 666776 876959 887086 997761 558146 ,38556 42859 46890 47501 47932 48240 48595 48626 50298 51160 
496690 100323 291923 77209 389875 291968 107243 724108 174419 58927 ,42827 43153 45308 45515 47535 47709 47915 48086 48221 48363 ,496690 77209 389875 291968 174419 58927 633469 118731 119192 780166 ,42827 45515 47535 47709 48221 48363 48522 50081 50362 51242 
401583 754549 964909 285084 720970 168559 472375 917267 241260 424310 ,38005 41479 41833 42168 43042 44518 44701 44897 44956 45047 ,401583 754549 964909 285084 720970 168559 472375 917267 241260 424310 ,38005 41479 41833 42168 43042 44518 44701 44897 44956 45047 
880975 982672 937642 514953 622003 803866 619366 803217 982591 896696 ,37235 37252 39344 39555 39839 41743 42673 43332 47002 47346 ,982672 937642 514953 622003 803866 619366 803217 982591 896696 192795 ,37252 39344 39555 39839 41743 42673 43332 47002 47346 48295 
862379 867751 870976 154262 566001 830953 538689 702292 255649 363187 ,40830 51035 56818 59226 59953 60219 63969 67257 68787 69963 ,862379 867751 870976 154262 566001 830953 538689 702292 255649 363187 ,40830 51035 56818 59226 59953 60219 63969 67257 68787 69963 
879855 535494 207900 732670 670150 739110 472336 68682 668092 847784 ,40114 40573 41152 42761 44926 46264 48577 49214 51093 51351 ,535494 732670 472336 68682 668092 554755 451332 683017 868519 856885 ,40573 42761 48577 49214 51093 51594 52313 52822 53210 53485 
203987 713830 840297 619414 538689 11827 747996 919758 598222 539253 ,53009 59605 60780 66547 66693 68152 72656 74279 74862 75096 ,203987 713830 840297 619414 538689 11827 747996 919758 598222 539253 ,53009 59605 60780 66547 66693 68152 72656 74279 74862 75096 
880078 879922 349884 833796 961965 899204 899457 70423 933255 932322 ,3335 47341 51779 51859 52556 53355 54476 54692 54776 54861 ,880078 879922 349884 833796 961965 899204 899457 70423 933255 932322 ,3335 47341 51779 51859 52556 53355 54476 54692 54776 54861 
211516 436295 226060 227817 831311 883261 480316 272988 919621 889497 ,54017 56418 66467 69815 70223 71951 73847 73979 74428 74668 ,211516 436295 226060 227817 831311 883261 480316 272988 919621 889497 ,54017 56418 66467 69815 70223 71951 73847 73979 74428 74668 
540504 123386 122247 542386 524335 541924 857481 857750 896361 867680 ,21589 24789 28134 29932 30191 30323 30458 30550 30565 31489 ,540504 123386 122247 542386 524335 541924 857481 857750 896361 867680 ,21589 24789 28134 29932 30191 30323 30458 30550 30565 31489 
13570 4450 844543 187507 160135 436725 380834 747855 200947 113911 ,53082 53466 57729 64547 66110 66775 68310 69398 70294 70699 ,13570 844543 187507 160135 436725 380834 747855 200947 113911 235666 ,53082 57729 64547 66110 66775 68310 69398 70294 70699 70733 
825481 406100 979419 474339 535418 233297 295852 23909 282361 812069 ,50058 51304 51388 59875 62863 63787 64050 65597 67426 67563 ,825481 406100 979419 474339 535418 233297 295852 23909 282361 812069 ,50058 51304 51388 59875 62863 63787 64050 65597 67426 67563 
264150 264457 43872 519533 426664 840307 484408 68983 903037 886189 ,37903 44521 64112 66264 69687 70065 70963 72180 72510 73106 ,264150 264457 43872 519533 426664 840307 484408 68983 903037 426947 ,37903 44521 64112 66264 69687 70065 70963 72180 72510 75155 
293281 421320 553816 860833 47165 240246 184476 585279 877315 46658 ,37212 41771 44533 44640 45663 46242 46949 47043 47221 47506 ,293281 421320 553816 860833 47165 240246 184476 585279 877315 46658 ,37212 41771 44533 44640 45663 46242 46949 47043 47221 47506 
880662 335528 210616 60603 854676 546600 929749 57051 970367 885967 ,16538 48904 48946 52813 53518 53703 56001 57686 59270 60550 ,880662 335528 210616 60603 854676 546600 929749 57051 970367 885967 ,16538 48904 48946 52813 53518 53703 56001 57686 59270 60550 
40715 940984 828188 880192 516378 971342 258884 789960 767699 666130 ,43678 50322 51483 59764 63591 63761 64376 68013 68353 69038 ,40715 940984 828188 880192 516378 971342 258884 789960 767699 666130 ,43678 50322 51483 59764 63591 63761 64376 68013 68353 69038 
83321 843963 116618 975399 974047 958135 113149 173285 882568 15874 ,81876 82182 83076 87699 88904 91012 91017 91021 91441 91572 ,83321 843963 116618 975399 974047 958135 113149 173285 882568 15874 ,81876 82182 83076 87699 88904 91012 91017 91021 91441 91572 
642396 350103 307286 254247 603907 280215 535827 641014 236975 706662 ,27544 29197 30491 30661 32037 32349 32373 32417 32456 33468 ,254247 437306 113192 665871 965629 535453 342367 830609 667961 574042 ,30661 35809 35919 36374 36397 36597 38263 38294 38612 39552 
558043 919101 667505 473062 535561 150247 231319 712752 634396 827781 ,42873 45432 48714 53282 53434 56705 59221 59596 59617 62498 ,558043 919101 667505 473062 150247 231319 712752 634396 906619 414569 ,42873 45432 48714 53282 56705 59221 59596 59617 62871 64137 
417537 929392 421071 667257 985708 657379 164457 37814 445788 476879 ,35271 37822 39035 43368 44356 48909 49395 49771 50064 52611 ,417537 929392 421071 667257 985708 657379 164457 37814 445788 476879 ,35271 37822 39035 43368 44356 48909 49395 49771 50064 52611 
956345 116618 680380 624044 69469 454043 69079 70638 70685 870921 ,63842 76919 79190 79796 80484 80784 80858 81186 81320 81593 ,956345 116618 680380 624044 69469 454043 69079 70685 870921 257531 ,63842 76919 79190 79796 80484 80784 80858 81320 81593 82137 
880852 885543 955782 879861 418507 779495 550366 584387 956074 41693 ,45323 59486 62266 62893 66346 66818 67449 67859 71325 73549 ,880852 885543 955782 879861 418507 779495 550366 584387 956074 41693 ,45323 59486 62266 62893 66346 66818 67449 67859 71325 73549 
775287 905131 780386 720800 443654 791113 293725 214848 428229 123845 ,33657 42203 44926 44993 46882 48257 49063 50133 51770 51975 ,775287 905131 780386 720800 443654 791113 293725 214848 428229 123845 ,33657 42203 44926 44993 46882 48257 49063 50133 51770 51975 
419363 463874 200016 341885 592855 454048 943182 474343 306917 278142 ,33592 40949 57922 59230 60605 60633 61169 61908 62944 63045 ,419363 463874 200016 341885 592855 454048 943182 474343 306917 278142 ,33592 40949 57922 59230 60605 60633 61169 61908 62944 63045 
534358 230161 979581 360426 734978 792945 359888 692000 886272 6282 ,74491 76457 79350 80238 82596 82956 83739 83873 85714 89433 ,534358 230161 979581 360426 734978 792945 359888 692000 886272 6282 ,74491 76457 79350 80238 82596 82956 83739 83873 85714 89433 
403318 893015 398668 728793 398688 474100 211858 786645 423772 912313 ,28451 28624 29491 30583 32351 34095 35632 35880 36016 36089 ,403318 893015 398668 728793 398688 474100 211858 786645 423772 912313 ,28451 28624 29491 30583 32351 34095 35632 35880 36016 36089 
211713 978797 219291 41539 839309 978987 864975 773514 890343 637395 ,21021 22933 27833 28335 29872 30668 30978 31656 31672 32455 ,219291 41539 839309 978987 864975 773514 890343 637395 890597 571723 ,27833 28335 29872 30668 30978 31656 31672 32455 32765 32977 
682783 616979 45283 944979 227350 361082 216557 642486 891095 891526 ,49393 52551 56340 56364 59939 61317 62825 62875 63626 64482 ,682783 616979 45283 944979 227350 361082 216557 642486 891095 891526 ,49393 52551 56340 56364 59939 61317 62825 62875 63626 64482 
694701 855093 704992 717503 648378 572904 533182 716556 567191 623062 ,62466 63514 63708 64045 64307 64810 64906 65166 65440 66861 ,694701 855093 704992 717503 648378 716556 567191 623062 965996 950109 ,62466 63514 63708 64045 64307 65166 65440 66861 67025 68705 
260396 922846 859302 373713 662500 775097 641918 856615 762974 204105 ,49369 52307 53329 55857 56702 56950 59675 61779 63600 63742 ,260396 922846 859302 373713 662500 775097 641918 856615 762974 204105 ,49369 52307 53329 55857 56702 56950 59675 61779 63600 63742 
922595 922975 571445 26896 66028 663365 466692 945390 92356 359249 ,55790 56448 58834 59409 62793 68253 72273 72462 73954 75451 ,922595 922975 571445 26896 66028 663365 466692 945390 92356 359249 ,55790 56448 58834 59409 62793 68253 72273 72462 73954 75451 
256924 801056 876928 862409 896310 546519 715529 268654 594819 380283 ,47545 47893 50377 51410 52280 52951 54782 56007 57673 57996 ,256924 801056 876928 862409 896310 546519 268654 594819 380283 572682 ,47545 47893 50377 51410 52280 52951 56007 57673 57996 58199 
21734 281472 937310 501266 945227 181213 945656 818793 95829 510387 ,68748 70201 74003 74862 75108 75243 75989 77702 77725 78092 ,21734 937310 501266 945227 181213 945656 818793 95829 510387 133420 ,68748 74003 74862 75108 75243 75989 77702 77725 78092 79711 
882658 807928 418648 818792 487053 280695 369338 752855 116194 260728 ,35763 56418 63227 66029 66898 67067 67296 67687 67831 69971 ,882658 807928 418648 818792 487053 280695 752855 116194 188943 951825 ,35763 56418 63227 66029 66898 67067 67687 67831 70679 71887 
719587 761700 811903 540243 618092 488024 222431 210908 510576 704461 ,64639 69484 69719 72114 72775 74112 81118 84984 86811 88124 ,719587 761700 811903 540243 618092 488024 222431 210908 510576 704461 ,64639 69484 69719 72114 72775 74112 81118 84984 86811 88124 
997085 882730 873082 211021 480979 214396 809673 210148 851902 330154 ,41896 44952 46418 46790 52047 53173 53600 53927 57272 57664 ,997085 882730 873082 211021 480979 214396 809673 210148 851902 822798 ,41896 44952 46418 46790 52047 53173 53600 53927 57272 57926 
226031 629346 917832 882805 594351 174786 399098 957602 975976 646062 ,60917 62116 65408 66012 66843 67000 67336 67864 68218 68227 ,646062 396209 176307 943483 752770 399133 919017 646771 876201 170762 ,68227 68336 70980 71802 72198 73216 75407 76164 77351 77756 
514097 604671 751245 988386 538875 502805 938642 834312 872143 488612 ,67932 71554 73617 74090 75529 76106 76653 77518 78434 78663 ,514097 604671 751245 988386 538875 502805 938642 834312 872143 488612 ,67932 71554 73617 74090 75529 76106 76653 77518 78434 78663 
881784 204739 103186 57359 427322 44631 472012 897033 850313 559019 ,17637 24133 29445 33352 34175 36599 37408 40326 40472 41220 ,204739 103186 57359 427322 44631 472012 897033 850313 559019 639901 ,24133 29445 33352 34175 36599 37408 40326 40472 41220 42076 
902821 80834 185412 991160 711335 578060 12687 871398 702540 255642 ,93563 94876 95422 96274 98548 98984 100122 100307 101703 101990 ,902821 80834 185412 991160 711335 578060 12687 871398 702540 255642 ,93563 94876 95422 96274 98548 98984 100122 100307 101703 101990 
872729 355753 297825 309878 368917 295185 838954 41541 715370 280518 ,40730 43878 47365 52188 52854 52916 54226 55180 55581 55683 ,872729 355753 297825 309878 368917 295185 838954 41541 715370 280518 ,40730 43878 47365 52188 52854 52916 54226 55180 55581 55683 
585161 755698 869230 755953 20216 726009 645408 80579 820654 82601 ,55116 57666 61494 61863 62896 63029 63531 64131 64156 65640 ,585161 755698 869230 755953 20216 726009 645408 80579 820654 82601 ,55116 57666 61494 61863 62896 63029 63531 64131 64156 65640 
887462 34573 98975 914504 423184 459978 702845 911703 979464 918475 ,54923 56093 56925 59197 59697 60149 60537 61750 64047 64566 ,887462 914504 702845 979464 91598 454430 836225 367815 909651 677506 ,54923 59197 60537 64047 64936 66000 66457 66959 67985 68037 
708397 268978 811847 78855 739954 876838 526261 698359 705818 452733 ,101422 102753 105306 105346 105418 108976 109240 109537 109786 110085 ,708397 268978 811847 78855 739954 876838 526261 698359 705818 452733 ,101422 102753 105306 105346 105418 108976 109240 109537 109786 110085 
695994 311899 203575 851642 409971 390122 68233 463193 349224 679378 ,82117 93233 94004 96564 98354 98558 98636 100818 102458 104355 ,695994 311899 203575 851642 390122 68233 463193 349224 679378 130988 ,82117 93233 94004 96564 98558 98636 100818 102458 104355 105529 
699828 825798 948898 307552 415581 734116 258453 109550 5103 497135 ,49765 50704 50995 51901 54176 54293 54524 54964 55219 55442 ,699828 825798 948898 307552 415581 734116 258453 109550 5103 476655 ,49765 50704 50995 51901 54176 54293 54524 54964 55219 55912 
760800 24514 461862 252911 917007 917740 445575 777929 455102 251463 ,44386 50353 50706 52762 54685 56604 58776 59315 59321 59925 ,760800 24514 461862 252911 917007 917740 445575 777929 251463 345621 ,44386 50353 50706 52762 54685 56604 58776 59315 59925 60396 
649051 844792 439948 212556 79392 595035 981414 74223 282559 915223 ,103299 123577 125064 125216 125574 129177 129523 131403 135843 138037 ,649051 844792 439948 212556 79392 595035 981414 74223 282559 915223 ,103299 123577 125064 125216 125574 129177 129523 131403 135843 138037 
610558 65669 835860 994294 421091 271258 320877 891488 490840 860667 ,65461 91847 102727 103191 108846 109916 109945 111363 112060 113334 ,610558 65669 835860 994294 421091 271258 320877 891488 490840 860667 ,65461 91847 102727 103191 108846 109916 109945 111363 112060 113334 
924737 345887 5440 160467 434798 65219 293523 617706 796196 487621 ,59353 66688 69651 69795 71788 75014 77185 77465 78613 79284 ,924737 345887 5440 160467 434798 65219 293523 617706 796196 487621 ,59353 66688 69651 69795 71788 75014 77185 77465 78613 79284 
523506 798133 874028 356699 352744 83487 65928 560435 265568 561358 ,59306 70726 71574 72646 75833 75965 76934 77269 77338 77527 ,523506 798133 874028 356699 352744 83487 65928 560435 265568 561358 ,59306 70726 71574 72646 75833 75965 76934 77269 77338 77527 
683017 842293 741558 56983 961020 842957 862083 739122 560942 544152 ,35079 35886 37373 39584 41563 42783 42885 44163 44418 44644 ,683017 842293 741558 56983 961020 842957 862083 739122 560942 544152 ,35079 35886 37373 39584 41563 42783 42885 44163 44418 44644 
792246 979560 799655 873274 772555 642903 981506 980569 757843 595574 ,37995 38928 40027 40214 40226 40376 41084 41836 41966 42564 ,792246 979560 799655 873274 772555 642903 981506 980569 757843 595574 ,37995 38928 40027 40214 40226 40376 41084 41836 41966 42564 
960266 150405 393386 670092 868418 646414 416132 957413 15962 969115 ,77737 83139 92255 96507 98560 99300 104408 104740 105901 106053 ,960266 150405 393386 670092 868418 646414 416132 957413 15962 969115 ,77737 83139 92255 96507 98560 99300 104408 104740 105901 106053 
105156 535314 696848 83901 99819 720199 949952 310442 809730 524310 ,85284 95469 97859 102090 109744 112356 112586 116042 117160 124193 ,105156 535314 696848 83901 99819 720199 949952 310442 809730 524310 ,85284 95469 97859 102090 109744 112356 112586 116042 117160 124193 
153969 619359 507563 509179 520110 435441 717849 222055 11107 868134 ,70628 73432 75592 75968 76665 78059 78100 78409 79451 79619 ,543022 135045 723901 835554 577267 461625 492316 463863 595558 362898 ,79791 80866 81652 82006 82031 82098 83498 83638 84934 85910 
680246 867740 270873 406015 223529 853627 995343 205261 911709 878372 ,28552 30746 32122 32535 32753 35315 35806 36153 36560 37257 ,680246 867740 270873 406015 223529 853627 995343 205261 911709 878372 ,28552 30746 32122 32535 32753 35315 35806 36153 36560 37257 
825680 903677 744881 903866 766921 512641 617979 667807 246244 624387 ,53603 57535 61063 67086 67099 67929 67983 68315 69740 70462 ,825680 903677 744881 903866 766921 512641 617979 667807 246244 624387 ,53603 57535 61063 67086 67099 67929 67983 68315 69740 70462 
915584 205147 906215 855443 920143 947316 846227 915387 3530 407703 ,35700 43390 49338 49504 50104 50428 50495 51065 52324 53929 ,915584 205147 906215 855443 920143 947316 846227 915387 3530 407703 ,35700 43390 49338 49504 50104 50428 50495 51065 52324 53929 
202637 266915 716372 154235 919122 207140 412185 226909 560532 51366 ,35349 35349 38625 39957 41811 43967 44845 46002 46797 46839 ,266915 202637 716372 154235 919122 207140 412185 226909 560532 51366 ,35349 35349 38625 39957 41811 43967 44845 46002 46797 46839 
228429 63873 131298 870689 734360 323943 283055 795523 89907 636138 ,75688 84623 85479 88061 88679 89690 92162 93301 94505 94556 ,228429 63873 131298 870689 734360 323943 283055 795523 89907 636138 ,75688 84623 85479 88061 88679 89690 92162 93301 94505 94556 
974073 39260 193479 49875 84697 124301 420277 667508 554218 558723 ,20818 23316 23663 24294 24334 24759 24807 25314 25334 26228 ,974073 39260 193479 49875 84697 124301 420277 667508 554218 558723 ,20818 23316 23663 24294 24334 24759 24807 25314 25334 26228 
730948 224167 886739 61534 223895 515395 732361 158705 916474 666523 ,44490 51561 52058 52432 52641 55643 56337 57043 57110 57944 ,730948 224167 886739 61534 515395 732361 158705 916474 666523 979066 ,44490 51561 52058 52432 55643 56337 57043 57110 57944 58076 
551147 398493 270874 107669 884907 259649 50123 875140 191785 970071 ,54892 55969 60887 63016 64109 64895 65266 65316 67979 68306 ,398493 270874 259649 875140 504459 867648 860268 16643 584320 855791 ,55969 60887 64895 65316 70085 72044 72368 72552 72829 72901 
802437 622282 425629 614026 997901 159177 815219 93303 563928 728805 ,80302 81157 83674 86760 86846 87133 88259 90542 92672 92936 ,622282 614026 997901 159177 815219 93303 563928 728805 69234 395905 ,81157 86760 86846 87133 88259 90542 92672 92936 93102 93985 
587547 210616 957413 844162 854794 752330 960656 226362 888133 870150 ,54423 54953 62363 63632 71664 72816 73239 73949 74655 75739 ,587547 210616 957413 844162 854794 752330 960656 226362 888133 870150 ,54423 54953 62363 63632 71664 72816 73239 73949 74655 75739 
957508 36339 930037 469920 843275 931612 69085 782698 220889 71672 ,44614 47073 50006 52902 54484 54659 54825 58921 58935 59161 ,957508 36339 930037 469920 843275 931612 69085 782698 220889 71672 ,44614 47073 50006 52902 54484 54659 54825 58921 58935 59161 
12448 842291 101338 15138 481810 946992 491174 977758 842408 61343 ,30590 35578 37329 39483 39571 41961 42430 42584 43056 43865 ,12448 842291 101338 15138 481810 946992 491174 977758 842408 61343 ,30590 35578 37329 39483 39571 41961 42430 42584 43056 43865 
911613 339939 668221 833224 568972 507308 614133 837032 43694 208029 ,41794 47555 49567 54146 54770 54875 56198 56304 56307 56883 ,911613 339939 668221 833224 568972 507308 614133 837032 43694 208029 ,41794 47555 49567 54146 54770 54875 56198 56304 56307 56883 
54901 982590 86180 353731 56884 525081 678347 105046 293134 210926 ,47614 52366 53231 58495 63440 64132 66480 66774 67415 67516 ,54901 982590 86180 353731 56884 525081 678347 105046 293134 210926 ,47614 52366 53231 58495 63440 64132 66480 66774 67415 67516 
854019 846110 867729 191298 855258 996960 846288 863258 967336 833041 ,15188 17262 18118 18159 18438 18867 18878 19301 19871 20113 ,854019 846110 867729 191298 855258 996960 846288 863258 967336 833041 ,15188 17262 18118 18159 18438 18867 18878 19301 19871 20113 
443514 855336 962508 443340 443809 679317 912146 911527 546498 190998 ,17288 19226 19912 20278 22018 22064 22303 22352 22534 22700 ,443340 842512 207096 191065 986960 46123 780494 678789 430923 546486 ,20278 28520 29142 30802 31465 32711 33271 34003 34077 34773 
773943 251662 610870 505231 868510 334949 345641 456664 220636 442391 ,73763 75037 75624 76471 84551 86023 86907 87108 90607 91026 ,773943 251662 610870 505231 868510 334949 345641 456664 220636 442391 ,73763 75037 75624 76471 84551 86023 86907 87108 90607 91026 
101444 141819 706784 399237 403757 280639 329888 345972 619456 978926 ,58140 75666 78447 81392 87387 88034 88423 88712 89789 91050 ,101444 141819 706784 399237 403757 329888 345972 619456 978926 282918 ,58140 75666 78447 81392 87387 88423 88712 89789 91050 92197 
938181 958487 915261 802531 813183 607444 277970 97572 608465 769710 ,76792 77261 77290 78657 79332 79632 80957 81517 81854 83191 ,938181 958487 915261 802531 813183 607444 277970 97572 608465 935888 ,76792 77261 77290 78657 79332 79632 80957 81517 81854 83450 
620816 9629 981542 210616 444256 224749 888133 983296 744464 981809 ,64240 72911 73270 82145 82151 88071 88661 90628 91655 93194 ,620816 9629 981542 210616 444256 224749 888133 983296 744464 981809 ,64240 72911 73270 82145 82151 88071 88661 90628 91655 93194 
468947 533007 853305 309644 732868 618575 789701 343576 977455 892740 ,72641 77298 80202 80234 83658 85434 87029 88642 90324 91975 ,468947 533007 853305 309644 732868 618575 789701 343576 977455 892740 ,72641 77298 80202 80234 83658 85434 87029 88642 90324 91975 
640498 475285 410413 902537 673022 901655 475296 991175 501001 761351 ,19804 41869 43165 44513 45404 49268 54904 56238 56312 59214 ,640498 475285 410413 902537 673022 901655 475296 991175 501001 761351 ,19804 41869 43165 44513 45404 49268 54904 56238 56312 59214 
270622 296443 646092 440174 90586 397746 939796 897337 523838 528140 ,73243 77386 77889 79642 86785 87066 87992 90237 90632 93838 ,270622 296443 646092 440174 90586 397746 939796 523838 528140 397662 ,73243 77386 77889 79642 86785 87066 87992 90632 93838 93916 
388021 261816 893608 978140 216910 763990 499060 386218 696114 567329 ,69510 73416 75539 75816 79218 79388 80817 81871 82447 84655 ,388021 261816 893608 978140 216910 763990 499060 386218 696114 567329 ,69510 73416 75539 75816 79218 79388 80817 81871 82447 84655 
661443 500760 99041 889448 867590 666579 94352 337756 463458 343692 ,37824 43190 43533 44811 46458 46907 47820 50413 50789 51001 ,661443 500760 99041 867590 666579 94352 337756 463458 343692 443698 ,37824 43190 43533 46458 46907 47820 50413 50789 51001 51459 
57156 942606 414578 482481 906743 53901 462477 106744 46023 455369 ,27815 32721 41311 43350 46787 48851 49315 52639 53082 53671 ,57156 942606 414578 482481 906743 53901 106744 46023 455369 262442 ,27815 32721 41311 43350 46787 48851 52639 53082 53671 53801 
951980 396896 210616 981809 191358 224749 828498 392147 541652 444256 ,50895 52546 62955 64014 64699 68381 69555 73392 77371 81639 ,951980 396896 210616 981809 191358 224749 828498 392147 541652 444256 ,50895 52546 62955 64014 64699 68381 69555 73392 77371 81639 
720798 256480 265716 15915 14956 703930 301363 143033 71290 597280 ,60813 69787 69853 72695 73115 75097 75661 76141 77914 78588 ,720798 256480 265716 15915 14956 703930 301363 143033 71290 196486 ,60813 69787 69853 72695 73115 75097 75661 76141 77914 79361 
840177 784833 530259 3011 451800 920599 854895 83901 40547 194057 ,48817 49874 50946 55091 55839 59917 62575 62948 63442 64552 ,840177 784833 530259 3011 451800 920599 854895 83901 40547 194057 ,48817 49874 50946 55091 55839 59917 62575 62948 63442 64552 
126730 107479 118806 102594 109527 507958 309214 435776 220657 869849 ,46588 51459 54900 55085 58382 60599 61260 61555 61877 62180 ,126730 107479 118806 102594 109527 507958 309214 435776 220657 869849 ,46588 51459 54900 55085 58382 60599 61260 61555 61877 62180 
126767 598303 61513 383161 267720 596103 126340 528748 126980 338151 ,86438 104270 120042 120483 121244 124120 129759 130101 131186 133020 ,126767 598303 61513 383161 267720 596103 126340 528748 126980 338151 ,86438 104270 120042 120483 121244 124120 129759 130101 131186 133020 
905791 889095 832993 915676 861996 191023 905058 430606 885694 960653 ,30237 31392 32639 34309 35296 35513 36138 37129 37286 38696 ,905791 889095 832993 915676 861996 191023 905058 430606 885694 960653 ,30237 31392 32639 34309 35296 35513 36138 37129 37286 38696 
774105 773034 886525 754039 881069 410465 996654 39220 411280 769877 ,16336 16586 16613 17392 18321 18953 19513 19517 19635 19870 ,774105 773034 886525 754039 881069 410465 996654 39220 411280 769877 ,16336 16586 16613 17392 18321 18953 19513 19517 19635 19870 
993849 929322 834774 892274 411281 952510 38948 539921 36180 650885 ,13754 20014 21297 22949 24534 24711 26555 27334 27618 28596 ,993849 929322 834774 892274 411281 952510 38948 539921 36180 650885 ,13754 20014 21297 22949 24534 24711 26555 27334 27618 28596 
79744 889958 663618 365850 673233 652955 350427 638116 79603 337766 ,28684 32232 33833 34044 34383 36422 37074 37860 38656 38859 ,79744 889958 663618 365850 673233 652955 350427 638116 79603 337766 ,28684 32232 33833 34044 34383 36422 37074 37860 38656 38859 
803897 362298 52308 547558 678670 362073 382633 287549 434848 77375 ,51550 56245 57458 57500 60005 60542 66454 67240 67858 68428 ,803897 362298 52308 547558 678670 362073 382633 287549 434848 77375 ,51550 56245 57458 57500 60005 60542 66454 67240 67858 68428 
444193 652405 446756 307101 41741 649264 782969 235054 788119 955832 ,32717 50257 63346 64515 71753 76700 85683 89621 91743 94093 ,444193 652405 446756 307101 41741 649264 782969 235054 788119 955832 ,32717 50257 63346 64515 71753 76700 85683 89621 91743 94093 
6640 926793 500788 584062 460199 6788 42184 714629 586714 536164 ,84242 84656 85063 85803 86788 86917 87782 88430 89327 89710 ,6640 926793 500788 584062 460199 6788 714629 586714 536164 95600 ,84242 84656 85063 85803 86788 86917 88430 89327 89710 91860 
292862 337249 293906 280751 735799 500299 500564 889978 278701 609042 ,25826 28612 31288 32013 32341 33414 34144 34157 34984 35250 ,292862 337249 293906 280751 735799 500299 500564 889978 278701 609042 ,25826 28612 31288 32013 32341 33414 34144 34157 34984 35250 
879925 154224 224057 605464 988386 987344 865969 192722 271538 223869 ,49981 50810 50881 50893 51043 51579 51618 54122 54122 55799 ,988386 271538 223869 586295 11367 266461 862352 798497 158159 10311 ,51043 54122 55799 57417 57579 58000 58044 58854 58866 58965 
132859 655021 646885 655710 604353 757570 654881 820766 713982 449929 ,31752 45953 46640 46761 48750 49080 49819 49897 49918 50046 ,604353 757570 743254 854782 671590 793666 760364 872213 211828 913272 ,48750 49080 51545 51727 53254 53444 54830 57286 58205 58654 
10290 540533 757775 382799 340083 398813 553283 741674 566162 551295 ,52359 57763 65963 69223 89723 111918 133458 147469 156984 172546 ,10290 540533 757775 382799 340083 398813 553283 741674 566162 551295 ,52359 57763 65963 69223 89723 111918 133458 147469 156984 172546 
38096 39064 541636 410943 861712 984293 540231 769889 905647 410272 ,9819 9977 11888 12101 12586 12598 13697 14712 14712 15434 ,541636 410943 984293 540231 769889 905647 410272 409011 880763 386813 ,11888 12101 12598 13697 14712 14712 15434 16452 17685 17752 
603876 469973 509314 84811 875421 612574 596943 38916 39091 533625 ,30165 35678 36765 48489 48810 53196 53200 55988 56201 56426 ,603876 469973 509314 875421 612574 596943 38916 39091 533625 716445 ,30165 35678 36765 48810 53196 53200 55988 56201 56426 57041 
597988 748806 792807 16718 453337 340559 190342 585193 816101 324358 ,73275 74196 75311 76693 77940 78693 79830 82847 84728 85009 ,597988 748806 792807 16718 453337 340559 190342 585193 816101 324358 ,73275 74196 75311 76693 77940 78693 79830 82847 84728 85009 
989082 926793 151296 953218 527890 965638 722372 821031 821065 541033 ,49172 53524 56151 59896 60746 64504 65210 66200 68134 68700 ,989082 926793 151296 953218 527890 965638 722372 821031 821065 541033 ,49172 53524 56151 59896 60746 64504 65210 66200 68134 68700 
39233 340479 910288 346716 318600 404275 544446 267819 545563 974744 ,52902 60277 71401 73722 82212 97880 99130 102750 104127 105164 ,39233 340479 910288 346716 318600 404275 544446 267819 545563 974744 ,52902 60277 71401 73722 82212 97880 99130 102750 104127 105164 
913419 736924 839510 207623 677844 792073 952918 422022 755968 667380 ,28810 28898 30452 30676 30826 31188 31255 31331 31352 31944 ,736924 792073 855728 667377 674682 216497 601746 216479 607728 655247 ,28898 31188 33164 33967 35859 40357 40894 41745 42674 42727 
220664 830269 881103 913328 749959 479050 679073 869531 15632 531690 ,118657 121471 121641 127779 128360 129334 133519 134639 140159 140887 ,220664 830269 881103 913328 749959 479050 679073 869531 15632 531690 ,118657 121471 121641 127779 128360 129334 133519 134639 140159 140887 
888292 938907 663091 221974 440346 514820 862992 132269 453836 683010 ,53043 58482 60209 62297 66530 68229 68913 70115 70727 71013 ,888292 938907 663091 221974 440346 514820 132269 453836 683010 871721 ,53043 58482 60209 62297 66530 68229 70115 70727 71013 71875 
765178 828629 674794 881924 830141 647896 765680 849905 26786 191097 ,27367 31058 31112 31406 32094 32341 33003 33387 33859 34463 ,765178 828629 674794 881924 830141 647896 765680 26786 191097 446171 ,27367 31058 31112 31406 32094 32341 33003 33859 34463 34733 
305419 616088 851850 615757 806875 549501 191966 135704 340848 696034 ,51212 54004 55454 55700 56095 56270 57244 58628 58855 59977 ,305419 851850 806875 549501 340848 696141 13230 140748 777806 221357 ,51212 55454 56095 56270 58855 60327 61310 63189 64993 65249 
333528 484742 98326 223599 539486 333472 979919 275112 52432 366781 ,57704 60476 65960 66567 67662 68289 68365 69958 70398 70781 ,333528 484742 98326 223599 539486 333472 979919 275112 52432 366781 ,57704 60476 65960 66567 67662 68289 68365 69958 70398 70781 
589251 535250 989710 481974 326093 83687 518837 87333 262731 373597 ,48030 49821 50418 51250 52878 53789 60956 61561 62765 62911 ,589251 535250 989710 481974 326093 83687 518837 87333 262731 373597 ,48030 49821 50418 51250 52878 53789 60956 61561 62765 62911 
474696 541361 414491 703195 941891 479842 188041 478956 629982 748469 ,43175 80075 84360 86931 86968 87535 87608 88817 89247 91178 ,474696 541361 703195 941891 479842 188041 478956 748469 883239 53896 ,43175 80075 86931 86968 87535 87608 88817 91178 92375 93138 
44804 895939 357164 204106 513650 775119 890066 469046 903852 51531 ,24834 25132 25938 26403 27244 27457 29091 30196 30373 30689 ,44804 895939 357164 204106 513650 775119 890066 469046 903852 51531 ,24834 25132 25938 26403 27244 27457 29091 30196 30373 30689 
80089 741007 431588 241052 350757 144095 248631 305393 431355 529092 ,23594 24889 27406 28908 29411 29977 30168 31429 31637 32830 ,80089 741007 431588 241052 350757 144095 248631 305393 431355 529092 ,23594 24889 27406 28908 29411 29977 30168 31429 31637 32830 
431484 195131 273947 196255 274105 203953 298479 569375 691242 196090 ,47616 58652 58652 60101 61161 62637 64628 64630 64843 65293 ,431484 273947 195131 196255 298479 569375 691242 196090 296071 465308 ,47616 58652 58652 60101 64628 64630 64843 65293 66193 66204 
572011 468890 675552 398817 537488 270161 839967 289705 125117 849313 ,30665 50227 55536 58027 60970 61219 63858 69274 72852 75281 ,572011 468890 675552 398817 537488 270161 839967 289705 125117 849313 ,30665 50227 55536 58027 60970 61219 63858 69274 72852 75281 
854543 350568 279991 600707 22106 640022 336974 546913 546965 780466 ,27363 36208 37128 37335 37531 37694 38423 38774 39179 40525 ,854543 350568 279991 600707 22106 640022 336974 546913 546965 780466 ,27363 36208 37128 37335 37531 37694 38423 38774 39179 40525 
870471 584242 535423 230231 668668 577906 261554 355359 199708 262848 ,61121 69747 74713 75376 75954 76078 77893 78433 78734 79515 ,870471 535423 230231 668668 577906 261554 355359 199708 262848 726321 ,61121 74713 75376 75954 76078 77893 78433 78734 79515 84550 
842119 63680 595735 907660 912967 851500 868395 969321 198123 907823 ,38732 39123 41209 42314 43376 46969 47776 47941 48258 48554 ,595735 907660 868395 846353 907572 266461 128216 803805 915760 154060 ,41209 42314 47776 49489 50849 52394 53184 54261 55582 55642 
296766 743916 82369 97762 163118 475528 193158 696478 193544 885239 ,55410 57734 58722 59384 60294 60736 60989 61726 61934 62755 ,296766 743916 82369 97762 163118 475528 193158 696478 193544 885239 ,55410 57734 58722 59384 60294 60736 60989 61726 61934 62755 
350948 502666 363858 500114 694058 528441 717696 496850 326683 740178 ,26443 30026 32117 32812 33282 35789 38667 39067 39941 40232 ,363858 500114 717696 326683 768536 496875 93705 323201 213595 336717 ,32117 32812 38667 39941 41000 42242 43469 44471 45510 46036 
898759 896466 632821 213890 222741 921944 265798 918005 51658 757601 ,49199 51828 52014 52564 53643 55762 57394 57627 58266 60060 ,898759 896466 632821 222741 921944 265798 918005 51658 757601 879651 ,49199 51828 52014 53643 55762 57394 57627 58266 60060 60223 
39568 39327 993715 8116 917613 996654 296514 38214 7934 976839 ,24705 26013 26082 26365 27247 27442 28794 29712 30391 30790 ,39568 39327 993715 8116 917613 996654 296514 38214 7934 976839 ,24705 26013 26082 26365 27247 27442 28794 29712 30391 30790 
232441 176951 502197 203745 539101 810155 177536 132026 767054 875604 ,78725 79276 82771 83541 84251 87148 88978 89510 94136 94473 ,232441 502197 203745 539101 810155 177536 132026 767054 875604 147490 ,78725 82771 83541 84251 87148 88978 89510 94136 94473 94638 
390779 878824 653016 931991 612019 314272 200292 849915 867775 895233 ,90282 94009 101890 102972 107438 108067 109814 109887 109967 110898 ,390779 878824 653016 931991 612019 314272 200292 849915 867775 895233 ,90282 94009 101890 102972 107438 108067 109814 109887 109967 110898 
477661 264349 481555 105059 386379 54427 639327 191656 472223 834388 ,40001 44600 46073 46143 46463 46803 47170 47960 48420 48713 ,477661 264349 481555 105059 386379 54427 639327 191656 472223 834388 ,40001 44600 46073 46143 46463 46803 47170 47960 48420 48713 
858945 996908 851564 997059 849192 848818 545162 996909 852239 190552 ,6791 7030 7215 8100 8155 8696 8843 9649 10081 10216 ,997059 848818 996909 852239 850925 867730 849221 849194 443809 854794 ,8100 8696 9649 10081 10935 11657 13331 13679 13910 14354 
380637 378931 401757 946514 455308 807864 808206 334319 717893 871693 ,35894 46913 48071 50142 51376 51442 51718 52080 53371 54020 ,380637 378931 401757 946514 455308 807864 808206 334319 717893 871693 ,35894 46913 48071 50142 51376 51442 51718 52080 53371 54020 
969813 189074 639875 603776 258261 522706 343394 652996 422767 600732 ,61600 61640 62387 67339 68695 71122 71538 72155 74123 77316 ,969813 189074 639875 603776 258261 522706 343394 652996 422767 600732 ,61600 61640 62387 67339 68695 71122 71538 72155 74123 77316 
730585 870325 618697 265708 419738 239318 952299 161899 138417 313679 ,41105 56199 62530 65213 65213 66795 68554 70154 70589 72134 ,730585 870325 618697 265708 419738 239318 952299 161899 138417 313679 ,41105 56199 62530 65213 65213 66795 68554 70154 70589 72134 
616782 99016 247370 797560 409846 675896 47681 419880 839126 745268 ,35845 38611 42981 48197 48264 49267 50064 50210 50511 51307 ,616782 99016 247370 797560 409846 675896 47681 419880 839126 745268 ,35845 38611 42981 48197 48264 49267 50064 50210 50511 51307 
478418 59528 404852 272238 754439 924357 197782 791930 927154 158831 ,91054 100576 106676 108389 109959 112943 116776 116969 118152 121613 ,478418 59528 404852 272238 754439 924357 197782 791930 927154 158831 ,91054 100576 106676 108389 109959 112943 116776 116969 118152 121613 
117371 713786 439276 758113 139430 946247 438100 456001 550979 503561 ,58275 65386 65718 68580 68912 70359 71019 72791 73646 73837 ,117371 713786 439276 758113 139430 946247 438100 456001 550979 503561 ,58275 65386 65718 68580 68912 70359 71019 72791 73646 73837 
194218 258564 247266 681500 81524 482622 613938 837464 121606 493240 ,47594 49051 53207 53447 53624 54611 55211 55430 55857 56018 ,194218 258564 247266 681500 81524 613938 837464 121606 493240 679450 ,47594 49051 53207 53447 53624 55211 55430 55857 56018 57743 
332776 497468 512606 457677 189792 670919 112019 90029 438015 23090 ,74426 77933 78017 82522 89249 90367 91897 92540 92548 95210 ,332776 497468 512606 457677 189792 670919 112019 90029 438015 23090 ,74426 77933 78017 82522 89249 90367 91897 92540 92548 95210 
919550 540578 956401 605719 868294 496662 940635 223984 224939 100615 ,15108 19224 21771 26412 27420 28068 30109 31023 31292 32566 ,919550 540578 956401 605719 868294 496662 940635 223984 224939 100615 ,15108 19224 21771 26412 27420 28068 30109 31023 31292 32566 
83751 243887 406977 296027 82427 169237 726695 860455 286204 514530 ,39876 46377 48454 52520 52775 52992 53296 53752 53757 56150 ,83751 243887 296027 82427 169237 726695 860455 286204 514530 237799 ,39876 46377 52520 52775 52992 53296 53752 53757 56150 56289 
396136 862810 416653 454049 578139 829988 681022 923591 307388 571831 ,54690 64699 64884 67076 67229 67259 69728 71209 71939 73150 ,862810 416653 454049 829988 681022 923591 307388 571831 490209 600859 ,64699 64884 67076 67259 69728 71209 71939 73150 73306 73875 
671479 868426 420546 513709 930559 130299 724657 914788 921808 420460 ,26109 35130 35217 35434 36973 37452 37547 37634 38208 38372 ,671479 868426 420546 513709 930559 130299 724657 914788 921808 420460 ,26109 35130 35217 35434 36973 37452 37547 37634 38208 38372 
851720 846063 926525 445691 749302 342368 129602 668743 254248 886068 ,32363 34556 34591 40264 41575 42755 44948 46906 47137 47502 ,851720 846063 926525 445691 749302 342368 129602 668743 254248 886068 ,32363 34556 34591 40264 41575 42755 44948 46906 47137 47502 
529130 704457 95292 243964 770699 412182 645310 354671 376937 486162 ,119678 120464 121173 122613 124318 128488 130400 130710 130941 133537 ,529130 704457 95292 243964 770699 412182 645310 354671 376937 486162 ,119678 120464 121173 122613 124318 128488 130400 130710 130941 133537 
992617 169289 213196 943634 1218 316950 598658 594283 86986 974737 ,70878 74144 76992 78626 81609 82063 83085 83964 86026 86393 ,992617 169289 213196 943634 1218 316950 598658 594283 86986 974737 ,70878 74144 76992 78626 81609 82063 83085 83964 86026 86393 
108114 431425 480825 264399 74984 135730 824730 139355 699912 71155 ,149165 169218 186227 188051 189854 191717 196454 198539 203950 204072 ,108114 431425 480825 264399 74984 135730 824730 139355 699912 71155 ,149165 169218 186227 188051 189854 191717 196454 198539 203950 204072 
473499 776136 922577 666433 664492 516455 226821 930376 506978 56054 ,40300 51315 55894 55998 59058 62279 63116 64346 64533 64723 ,473499 776136 922577 666433 664492 516455 226821 930376 506978 56054 ,40300 51315 55894 55998 59058 62279 63116 64346 64533 64723 
960043 251462 520434 882476 499563 857277 221598 834166 841610 271945 ,78394 83071 88129 91942 95422 97966 99748 101241 101460 101567 ,960043 251462 520434 882476 499563 857277 221598 834166 841610 271945 ,78394 83071 88129 91942 95422 97966 99748 101241 101460 101567 
419469 419493 694211 746915 878190 214350 297637 811944 744200 413900 ,47272 47415 55804 60912 60989 61301 61757 62003 62779 63014 ,419469 419493 694211 746915 878190 214350 297637 811944 744200 413900 ,47272 47415 55804 60912 60989 61301 61757 62003 62779 63014 
299100 72719 877528 145231 12733 404571 130837 162053 206113 538182 ,105228 110835 111853 113220 113304 113378 113509 114278 114301 115081 ,299100 72719 877528 145231 12733 404571 130837 162053 206113 538182 ,105228 110835 111853 113220 113304 113378 113509 114278 114301 115081 
57944 762974 451359 744628 573317 227111 800401 667082 39111 902570 ,36227 47157 49217 55433 55667 56416 57262 57495 58045 58775 ,57944 762974 451359 744628 573317 227111 800401 667082 39111 902570 ,36227 47157 49217 55433 55667 56416 57262 57495 58045 58775 
563961 929304 837285 493823 844021 474271 232200 852961 36346 971039 ,49123 50378 52501 55501 56531 59279 64591 64797 64830 67180 ,563961 929304 837285 493823 844021 474271 232200 852961 36346 971039 ,49123 50378 52501 55501 56531 59279 64591 64797 64830 67180 
630259 693889 194986 394969 85594 77848 16315 196860 272014 403454 ,69154 74420 75022 75238 76330 77541 78368 79455 81182 81812 ,630259 693889 194986 394969 85594 77848 16315 196860 272014 403454 ,69154 74420 75022 75238 76330 77541 78368 79455 81182 81812 
896689 718947 695892 696052 793218 406861 666216 829489 324619 213913 ,37686 38643 38925 39460 39862 40133 40307 40638 41786 41790 ,896689 718947 695892 696052 793218 666216 829489 324619 213913 696865 ,37686 38643 38925 39460 39862 40307 40638 41786 41790 41915 
683649 220888 955089 650874 740637 246905 367817 791816 763429 208988 ,57161 57610 57699 60092 60508 60594 60780 61274 62107 62307 ,683649 220888 955089 650874 740637 246905 367817 791816 763429 208988 ,57161 57610 57699 60092 60508 60594 60780 61274 62107 62307 
756114 708702 719559 77578 149366 577893 796491 556957 349895 761765 ,62014 64898 70568 77483 80713 81194 82055 82195 82827 84722 ,756114 708702 719559 77578 149366 577893 796491 349895 761765 376714 ,62014 64898 70568 77483 80713 81194 82055 82827 84722 89637 
297917 829011 4614 873720 985421 451614 346286 866177 610627 147730 ,72372 75014 79942 83902 88149 92804 93103 93705 95340 95935 ,297917 829011 4614 873720 985421 451614 346286 866177 610627 147730 ,72372 75014 79942 83902 88149 92804 93103 93705 95340 95935 
502127 496679 542250 496661 542392 522078 547403 542638 545320 121739 ,30688 31925 34223 34354 35104 35598 37201 37217 37631 37830 ,224428 547301 496767 546600 390089 223716 406019 843044 207082 195243 ,41445 42922 43300 43890 43992 45756 46097 47605 48065 48656 
325942 774591 45288 546212 600308 805923 84709 319116 558465 388397 ,62207 63049 65513 66030 67990 70331 70332 70967 71745 74191 ,325942 774591 45288 546212 600308 805923 84709 319116 558465 388397 ,62207 63049 65513 66030 67990 70331 70332 70967 71745 74191 
546107 702171 582672 334471 996158 801596 770124 681009 792064 891331 ,82676 84119 86410 99537 105948 108592 109947 112504 114812 115450 ,546107 702171 582672 334471 996158 801596 770124 681009 792064 891331 ,82676 84119 86410 99537 105948 108592 109947 112504 114812 115450 
978056 515932 934624 912118 500237 440957 524737 916126 578857 929284 ,60643 66297 70976 72028 73007 73684 74198 74362 74562 74972 ,978056 515932 934624 912118 500237 440957 524737 916126 578857 929284 ,60643 66297 70976 72028 73007 73684 74198 74362 74562 74972 
359058 999405 575147 503682 69573 979304 727261 841481 577287 439615 ,50778 54036 55635 61185 63748 66289 66365 66850 67007 67020 ,359058 999405 575147 503682 69573 979304 727261 841481 577287 439615 ,50778 54036 55635 61185 63748 66289 66365 66850 67007 67020 
593004 884198 940632 72761 41925 842512 811865 595652 912866 578698 ,48382 55072 66828 68789 69285 70524 71011 73889 74249 74850 ,593004 884198 940632 72761 41925 842512 811865 595652 912866 578698 ,48382 55072 66828 68789 69285 70524 71011 73889 74249 74850 
556557 116660 24595 665674 611903 24532 891072 666966 603574 949941 ,17818 18598 18933 19227 19233 19614 19673 20425 20574 20697 ,556557 116660 24595 611903 24532 891072 666966 603574 949941 711096 ,17818 18598 18933 19233 19614 19673 20425 20574 20697 20726 
601317 518661 192673 281294 520209 223562 971465 124044 86415 549441 ,48306 48631 50296 51454 52252 52810 53142 55321 55876 56578 ,601317 518661 192673 281294 520209 223562 971465 124044 86415 549441 ,48306 48631 50296 51454 52252 52810 53142 55321 55876 56578 
53275 379912 556938 41424 2964 784180 635124 230983 916765 396181 ,49855 54074 54944 55149 57134 57671 58524 59346 60728 60787 ,53275 379912 556938 41424 2964 784180 635124 230983 916765 396181 ,49855 54074 54944 55149 57134 57671 58524 59346 60728 60787 
902537 987633 189386 278429 110981 58192 386751 545440 868143 652839 ,72452 91951 105260 114465 114700 117514 123867 128172 129128 131988 ,902537 987633 189386 278429 110981 58192 386751 545440 868143 652839 ,72452 91951 105260 114465 114700 117514 123867 128172 129128 131988 
732083 474774 480265 708685 834144 300736 51497 831998 352465 500229 ,34818 40355 45827 47712 50287 50615 52183 53100 54002 55731 ,732083 474774 480265 708685 834144 300736 51497 831998 352465 500229 ,34818 40355 45827 47712 50287 50615 52183 53100 54002 55731 
410943 773999 946932 411280 5400 448151 44199 246972 901262 964038 ,17437 18291 18641 19639 21061 21964 22221 22952 23255 24712 ,410943 773999 946932 411280 5400 448151 44199 246972 901262 964038 ,17437 18291 18641 19639 21061 21964 22221 22952 23255 24712 
458967 793515 566791 34321 620624 586987 599186 147730 111275 530949 ,71776 73012 76134 77764 79597 80037 80334 80788 81138 81381 ,458967 793515 566791 34321 620624 586987 599186 147730 111275 530949 ,71776 73012 76134 77764 79597 80037 80334 80788 81138 81381 
980980 239318 796710 676711 744389 9453 737450 888125 827132 763939 ,59242 63389 65880 67465 68243 73074 74396 75515 77322 77536 ,980980 239318 796710 676711 744389 9453 737450 888125 827132 763939 ,59242 63389 65880 67465 68243 73074 74396 75515 77322 77536 
554419 285284 650245 728733 330641 215896 943877 428280 399373 437215 ,84291 87186 87649 91441 95957 96725 97803 98504 99205 100437 ,285284 728733 34074 857801 491584 13166 754561 403491 183576 172234 ,87186 91441 101863 101897 103137 103892 104755 105068 105212 106037 
896078 824388 533651 574288 647852 858023 205446 899897 896421 223077 ,45527 47214 48858 49129 50377 52041 52350 52701 53284 53481 ,896078 824388 533651 574288 647852 858023 205446 899897 896421 223077 ,45527 47214 48858 49129 50377 52041 52350 52701 53284 53481 
123317 252255 770510 157981 102818 963054 612630 191671 660215 837002 ,62347 64832 68089 68215 71655 72511 73375 77756 80705 80785 ,123317 252255 770510 157981 102818 963054 612630 191671 660215 837002 ,62347 64832 68089 68215 71655 72511 73375 77756 80705 80785 
976639 957117 557918 888427 81732 706068 440056 907008 482705 292199 ,80931 90018 93138 93173 94787 97756 99164 99387 101072 103056 ,976639 557918 888427 81732 706068 440056 907008 482705 292199 93814 ,80931 93138 93173 94787 97756 99164 99387 101072 103056 103158 
424713 767796 580622 810028 619863 834986 31774 212968 250689 581137 ,56375 80523 82214 84115 84549 89571 90518 90950 92406 93242 ,424713 767796 580622 810028 619863 834986 31774 212968 250689 581137 ,56375 80523 82214 84115 84549 89571 90518 90950 92406 93242 
920300 777138 70504 102707 713031 87556 863294 612786 944170 489543 ,81301 88217 89083 92158 96019 100945 101544 102616 103225 104157 ,920300 777138 70504 102707 713031 87556 863294 612786 944170 489543 ,81301 88217 89083 92158 96019 100945 101544 102616 103225 104157 
689994 961640 646166 127338 782222 862372 853233 170349 551370 560805 ,81159 85478 87771 90915 95217 96858 97915 101661 102408 103631 ,689994 961640 646166 127338 782222 862372 853233 551370 560805 842887 ,81159 85478 87771 90915 95217 96858 97915 102408 103631 106351 
128619 701766 380693 148154 84666 918320 428919 176358 757675 43249 ,41955 48122 48418 50587 50850 50900 51678 51895 51952 52171 ,128619 701766 380693 148154 84666 918320 428919 176358 757675 380927 ,41955 48122 48418 50587 50850 50900 51678 51895 51952 52666 
146941 517299 805411 795590 534351 317595 661217 882416 964486 407413 ,74784 75785 79525 80080 87114 89864 92127 92335 92543 96588 ,146941 517299 805411 795590 534351 317595 661217 882416 964486 407413 ,74784 75785 79525 80080 87114 89864 92127 92335 92543 96588 
889788 143030 953352 162280 513647 483809 364161 755127 717916 284842 ,3390 27671 33854 33953 35045 35529 35570 35597 35979 36054 ,143030 953352 162280 513647 483809 364161 717916 284842 351155 540924 ,27671 33854 33953 35045 35529 35570 35979 36054 36463 36487 
613651 13751 762265 488561 623714 396743 331219 438424 865651 902457 ,77764 79040 80687 84045 85036 85560 85913 86728 87170 87970 ,613651 13751 488561 623714 396743 331219 438424 865651 902457 341427 ,77764 79040 84045 85036 85560 85913 86728 87170 87970 89224 
471108 971887 846916 887420 512559 929260 892368 827713 947203 590256 ,49845 50877 53071 53637 54134 55582 56266 56473 56501 57096 ,471108 971887 846916 887420 512559 929260 892368 827713 947203 590256 ,49845 50877 53071 53637 54134 55582 56266 56473 56501 57096 
513460 986230 362611 439273 137696 478832 840586 634638 75796 586897 ,68448 68892 71192 71798 72618 73528 76481 76730 79995 81956 ,513460 986230 362611 439273 137696 478832 840586 634638 75796 586897 ,68448 68892 71192 71798 72618 73528 76481 76730 79995 81956 
275993 545325 140991 269215 102081 254922 586897 238323 972680 265161 ,59402 83417 87715 88131 90789 99865 99959 103417 104007 105446 ,275993 545325 140991 269215 102081 254922 586897 238323 972680 265161 ,59402 83417 87715 88131 90789 99865 99959 103417 104007 105446 
890397 894710 380825 763512 645698 642698 423816 907262 958057 943223 ,16859 21617 33061 40921 40979 41578 42177 42501 43498 43584 ,890397 894710 380825 763512 645698 642698 423816 907262 958057 943223 ,16859 21617 33061 40921 40979 41578 42177 42501 43498 43584 
464131 707383 113279 186468 988856 438450 126664 433027 266066 955958 ,64820 75366 78801 81300 82464 82577 84666 86425 86668 86704 ,464131 707383 113279 186468 988856 438450 126664 433027 266066 955958 ,64820 75366 78801 81300 82464 82577 84666 86425 86668 86704 
889427 833833 825090 36186 40780 543253 672932 821578 825185 560718 ,14019 15962 18724 19666 19895 20689 20708 20949 21199 21203 ,889427 833833 825090 36186 40780 543253 672932 821578 825185 560718 ,14019 15962 18724 19666 19895 20689 20708 20949 21199 21203 
970271 707978 76005 206209 303647 889996 380651 316803 337331 627831 ,73960 81464 82701 82809 83516 84762 85714 86342 86690 87789 ,970271 707978 76005 206209 303647 889996 337331 627831 869023 521146 ,73960 81464 82701 82809 83516 84762 86690 87789 87885 88093 
389573 848571 534425 869865 476715 950865 890066 570139 447528 772974 ,47146 58003 58521 60632 64308 68132 69289 70282 71644 72943 ,389573 848571 534425 869865 476715 950865 890066 570139 447528 772974 ,47146 58003 58521 60632 64308 68132 69289 70282 71644 72943 
930024 586695 482283 263300 635385 632681 289534 549863 741723 957684 ,73855 77408 78170 79220 79711 80929 81083 81648 82002 82675 ,930024 586695 482283 263300 635385 632681 289534 549863 741723 957684 ,73855 77408 78170 79220 79711 80929 81083 81648 82002 82675 
893703 894031 35368 91936 35623 7349 288668 461934 217312 642561 ,54778 57011 57806 67726 68095 68487 68888 69407 69613 70450 ,893703 894031 35368 35623 288668 461934 217312 642561 643776 578541 ,54778 57011 57806 68095 68888 69407 69613 70450 70878 71024 
976969 570143 547211 361528 24176 180926 26029 346304 775192 755466 ,65988 67410 79906 80182 80648 80891 82057 82974 83682 84681 ,976969 570143 547211 361528 24176 180926 26029 346304 775192 755466 ,65988 67410 79906 80182 80648 80891 82057 82974 83682 84681 
862343 217748 659614 948502 131700 814412 423613 445111 656347 643077 ,16089 17683 17711 18599 19715 20628 20653 20856 21127 21218 ,862343 217748 659614 948502 131700 814412 423613 445111 656347 643077 ,16089 17683 17711 18599 19715 20628 20653 20856 21127 21218 
234135 855187 15022 234748 400004 621221 682380 624574 325514 682386 ,60904 62233 63906 67263 67440 67542 67872 68045 68792 69365 ,400004 621221 624574 357148 836435 782236 244613 254023 403827 628673 ,67440 67542 68045 70425 70831 72627 74091 74373 74977 75001 
172630 485324 753117 987075 987216 929222 294783 1536 618587 871441 ,62149 62382 68506 73483 74023 75792 78331 78755 79473 79817 ,172630 485324 753117 987075 987216 929222 294783 1536 618587 871441 ,62149 62382 68506 73483 74023 75792 78331 78755 79473 79817 
220185 79600 702624 611719 736403 518504 136532 305110 551806 618015 ,88888 95370 96302 101993 102266 102343 102523 104673 112977 113291 ,220185 79600 702624 611719 736403 518504 136532 305110 551806 618015 ,88888 95370 96302 101993 102266 102343 102523 104673 112977 113291 
821453 436455 281713 961108 941043 1789 940564 454273 954054 431849 ,51357 51358 57325 58577 58852 61209 62267 62904 63884 64488 ,821453 436455 281713 961108 941043 940564 454273 954054 431849 495619 ,51357 51358 57325 58577 58852 62267 62904 63884 64488 65150 
996493 894487 135832 723441 673053 607493 24903 609693 607502 267674 ,49587 49874 51167 52646 57759 58229 59489 59993 60273 60981 ,894487 135832 723441 673053 607493 24903 609693 607502 267674 554581 ,49874 51167 52646 57759 58229 59489 59993 60273 60981 61226 
208942 31078 560985 138433 165424 791473 697326 770983 254829 449424 ,73666 86259 97219 101755 109097 109233 112414 112492 112538 112841 ,208942 31078 560985 138433 165424 791473 697326 770983 254829 449424 ,73666 86259 97219 101755 109097 109233 112414 112492 112538 112841 
768374 553456 963597 407703 541478 852660 66077 730500 843827 391053 ,34601 42801 48552 52881 59456 60371 61957 62478 64615 65664 ,768374 553456 963597 407703 541478 852660 66077 730500 843827 391053 ,34601 42801 48552 52881 59456 60371 61957 62478 64615 65664 
894417 287770 303201 39259 299706 558054 671611 886232 996842 904119 ,11273 26961 27112 27166 31760 33003 34156 34247 34603 34649 ,894417 287770 303201 39259 299706 558054 671611 886232 996842 904119 ,11273 26961 27112 27166 31760 33003 34156 34247 34603 34649 
605527 891872 775359 775616 781420 450186 602165 178816 736765 98987 ,57684 60927 62411 65344 65973 66794 68779 69518 70234 70841 ,605527 891872 775359 781420 450186 602165 178816 736765 98987 357257 ,57684 60927 62411 65973 66794 68779 69518 70234 70841 72823 
452139 630969 90542 631082 813628 457401 57484 202496 488792 121225 ,61014 67994 68331 69339 70633 70691 71097 71363 71928 72048 ,452139 630969 90542 631082 813628 457401 57484 202496 488792 121225 ,61014 67994 68331 69339 70633 70691 71097 71363 71928 72048 
589333 997339 876034 493608 316642 502894 617763 963210 492261 170725 ,54257 59764 60433 69083 70504 75008 75924 79670 81819 82873 ,589333 997339 876034 493608 316642 502894 617763 963210 492261 170725 ,54257 59764 60433 69083 70504 75008 75924 79670 81819 82873 
890720 891071 891280 892923 538667 892569 958130 60051 920294 931707 ,17195 28903 34345 35521 35610 35933 36314 37271 37276 37477 ,890720 891071 892923 538667 892569 958130 60051 920294 931707 843361 ,17195 28903 35521 35610 35933 36314 37271 37276 37477 37622 
198529 891280 589380 690193 480292 788427 252882 932296 841399 13450 ,44455 56408 62051 64590 66705 73356 74627 74733 75789 75905 ,198529 891280 589380 690193 480292 788427 252882 932296 841399 13450 ,44455 56408 62051 64590 66705 73356 74627 74733 75789 75905 
848283 443810 852359 853469 251819 270874 883202 997301 190524 993483 ,30841 39686 40036 40111 44628 47660 49148 50008 50119 53603 ,848283 443810 852359 853469 251819 270874 883202 997301 190524 993483 ,30841 39686 40036 40111 44628 47660 49148 50008 50119 53603 
760280 961773 772717 851158 254922 654999 881647 149452 886068 995366 ,25976 26243 27406 27512 28057 28839 29092 30518 30664 31187 ,760280 961773 772717 851158 254922 654999 881647 149452 886068 995366 ,25976 26243 27406 27512 28057 28839 29092 30518 30664 31187 
708275 971415 888355 219918 886748 58142 189032 711619 223786 219968 ,51436 60308 60689 61478 63294 63443 63774 64947 65296 66344 ,708275 971415 888355 219918 886748 58142 189032 711619 223786 219968 ,51436 60308 60689 61478 63294 63443 63774 64947 65296 66344 
940606 396893 948349 151680 947240 919306 955307 857300 496662 75788 ,29159 29487 32456 33119 33311 35626 36960 38042 38562 39625 ,940606 396893 948349 151680 947240 919306 955307 857300 496662 75788 ,29159 29487 32456 33119 33311 35626 36960 38042 38562 39625 
3142 563347 232464 71655 172772 925852 809584 947851 31254 390808 ,74573 75369 75604 76406 77542 79544 81465 82655 82726 82734 ,3142 563347 232464 71655 172772 925852 809584 947851 31254 390808 ,74573 75369 75604 76406 77542 79544 81465 82655 82726 82734 
846227 855443 960765 539167 191390 204185 855538 493379 877337 879711 ,33236 37169 39947 43794 44575 44764 45207 45287 45965 46746 ,846227 855443 960765 539167 191390 204185 855538 493379 877337 879711 ,33236 37169 39947 43794 44575 44764 45207 45287 45965 46746 
542272 929536 202242 897428 565819 960692 125774 855366 598413 904811 ,31237 44921 45906 51652 51671 52774 54108 58553 60205 61802 ,542272 929536 202242 897428 565819 960692 125774 855366 598413 904811 ,31237 44921 45906 51652 51671 52774 54108 58553 60205 61802 
756384 655104 615396 458675 645189 445483 650539 463544 322435 5806 ,30260 31862 32162 34297 36098 36474 37181 37959 38292 38393 ,756384 655104 615396 458675 645189 463544 322435 5806 651424 463106 ,30260 31862 32162 34297 36098 37959 38292 38393 39316 39417 
869665 814154 932753 490992 799316 979419 655087 732889 877039 91201 ,46636 47766 48113 52706 55616 57221 59398 62063 65885 67117 ,869665 814154 932753 490992 799316 655087 732889 877039 91201 247138 ,46636 47766 48113 52706 55616 59398 62063 65885 67117 67228 
20130 947439 358769 596228 381354 456056 125439 196460 867121 843986 ,90245 94275 97446 99942 100695 101303 104692 107207 107582 107804 ,20130 947439 358769 596228 381354 456056 125439 196460 867121 843986 ,90245 94275 97446 99942 100695 101303 104692 107207 107582 107804 
570279 452338 174203 41360 212165 687983 86294 10437 497135 455815 ,68670 75737 76517 80638 80944 83924 85200 90276 91011 92464 ,570279 452338 174203 41360 212165 687983 86294 10437 497135 455815 ,68670 75737 76517 80638 80944 83924 85200 90276 91011 92464 
896616 563961 833225 483240 268519 917140 857977 971184 622265 618142 ,48910 49574 51459 51505 52418 52716 52910 53736 53960 54015 ,896616 563961 833225 483240 268519 917140 857977 971184 622265 618142 ,48910 49574 51459 51505 52418 52716 52910 53736 53960 54015 
910686 412266 4379 413067 903810 541460 38543 331424 412176 908452 ,28364 30585 32335 32626 33215 34466 36640 37529 38048 38785 ,910686 412266 4379 413067 903810 541460 38543 331424 412176 908452 ,28364 30585 32335 32626 33215 34466 36640 37529 38048 38785 
805895 868698 859223 874809 862161 210262 885981 737183 268149 223693 ,56240 64045 64061 64837 64984 67189 68364 68830 69024 69464 ,805895 868698 859223 862161 210262 885981 737183 268149 223693 563808 ,56240 64045 64061 64984 67189 68364 68830 69024 69464 69739 
445623 641498 809410 912536 446190 445253 800329 890848 444866 444907 ,18584 20486 20492 20573 20717 21584 21739 22274 22310 22739 ,445623 641498 809410 912536 446190 445253 800329 890848 444866 444907 ,18584 20486 20492 20573 20717 21584 21739 22274 22310 22739 
852252 877057 79537 941141 56214 853306 586144 596512 100751 91201 ,60560 83619 86785 86891 89053 89425 90662 90720 92745 96446 ,852252 877057 79537 941141 56214 853306 586144 596512 100751 91201 ,60560 83619 86785 86891 89053 89425 90662 90720 92745 96446 
628715 978578 417929 830185 238594 136827 732054 282229 617979 621456 ,66558 70955 72115 72771 75487 76422 76476 77504 79956 80688 ,628715 978578 417929 830185 238594 136827 732054 282229 617979 621456 ,66558 70955 72115 72771 75487 76422 76476 77504 79956 80688 
779642 998122 6997 446814 768263 672470 672932 641040 445116 445008 ,8907 9544 9749 9982 10497 10809 11119 11302 11977 12079 ,779642 998122 6997 446814 768263 672470 672932 641040 445116 445008 ,8907 9544 9749 9982 10497 10809 11119 11302 11977 12079 
283827 317634 284225 781560 569392 292711 363489 891300 254232 427352 ,29742 41195 43566 43917 43920 44955 45164 45295 45346 45368 ,283827 891300 254232 427352 55553 717629 777249 56971 469683 61489 ,29742 45295 45346 45368 45622 46145 48395 48420 48647 49811 
904498 548896 734521 489094 376475 884159 542624 6454 272249 915686 ,77044 81071 82588 86688 88456 90289 92518 93905 94051 95608 ,904498 548896 734521 489094 376475 884159 542624 6454 272249 915686 ,77044 81071 82588 86688 88456 90289 92518 93905 94051 95608 
804756 634168 748775 401873 404178 223585 975722 805013 678947 374851 ,51101 51162 59957 62049 62260 63620 63647 63787 65796 68025 ,804756 634168 748775 401873 404178 223585 975722 805013 374851 96267 ,51101 51162 59957 62049 62260 63620 63647 63787 68025 68095 
383907 916042 528701 15960 930261 846520 436906 785424 412973 509682 ,60486 62219 63031 64383 64547 65485 67147 69676 70038 70652 ,383907 916042 528701 15960 930261 846520 436906 785424 412973 509682 ,60486 62219 63031 64383 64547 65485 67147 69676 70038 70652 
168146 687701 894014 627912 631685 463642 228289 993640 923984 924611 ,34888 38064 40225 40439 40618 40736 42610 43103 43628 44464 ,168146 687701 894014 627912 631685 463642 228289 993640 923984 924611 ,34888 38064 40225 40439 40618 40736 42610 43103 43628 44464 
405272 33288 823495 880119 374907 738164 214181 375134 898375 153963 ,53297 53871 55888 55964 57686 59491 59927 62263 62353 62641 ,405272 33288 823495 880119 738164 214181 375134 898375 153963 127842 ,53297 53871 55888 55964 59491 59927 62263 62353 62641 64874 
687001 652631 190771 186614 914334 792513 654312 417728 442662 657320 ,42122 43380 44051 45603 45732 47657 48348 50041 51848 53173 ,687001 652631 190771 186614 914334 792513 654312 417728 442662 657320 ,42122 43380 44051 45603 45732 47657 48348 50041 51848 53173 
171664 191485 257535 256956 842806 885489 924458 769092 851599 496767 ,38694 39474 40286 41212 41285 41853 42191 43136 43668 43974 ,171664 191485 257535 256956 842806 885489 924458 769092 851599 496767 ,38694 39474 40286 41212 41285 41853 42191 43136 43668 43974 
979505 8435 634205 896767 904872 832539 213437 810068 884821 721640 ,52442 56392 58359 62595 67265 67732 69925 70502 71839 73351 ,979505 8435 634205 896767 904872 832539 213437 810068 884821 721640 ,52442 56392 58359 62595 67265 67732 69925 70502 71839 73351 
939188 664704 26232 586692 165496 860722 712755 21049 1941 560473 ,53457 76435 76997 78263 79020 79065 80399 80641 81088 81526 ,939188 664704 26232 586692 165496 860722 712755 21049 1941 560473 ,53457 76435 76997 78263 79020 79065 80399 80641 81088 81526 
956321 531345 956021 129314 711963 35019 576586 110762 110389 110975 ,48673 58586 58982 58989 61704 62025 62083 62704 63008 63732 ,956321 956021 35019 110762 110389 110975 210361 798580 440603 683997 ,48673 58982 62025 62704 63008 63732 63809 65441 66262 67720 
717636 871585 611911 173909 887396 155420 129971 647328 489744 771414 ,90902 100427 101554 110985 116244 122133 123590 123619 125503 127792 ,717636 871585 611911 173909 155420 129971 647328 489744 771414 956094 ,90902 100427 101554 110985 122133 123590 123619 125503 127792 128439 
297263 634205 83329 516073 548881 342957 323594 594639 728792 908633 ,56399 67869 78369 80246 81235 81895 82640 85347 86454 87052 ,297263 634205 83329 516073 548881 342957 323594 594639 728792 908633 ,56399 67869 78369 80246 81235 81895 82640 85347 86454 87052 
802298 181982 573343 799253 560492 740180 525027 453244 439121 699601 ,39638 41916 42871 43528 44643 45213 46049 46550 47684 47736 ,802298 181982 573343 799253 560492 740180 525027 453244 439121 699601 ,39638 41916 42871 43528 44643 45213 46049 46550 47684 47736 
450451 465812 877134 782389 842360 745825 233821 843662 63680 538689 ,85148 86294 86935 91416 91528 95508 97268 98221 98462 99195 ,450451 465812 877134 782389 842360 745825 233821 843662 63680 538689 ,85148 86294 86935 91416 91528 95508 97268 98221 98462 99195 
901488 128561 894718 165264 15532 36306 551812 634507 904429 701967 ,28054 52265 56886 57678 58389 58896 60029 60099 64383 65086 ,901488 128561 894718 165264 15532 36306 551812 634507 904429 701967 ,28054 52265 56886 57678 58389 58896 60029 60099 64383 65086 
232641 262550 163953 849653 228812 905504 794382 506977 102430 63113 ,43343 45068 46591 47422 47616 48739 49242 50313 51347 51431 ,262550 163953 228812 905504 794382 506977 102430 63113 646006 505851 ,45068 46591 47616 48739 49242 50313 51347 51431 52309 52375 
198529 799287 831860 170475 980086 614134 681892 184589 254620 169887 ,57299 83799 87714 90168 94621 100965 111278 114060 114769 117841 ,198529 799287 831860 170475 980086 614134 681892 184589 254620 169887 ,57299 83799 87714 90168 94621 100965 111278 114060 114769 117841 
187133 57416 52565 828172 858614 389466 77171 53744 469309 520995 ,43081 49256 51243 54041 54529 55797 58428 59268 59449 60003 ,187133 57416 52565 828172 858614 389466 77171 53744 469309 520995 ,43081 49256 51243 54041 54529 55797 58428 59268 59449 60003 
199707 947494 964774 621923 193228 74014 565977 796791 521 150857 ,68313 68825 73839 74632 75049 76213 76435 77063 77639 78267 ,199707 964774 621923 193228 74014 565977 796791 521 150857 679992 ,68313 73839 74632 75049 76213 76435 77063 77639 78267 78478 
518067 655400 260469 974370 998723 841604 944767 39956 776355 803652 ,39454 41271 43853 45516 45624 46970 47646 48055 48119 49353 ,260469 974370 998723 944767 39956 776355 803652 82710 568972 940249 ,43853 45516 45624 47646 48055 48119 49353 49406 50846 53537 
100630 381144 912980 408573 17141 265823 270218 463957 861354 950577 ,71293 75466 86843 88883 92446 92449 99291 99876 99992 100674 ,100630 381144 912980 408573 17141 265823 270218 463957 861354 950577 ,71293 75466 86843 88883 92446 92449 99291 99876 99992 100674 
193479 827132 95186 493097 340517 741244 555536 243026 317265 478377 ,68235 71854 84729 87616 90594 100952 104650 122442 130498 132861 ,193479 827132 95186 493097 340517 741244 555536 243026 317265 478377 ,68235 71854 84729 87616 90594 100952 104650 122442 130498 132861 
970550 970731 563061 820815 533003 65662 885734 631400 664902 854942 ,52015 54930 55074 57799 62687 63465 66473 69277 69369 69632 ,970550 970731 563061 820815 533003 65662 885734 631400 664902 854942 ,52015 54930 55074 57799 62687 63465 66473 69277 69369 69632 
813595 93808 396242 60070 267689 741677 947720 878202 522530 136460 ,50512 54056 56245 58447 60320 63384 63467 63491 63519 63945 ,813595 93808 396242 60070 267689 741677 947720 878202 522530 868173 ,50512 54056 56245 58447 60320 63384 63467 63491 63519 64230 
626775 786971 572385 190061 438458 53376 621113 384153 506811 378989 ,58827 68805 70014 70550 72670 74275 74930 76728 77329 78248 ,626775 786971 572385 190061 438458 53376 621113 384153 506811 75629 ,58827 68805 70014 70550 72670 74275 74930 76728 77329 79875 
454753 188714 268245 128847 520434 853925 956128 476785 500558 578948 ,151209 216103 216245 223821 228302 230255 230260 235439 235658 240302 ,454753 188714 268245 128847 520434 853925 956128 476785 500558 578948 ,151209 216103 216245 223821 228302 230255 230260 235439 235658 240302 
264731 38203 37220 256706 39236 478439 411682 558723 737843 39571 ,17621 17836 18740 23427 25029 25106 25268 25334 26091 26508 ,264731 38203 37220 256706 39236 478439 411682 558723 39571 190388 ,17621 17836 18740 23427 25029 25106 25268 25334 26508 26751 
956987 977022 418697 896767 925765 898234 423390 401681 995857 654581 ,49612 61329 65273 65561 69002 71097 72013 72435 73047 73727 ,956987 977022 418697 896767 925765 898234 423390 401681 995857 654581 ,49612 61329 65273 65561 69002 71097 72013 72435 73047 73727 
659718 520566 960325 416141 286514 614644 189022 926318 477926 20066 ,132253 137616 143474 144766 147223 147496 147531 148385 152166 153462 ,659718 520566 960325 416141 286514 614644 189022 926318 477926 20066 ,132253 137616 143474 144766 147223 147496 147531 148385 152166 153462 
161891 612957 677740 653717 733023 859612 742468 123399 994449 281761 ,49318 51455 56852 57560 58615 60306 60988 61487 61852 62110 ,161891 612957 677740 653717 733023 859612 742468 123399 994449 281761 ,49318 51455 56852 57560 58615 60306 60988 61487 61852 62110 
411577 869763 444598 880429 53293 411633 778710 880228 941440 640554 ,9044 12335 13204 13777 13895 14808 14953 15213 15459 15489 ,411577 869763 444598 880429 53293 411633 778710 880228 941440 640554 ,9044 12335 13204 13777 13895 14808 14953 15213 15459 15489 
280044 578654 134679 397373 641476 124103 84869 701130 43129 126885 ,46730 48157 50117 53034 53366 56275 56873 57253 57486 57529 ,280044 578654 134679 397373 641476 124103 701130 43129 126885 49915 ,46730 48157 50117 53034 53366 56275 57253 57486 57529 57897 
723069 698710 82241 599145 544183 994017 708759 574572 635099 80761 ,59906 67016 67338 67527 68205 73629 74446 74526 75141 75341 ,723069 698710 82241 599145 544183 994017 708759 574572 635099 80761 ,59906 67016 67338 67527 68205 73629 74446 74526 75141 75341 
181987 615453 518080 501142 510313 887820 567744 560616 803981 54109 ,24559 26694 26914 27806 28173 28357 28450 29291 29413 29574 ,615453 518080 887820 567744 560616 803981 54109 431991 426387 784787 ,26694 26914 28357 28450 29291 29413 29574 29707 30916 31636 
233208 100742 271341 22255 321624 431865 370046 131552 204850 396913 ,52743 52777 53360 54631 56946 59093 60845 62548 62596 64557 ,233208 100742 271341 22255 321624 431865 370046 131552 204850 396913 ,52743 52777 53360 54631 56946 59093 60845 62548 62596 64557 
690340 483367 530479 300974 174781 192570 570249 343559 411589 70891 ,60406 61858 66173 67621 67740 71200 71313 71842 73212 74596 ,690340 483367 530479 300974 174781 192570 570249 343559 411589 70891 ,60406 61858 66173 67621 67740 71200 71313 71842 73212 74596 
731769 694221 68811 432347 380990 129147 947812 926559 271781 193743 ,53602 54355 59717 61881 63327 63394 63411 64104 64979 65893 ,731769 694221 68811 432347 380990 129147 947812 926559 271781 272559 ,53602 54355 59717 61881 63327 63394 63411 64104 64979 65893 
818873 481329 182314 713533 517273 743195 429092 910749 769330 94047 ,44234 46552 49639 50136 50676 51011 51400 51440 51676 52102 ,818873 481329 182314 713533 517273 743195 429092 910749 769330 94047 ,44234 46552 49639 50136 50676 51011 51400 51440 51676 52102 
189489 159050 507321 441766 737866 753474 477898 905869 82061 424546 ,43482 51253 51959 53605 55472 55484 55517 55673 57297 57936 ,159050 441766 477898 82061 577876 853815 770111 421600 595178 414768 ,51253 53605 55517 57297 58923 60972 61487 62168 62392 62842 
351036 637952 329453 558362 451357 377140 699830 316659 804063 187680 ,41533 63425 63685 77409 80907 81010 91308 93265 94038 97323 ,351036 637952 329453 558362 451357 377140 699830 316659 804063 187680 ,41533 63425 63685 77409 80907 81010 91308 93265 94038 97323 
606753 211157 693964 94325 70678 241430 48484 21915 121922 456017 ,25793 26943 27200 28699 30619 31048 31179 31190 31925 32164 ,606753 211157 693964 94325 48484 21915 456017 450942 426458 48437 ,25793 26943 27200 28699 31179 31190 32164 32199 32620 32773 
144548 423729 694267 82342 903278 880771 964254 952602 588097 442502 ,42332 47565 50755 52840 52854 53429 54446 57653 59647 59658 ,144548 423729 694267 82342 903278 880771 964254 952602 588097 442502 ,42332 47565 50755 52840 52854 53429 54446 57653 59647 59658 
357363 675238 672899 878201 673796 666107 675560 356382 322480 603563 ,17464 19203 19251 21343 21548 22815 23280 23663 23861 24280 ,357363 675238 672899 878201 673796 666107 675560 356382 322480 603563 ,17464 19203 19251 21343 21548 22815 23280 23663 23861 24280 
571703 192522 512250 315456 519233 449215 110430 427571 659050 178131 ,46199 46946 49140 54860 59044 59674 60354 61172 61288 62081 ,571703 192522 512250 315456 519233 449215 110430 427571 659050 178131 ,46199 46946 49140 54860 59044 59674 60354 61172 61288 62081 
149951 623931 52432 949202 333528 79745 620026 859564 179199 82528 ,69463 71746 71968 76489 76546 79703 81268 81701 83328 84003 ,149951 620026 859564 179199 82528 440155 245622 333472 608947 539486 ,69463 81268 81701 83328 84003 84118 84755 85551 86793 87730 
749812 750531 787828 557447 402612 185789 867032 282344 774159 988437 ,70677 70996 73656 73788 75271 76218 76454 77384 77614 78840 ,749812 750531 787828 557447 402612 185789 867032 282344 774159 988437 ,70677 70996 73656 73788 75271 76218 76454 77384 77614 78840 
873319 408889 96918 411457 528807 547091 719135 186536 280211 699300 ,45301 45883 49108 52077 52149 53183 54059 58430 58688 58997 ,873319 408889 96918 411457 528807 547091 719135 186536 280211 699300 ,45301 45883 49108 52077 52149 53183 54059 58430 58688 58997 
858607 905734 68862 58998 466364 723733 548791 857782 842428 844488 ,43780 43900 45318 45585 45790 46077 46536 47645 47829 49352 ,858607 905734 68862 466364 723733 548791 842428 844488 690809 140400 ,43780 43900 45318 45790 46077 46536 47829 49352 50009 50086 
188537 898181 11427 224521 1511 90392 882795 240535 511441 30152 ,59577 62843 63065 64287 65330 67291 68336 69499 69545 69722 ,188537 898181 11427 224521 1511 90392 882795 240535 511441 30152 ,59577 62843 63065 64287 65330 67291 68336 69499 69545 69722 
544174 377570 823516 377582 177510 146843 242064 517174 524988 605328 ,36995 37099 40240 40273 40636 41789 42022 42676 42762 42983 ,544174 377570 823516 377582 177510 146843 242064 524988 605328 351225 ,36995 37099 40240 40273 40636 41789 42022 42762 42983 43088 
807904 465073 811086 692042 806824 426941 190378 692191 32271 587379 ,56894 56984 57779 58902 61376 62318 62451 62597 63543 63959 ,807904 811086 692042 806824 426941 190378 692191 32271 587379 571181 ,56894 57779 58902 61376 62318 62451 62597 63543 63959 64121 
930848 887659 888231 149951 804157 968212 610805 684370 213394 663421 ,51797 59080 59163 60211 64329 64827 65314 67130 69150 69758 ,888231 149951 684370 213394 663421 456650 971217 591496 341955 592517 ,59163 60211 67130 69150 69758 69962 70099 71044 71180 71245 
472854 393094 183809 884639 43828 209211 382994 522530 246472 865839 ,104081 108518 111101 111674 120723 124070 126108 129723 134065 135454 ,472854 393094 183809 884639 43828 209211 382994 522530 246472 865839 ,104081 108518 111101 111674 120723 124070 126108 129723 134065 135454 
93213 736625 246700 350705 431375 753964 635520 664645 82170 616110 ,58282 59295 59373 63260 64483 66667 68162 68246 69109 69478 ,93213 736625 246700 350705 431375 753964 635520 664645 82170 616110 ,58282 59295 59373 63260 64483 66667 68162 68246 69109 69478 
605333 272691 741874 372550 83804 379833 47734 303699 196960 474529 ,65388 67513 67555 68591 69343 69500 69953 70141 70311 70343 ,605333 272691 741874 372550 83804 379833 47734 196960 380583 605153 ,65388 67513 67555 68591 69343 69500 69953 70311 70444 70585 
152759 635772 441376 153709 70386 875849 803012 70377 215070 598257 ,59368 61488 64305 64532 64610 65520 65824 67469 67698 68101 ,152759 635772 441376 153709 70386 875849 803012 70377 215070 598257 ,59368 61488 64305 64532 64610 65520 65824 67469 67698 68101 
15289 456804 392142 148222 182474 600162 974307 514976 969111 168678 ,58163 64305 64406 64975 65793 67112 67687 67752 67891 67913 ,15289 456804 392142 182474 600162 514976 969111 168678 687526 420794 ,58163 64305 64406 65793 67112 67752 67891 67913 68406 68873 
95702 241317 984446 324212 511055 806778 220702 484902 722979 810598 ,65849 90665 91640 92456 103849 104621 110116 112507 112921 113629 ,95702 241317 984446 324212 511055 806778 220702 484902 722979 810598 ,65849 90665 91640 92456 103849 104621 110116 112507 112921 113629 
44989 599218 459284 311416 829169 600478 451912 431750 454456 197502 ,45053 46091 49332 50544 51350 53675 53833 54413 55292 55444 ,44989 599218 459284 311416 829169 600478 451912 431750 454456 197502 ,45053 46091 49332 50544 51350 53675 53833 54413 55292 55444 
795854 474924 831398 193881 272697 831324 127158 571555 416014 479772 ,50888 52576 52669 53525 53525 53532 55556 55691 56440 56975 ,795854 474924 831398 193881 272697 831324 127158 571555 416014 479772 ,50888 52576 52669 53525 53525 53532 55556 55691 56440 56975 
649251 649070 77063 675916 271253 941119 830220 650214 453129 79478 ,42753 46188 47392 49165 54189 54325 54354 56671 57408 57935 ,649251 649070 77063 675916 271253 941119 830220 650214 453129 79478 ,42753 46188 47392 49165 54189 54325 54354 56671 57408 57935 
524129 476207 133739 412687 888741 425617 170435 934250 803157 845095 ,77027 83003 86026 86739 92783 95995 96832 99464 100985 104592 ,524129 476207 133739 412687 888741 425617 170435 934250 803157 845095 ,77027 83003 86026 86739 92783 95995 96832 99464 100985 104592 
969054 225772 9629 55059 561463 871173 471984 99982 888593 705571 ,57866 70135 72171 75669 76603 76989 79150 79805 80540 80881 ,969054 225772 9629 55059 561463 871173 471984 99982 888593 705571 ,57866 70135 72171 75669 76603 76989 79150 79805 80540 80881 
272639 713671 683580 950049 146585 768951 955381 486452 329052 19345 ,44146 52593 53208 57087 62495 62587 64202 65093 65794 66062 ,272639 713671 683580 950049 146585 768951 955381 486452 329052 19345 ,44146 52593 53208 57087 62495 62587 64202 65093 65794 66062 
380509 881135 385662 632914 384870 385047 302098 962792 12564 634529 ,52753 54497 54545 55947 56603 56975 59273 59366 59939 60550 ,380509 881135 385662 632914 384870 385047 302098 962792 12564 634529 ,52753 54497 54545 55947 56603 56975 59273 59366 59939 60550 
853624 946551 415582 504025 222814 42134 292786 146567 469744 99683 ,46247 47756 54850 55243 57741 59617 61991 62136 62220 62358 ,853624 946551 415582 504025 222814 42134 292786 146567 469744 99683 ,46247 47756 54850 55243 57741 59617 61991 62136 62220 62358 
430681 528509 660995 748630 955897 79810 720793 516434 968321 690922 ,53779 58460 60643 64159 65716 66108 67633 67747 69422 69472 ,430681 528509 660995 955897 79810 720793 516434 968321 690922 230750 ,53779 58460 60643 65716 66108 67633 67747 69422 69472 70493 
947146 791356 428172 262971 61805 74573 471675 308514 658615 70613 ,69531 71605 72850 76334 78319 79453 80704 81203 82373 82720 ,947146 791356 428172 262971 61805 74573 471675 658615 70613 730989 ,69531 71605 72850 76334 78319 79453 80704 82373 82720 82942 
36591 181953 804457 496021 787080 329602 887367 832330 754986 672141 ,43900 53137 59813 60177 60818 61252 61421 62480 63085 63287 ,36591 181953 804457 496021 329602 832330 754986 672141 174021 251138 ,43900 53137 59813 60177 61252 62480 63085 63287 63661 64971 
272825 380816 908244 483336 851758 728371 214275 404167 47362 32655 ,85596 90977 95313 96862 98069 99272 100420 100584 102815 103660 ,272825 380816 908244 483336 851758 728371 214275 404167 47362 32655 ,85596 90977 95313 96862 98069 99272 100420 100584 102815 103660 
438559 3817 773071 590745 173682 689339 917919 228952 310253 78099 ,45744 47084 47086 48994 50293 51125 52128 52648 53588 53827 ,438559 3817 773071 590745 173682 689339 917919 228952 310253 610454 ,45744 47084 47086 48994 50293 51125 52128 52648 53588 54075 
506924 659996 734414 591171 413624 468259 94121 464860 22755 141863 ,79318 79372 80939 85027 86969 88760 88954 91336 93268 93956 ,506924 659996 734414 591171 413624 94121 464860 22755 141863 368070 ,79318 79372 80939 85027 86969 88954 91336 93268 93956 94298 
9455 935357 929630 812020 226937 544398 536444 546213 895576 849135 ,45947 50408 51212 56329 56647 58139 59127 59757 61357 61623 ,9455 935357 929630 812020 226937 544398 536444 546213 895576 849135 ,45947 50408 51212 56329 56647 58139 59127 59757 61357 61623 
109531 969383 13698 697720 875465 204937 269215 256983 14538 163354 ,65568 66308 68458 68807 69744 71370 71370 72529 72637 73781 ,109531 969383 697720 875465 204937 269215 256983 14538 163354 921441 ,65568 66308 68807 69744 71370 71370 72529 72637 73781 74611 
949765 338781 378952 62419 788134 925589 778726 779762 441934 489644 ,36947 39656 42986 44123 45675 46367 48696 48746 48985 49170 ,949765 338781 378952 62419 788134 925589 778726 779762 441934 489644 ,36947 39656 42986 44123 45675 46367 48696 48746 48985 49170 
401574 888018 207725 909011 650548 415183 856475 471866 108904 615362 ,57207 57779 60137 61512 63025 68845 70912 72638 73055 73823 ,401574 888018 207725 909011 650548 415183 856475 471866 108904 615362 ,57207 57779 60137 61512 63025 68845 70912 72638 73055 73823 
99559 118126 479504 903674 718222 993360 77622 414913 985786 620003 ,50409 63010 74867 75897 76406 76436 78520 79412 80010 80062 ,99559 118126 479504 903674 718222 993360 77622 414913 985786 620003 ,50409 63010 74867 75897 76406 76436 78520 79412 80010 80062 
416668 839802 554407 731565 36230 645134 481164 553442 686539 733957 ,43405 56370 58247 63215 63250 65364 65686 67032 68046 68618 ,416668 839802 554407 731565 36230 645134 481164 553442 686539 733957 ,43405 56370 58247 63215 63250 65364 65686 67032 68046 68618 
800577 633875 924175 632706 338410 509011 338599 306597 506005 539737 ,58048 61814 65762 66024 67156 68418 68627 71050 71942 72251 ,800577 633875 924175 632706 338410 509011 338599 306597 506005 539737 ,58048 61814 65762 66024 67156 68418 68627 71050 71942 72251 
608299 350983 721052 62440 497246 94428 673899 355017 132484 243580 ,32951 39830 40225 41204 41398 44353 48365 48566 49859 50400 ,608299 350983 721052 62440 497246 94428 673899 355017 132484 243580 ,32951 39830 40225 41204 41398 44353 48365 48566 49859 50400 
471979 526490 414319 649065 622358 648023 650192 400628 648504 648092 ,51051 57653 57655 59611 61861 62255 64865 66331 68232 69232 ,471979 526490 414319 649065 622358 648023 650192 400628 648504 648092 ,51051 57653 57655 59611 61861 62255 64865 66331 68232 69232 
940608 23850 23871 789102 182787 248015 423308 940563 423410 525433 ,50399 50820 52989 53247 54649 55444 55517 55538 56737 57022 ,940608 23850 23871 789102 182787 248015 423308 940563 423410 525433 ,50399 50820 52989 53247 54649 55444 55517 55538 56737 57022 
249064 21455 644421 225113 539253 385520 815148 943359 443324 739170 ,61212 65059 69777 69851 70345 70360 71444 72723 73881 74247 ,249064 21455 644421 225113 539253 385520 815148 943359 443324 739170 ,61212 65059 69777 69851 70345 70360 71444 72723 73881 74247 
810018 302227 29952 89804 174831 377580 79715 350795 521948 825535 ,48118 63433 68381 69502 72109 73561 77275 79640 80177 84491 ,810018 302227 29952 89804 174831 377580 79715 350795 521948 825535 ,48118 63433 68381 69502 72109 73561 77275 79640 80177 84491 
122712 905499 51065 769799 653727 911058 776962 543116 211521 616126 ,20549 20643 22100 22911 24338 25414 25697 25713 27340 27975 ,122712 905499 51065 769799 653727 911058 776962 543116 211521 616126 ,20549 20643 22100 22911 24338 25414 25697 25713 27340 27975 
905991 667756 644421 910949 669910 862522 905415 736065 969193 889096 ,16073 16264 18349 20697 20747 20906 21373 22753 22944 22985 ,667756 644421 910949 905415 889096 905342 938363 544180 858408 554667 ,16264 18349 20697 21373 22985 23255 24184 24251 24737 24815 
274431 970475 993336 745197 58870 332469 744665 61871 96340 526898 ,63554 64783 67663 74627 74767 75761 76709 77122 78769 79350 ,274431 970475 993336 745197 58870 332469 744665 61871 96340 526898 ,63554 64783 67663 74627 74767 75761 76709 77122 78769 79350 
858732 759047 462815 335349 308796 882298 949865 134344 736806 957208 ,46194 56651 67529 69795 75417 76483 76878 77212 77583 77738 ,858732 759047 462815 335349 308796 949865 134344 736806 957208 733350 ,46194 56651 67529 69795 75417 76878 77212 77583 77738 78332 
79753 519912 635099 579261 628385 772730 599083 736251 456017 234650 ,59816 63568 67577 68576 72661 72988 75173 76145 79552 82670 ,79753 519912 635099 579261 628385 772730 599083 736251 456017 234650 ,59816 63568 67577 68576 72661 72988 75173 76145 79552 82670 
606470 329779 837282 315949 926003 259442 183278 868342 438802 791651 ,59845 61467 61568 62850 63297 64181 64541 65374 66704 66731 ,606470 837282 315949 926003 259442 868342 438802 791651 969580 582104 ,59845 61568 62850 63297 64181 65374 66704 66731 66916 67453 
267067 844992 843436 866840 148267 131768 141924 958772 710260 415197 ,53948 55276 62220 62652 64781 64854 65000 65690 66087 66822 ,267067 844992 843436 866840 148267 131768 141924 958772 710260 415197 ,53948 55276 62220 62652 64781 64854 65000 65690 66087 66822 
301398 188161 146986 880286 90594 745948 77493 998983 695675 936661 ,68315 70703 77613 80987 85159 86639 86890 86980 87513 88460 ,301398 188161 146986 880286 90594 745948 77493 998983 695675 936661 ,68315 70703 77613 80987 85159 86639 86890 86980 87513 88460 
272619 718815 715485 498229 438990 497935 770127 337458 242131 627670 ,43279 45048 50149 52299 52609 54867 55149 55306 55549 56431 ,337458 550027 847827 517817 340502 186667 355921 345419 49198 772415 ,55306 57124 57535 59172 60757 61984 62120 63689 64021 64368 
258815 588988 392230 634595 302804 603056 647791 988862 809730 355327 ,78958 89652 91696 92200 92631 93308 96373 96992 101013 101027 ,258815 588988 392230 634595 302804 603056 647791 988862 809730 355327 ,78958 89652 91696 92200 92631 93308 96373 96992 101013 101027 
982738 753535 982807 837570 214601 496684 951833 982743 189201 903448 ,31973 35944 36193 36587 36919 38227 39446 40116 41086 41127 ,982738 753535 982807 837570 214601 496684 951833 982743 189201 903448 ,31973 35944 36193 36587 36919 38227 39446 40116 41086 41127 
563046 343295 11063 225491 338808 136065 889296 881103 842271 750238 ,119806 125348 131368 136010 137390 140652 141944 144297 150032 155269 ,563046 343295 11063 225491 338808 136065 889296 881103 842271 750238 ,119806 125348 131368 136010 137390 140652 141944 144297 150032 155269 
240423 719587 374870 483410 535024 399459 904955 908667 933152 830953 ,83737 87944 88533 89867 89892 92977 92980 94392 94715 94765 ,240423 719587 374870 483410 535024 399459 904955 908667 933152 830953 ,83737 87944 88533 89867 89892 92977 92980 94392 94715 94765 
775960 662726 653151 39900 544777 16646 897166 351779 63786 676534 ,56926 61063 62565 64985 70192 71236 71412 74738 78068 78148 ,775960 662726 653151 544777 16646 63786 489074 458642 201737 713646 ,56926 61063 62565 70192 71236 78068 85000 88506 88556 89707 
366890 856645 472957 897660 878254 10689 225985 604138 627834 502374 ,52453 58035 71890 79547 81975 82345 82565 82862 84762 85717 ,366890 856645 472957 897660 878254 10689 225985 604138 627834 502374 ,52453 58035 71890 79547 81975 82345 82565 82862 84762 85717 
966062 294413 388270 568679 115087 531939 734224 744716 966538 83355 ,61554 67431 68971 73113 74375 75892 76025 76293 77118 77560 ,966062 388270 568679 115087 531939 734224 744716 83355 134811 245813 ,61554 68971 73113 74375 75892 76025 76293 77560 78165 78193 
957759 641360 381050 637061 423068 640823 748336 210772 748768 926793 ,41394 53110 60281 62086 62602 67898 67910 68233 68624 75207 ,957759 641360 381050 637061 423068 748336 210772 748768 926793 787588 ,41394 53110 60281 62086 62602 67910 68233 68624 75207 76124 
160352 63637 522528 49429 473328 193143 566531 778963 824463 830084 ,72665 79328 81164 82993 89574 93872 93875 96225 97101 98434 ,160352 63637 522528 49429 473328 193143 566531 778963 824463 830084 ,72665 79328 81164 82993 89574 93872 93875 96225 97101 98434 
595876 219282 907817 571245 828402 988582 629179 176329 431770 808454 ,77837 78117 78408 78691 78956 79038 79054 79297 81564 82080 ,595876 219282 907817 571245 828402 988582 629179 176329 431770 808454 ,77837 78117 78408 78691 78956 79038 79054 79297 81564 82080 
982465 906246 381983 465186 328943 152100 599578 181518 107630 281871 ,42896 45828 46600 47045 47343 48872 49461 49598 49603 49800 ,982465 906246 381983 465186 328943 152100 599578 181518 281871 982357 ,42896 45828 46600 47045 47343 48872 49461 49598 49800 50080 
494075 520923 537641 659454 493908 537592 272877 96636 283843 953753 ,51933 52821 54986 55640 57537 58003 60377 61019 62746 62916 ,537641 493908 537592 272877 953753 696713 808908 847266 189840 798764 ,54986 57537 58003 60377 62916 68128 69543 72286 74070 74303 
609874 217411 40496 445919 985253 477252 820658 911700 101624 40468 ,12934 19828 27055 31693 32070 34337 34542 35280 35948 37860 ,609874 217411 40496 445919 985253 477252 820658 911700 101624 40468 ,12934 19828 27055 31693 32070 34337 34542 35280 35948 37860 
114905 733210 944549 10740 637406 729657 475499 680374 571955 551738 ,73702 82476 83854 85534 86393 86528 87943 89723 91964 93485 ,114905 733210 944549 10740 637406 729657 475499 680374 571955 551738 ,73702 82476 83854 85534 86393 86528 87943 89723 91964 93485 
72309 544337 659975 480541 984691 422397 384920 270170 379618 560261 ,43592 47803 50260 52531 53712 53967 54086 54145 54776 55899 ,72309 544337 659975 480541 984691 422397 384920 270170 379618 560261 ,43592 47803 50260 52531 53712 53967 54086 54145 54776 55899 
689705 642732 799578 84430 13699 282655 983257 325344 59706 331697 ,53168 56104 56926 58470 59245 60569 62261 62313 62323 62588 ,689705 642732 799578 84430 13699 282655 325344 59706 560392 13741 ,53168 56104 56926 58470 59245 60569 62313 62323 62904 62963 
56204 636916 681296 45144 407012 197495 982940 52392 918491 186979 ,48963 50743 51886 52564 54115 54537 54552 55330 56821 57140 ,56204 636916 681296 45144 407012 197495 982940 52392 918491 186979 ,48963 50743 51886 52564 54115 54537 54552 55330 56821 57140 
186362 714245 717363 203413 267691 905531 715810 981314 654759 788305 ,20980 21339 21516 21538 21538 21906 23544 24215 24232 24597 ,186362 714245 717363 267691 905531 715810 981314 654759 788305 716816 ,20980 21339 21516 21538 21906 23544 24215 24232 24597 24797 
646394 861593 318821 796421 311754 450414 259170 505724 373249 792446 ,44556 44563 55423 57713 58712 58763 59575 59914 60253 60498 ,646394 861593 318821 796421 311754 450414 259170 505724 373249 792446 ,44556 44563 55423 57713 58712 58763 59575 59914 60253 60498 
788959 307349 788955 328720 717692 241657 253817 338801 356689 236881 ,24834 26967 28311 29051 29207 29679 29828 29985 30072 30084 ,788959 307349 788955 328720 717692 241657 253817 338801 356689 236881 ,24834 26967 28311 29051 29207 29679 29828 29985 30072 30084 
388384 713879 520351 301265 470639 492814 494243 166952 786515 845647 ,74496 75178 75550 76332 77795 78693 79667 80371 81231 81588 ,388384 713879 520351 301265 470639 492814 494243 166952 786515 845647 ,74496 75178 75550 76332 77795 78693 79667 80371 81231 81588 
745779 19182 16359 562503 688553 59135 181272 139936 13572 14730 ,67623 68530 69292 75668 75695 75993 78689 79344 81231 82986 ,745779 19182 16359 562503 688553 59135 181272 139936 13572 14730 ,67623 68530 69292 75668 75695 75993 78689 79344 81231 82986 
783045 809733 268658 738938 472936 521 420148 620751 947494 279209 ,75725 85398 86872 94991 95508 95988 96263 96860 99506 103911 ,783045 809733 268658 738938 472936 521 420148 620751 947494 279209 ,75725 85398 86872 94991 95508 95988 96263 96860 99506 103911 
593864 141461 970887 309531 340145 56341 98349 265543 299003 688745 ,53088 54985 55201 55962 56756 58844 59621 59833 61085 61208 ,593864 141461 970887 309531 340145 56341 98349 265543 299003 688745 ,53088 54985 55201 55962 56756 58844 59621 59833 61085 61208 
704134 71027 785875 210284 578152 740293 686004 648001 563219 510664 ,68960 77635 77820 77965 81933 84188 87632 88456 89035 89772 ,704134 71027 785875 210284 578152 740293 686004 648001 563219 510664 ,68960 77635 77820 77965 81933 84188 87632 88456 89035 89772 
75293 65125 264999 829651 284441 200639 520321 230750 636504 429694 ,61530 62296 65479 65627 65679 66024 66121 66595 68449 69208 ,75293 65125 264999 829651 284441 200639 520321 230750 636504 429694 ,61530 62296 65479 65627 65679 66024 66121 66595 68449 69208 
59218 379991 878383 223669 671583 340582 989768 757745 645278 160097 ,51530 62349 63069 66837 67619 68124 68391 68872 69738 69878 ,59218 379991 878383 223669 671583 340582 989768 757745 645278 160097 ,51530 62349 63069 66837 67619 68124 68391 68872 69738 69878 
295296 547986 855930 120229 433336 298767 753746 13966 456436 175062 ,68421 71790 74590 79681 80341 81006 82410 84041 85104 85294 ,295296 547986 855930 120229 433336 298767 753746 13966 456436 175062 ,68421 71790 74590 79681 80341 81006 82410 84041 85104 85294 
491553 295631 966233 663499 492332 1982 730500 720946 841514 198558 ,82834 84110 88325 89053 89222 89399 89423 91152 92068 92245 ,491553 295631 966233 663499 492332 1982 730500 720946 841514 198558 ,82834 84110 88325 89053 89222 89399 89423 91152 92068 92245 
855572 99790 821210 100259 285731 813581 8831 269863 80933 690086 ,73044 74425 80749 80761 81092 81137 81362 81702 83232 83489 ,855572 99790 821210 100259 285731 813581 8831 269863 80933 690086 ,73044 74425 80749 80761 81092 81137 81362 81702 83232 83489 
870468 584347 656422 254732 877564 15985 435423 143736 489621 625878 ,67207 70544 72940 74728 74905 76601 77866 78260 79382 79605 ,870468 584347 656422 254732 877564 15985 435423 143736 489621 625878 ,67207 70544 72940 74728 74905 76601 77866 78260 79382 79605 
722229 685055 513244 508775 466918 542468 527329 234237 470889 93888 ,65642 71254 72230 72839 72897 73144 75093 76289 77125 77258 ,722229 685055 513244 508775 466918 542468 527329 234237 470889 93888 ,65642 71254 72230 72839 72897 73144 75093 76289 77125 77258 
379626 718780 952217 558289 96656 930569 651766 468073 632447 887415 ,33872 38108 39697 41974 43021 45625 48634 49230 49404 49792 ,379626 718780 952217 558289 96656 930569 651766 468073 632447 887415 ,33872 38108 39697 41974 43021 45625 48634 49230 49404 49792 
165738 186780 390808 349197 378462 870505 779694 780833 668610 880636 ,78296 78520 79240 80495 81404 81649 84205 84222 84386 84640 ,165738 186780 390808 349197 378462 870505 779694 780833 668610 210348 ,78296 78520 79240 80495 81404 81649 84205 84222 84386 85074 
819619 572250 857601 504736 225248 562333 786696 149142 454188 957875 ,66871 66875 67790 73262 73633 74431 75342 77618 77856 78384 ,819619 572250 857601 504736 225248 562333 786696 149142 454188 957875 ,66871 66875 67790 73262 73633 74431 75342 77618 77856 78384 
299924 96485 701588 548894 723185 349629 33094 595308 325405 107384 ,59956 62004 62463 63903 65959 66065 68338 69276 69943 70699 ,299924 96485 701588 548894 723185 349629 325405 364098 913596 733560 ,59956 62004 62463 63903 65959 66065 69943 71117 71363 72723 
365699 440233 249315 976345 707597 173233 527342 195769 233224 18858 ,82986 83860 85039 85276 87141 89399 90855 91436 92660 92730 ,365699 440233 249315 707597 173233 527342 195769 233224 336775 80160 ,82986 83860 85039 87141 89399 90855 91436 92660 93378 94305 
88511 224409 348535 60844 377106 514801 695896 705497 876257 696495 ,60459 60823 61657 65528 68365 68660 69039 69788 69831 69909 ,88511 60844 876257 198183 696190 596527 439545 721809 679546 544061 ,60459 65528 69831 70166 70634 71555 72763 72904 74076 74528 
420659 196722 926650 85318 614764 504634 260728 12162 280666 690222 ,60995 68901 71990 73295 73423 74029 76224 77798 78459 79215 ,420659 196722 926650 85318 614764 504634 260728 12162 280666 690222 ,60995 68901 71990 73295 73423 74029 76224 77798 78459 79215 
733267 648979 631535 632067 709912 29385 732488 876487 912874 781229 ,32419 34259 37582 41085 43146 45106 45642 45981 46813 47663 ,733267 648979 631535 632067 709912 29385 732488 876487 912874 781229 ,32419 34259 37582 41085 43146 45106 45642 45981 46813 47663 
9089 978634 851070 86655 764679 300093 34089 150694 623965 482311 ,70335 78773 88746 89437 90256 95605 95944 97221 97439 98655 ,9089 978634 851070 86655 764679 300093 34089 150694 623965 482311 ,70335 78773 88746 89437 90256 95605 95944 97221 97439 98655 
455215 849295 491550 35066 508645 385060 918071 362300 10676 340656 ,125466 126217 129477 130700 134842 136408 137083 140066 141544 142275 ,455215 849295 491550 35066 508645 385060 918071 362300 10676 340656 ,125466 126217 129477 130700 134842 136408 137083 140066 141544 142275 
557061 950792 236994 104284 245616 618015 503643 985524 508990 297421 ,57629 58055 59242 60512 60797 62029 63288 66609 66680 67664 ,557061 950792 236994 104284 245616 618015 503643 985524 508990 297421 ,57629 58055 59242 60512 60797 62029 63288 66609 66680 67664 
178212 280511 98448 352936 76218 343521 431493 463399 389600 848242 ,60095 64990 65557 67596 72304 72369 75711 76120 78197 80394 ,178212 280511 98448 352936 76218 343521 431493 463399 389600 304258 ,60095 64990 65557 67596 72304 72369 75711 76120 78197 81291 
355238 983069 510973 213136 653535 600778 837998 777363 208689 686631 ,39213 43463 45932 47331 48680 48704 49424 50311 51357 52833 ,355238 983069 510973 213136 653535 600778 837998 777363 208689 686631 ,39213 43463 45932 47331 48680 48704 49424 50311 51357 52833 
618354 670193 639867 42403 892986 605597 615822 843084 750771 375847 ,52722 63102 71576 72424 76186 77140 77540 79046 79948 79998 ,618354 670193 639867 42403 892986 605597 615822 843084 750771 375847 ,52722 63102 71576 72424 76186 77140 77540 79046 79948 79998 
227719 857687 980519 348680 166683 990186 943245 22596 638847 896415 ,69897 70275 71174 77730 79413 79865 80695 80962 81051 82365 ,227719 857687 980519 348680 166683 990186 943245 22596 638847 896415 ,69897 70275 71174 77730 79413 79865 80695 80962 81051 82365 
411576 828476 389644 290968 807566 255642 249263 318271 212502 56316 ,19518 20802 23807 23813 24444 24899 25877 26274 27487 27914 ,411576 828476 389644 290968 807566 255642 249263 318271 212502 56316 ,19518 20802 23807 23813 24444 24899 25877 26274 27487 27914 
533039 54073 640554 52267 379336 44271 519008 754553 44348 53293 ,10696 10878 11030 11617 11993 13328 13893 14428 15104 15656 ,533039 54073 640554 52267 379336 44271 519008 754553 44348 53293 ,10696 10878 11030 11617 11993 13328 13893 14428 15104 15656 
485984 573929 266497 703510 722416 126522 967103 594824 206301 531709 ,93936 96783 101084 103145 103283 106196 110897 111518 113902 114774 ,485984 573929 266497 703510 722416 126522 967103 594824 206301 531709 ,93936 96783 101084 103145 103283 106196 110897 111518 113902 114774 
906360 761701 786567 652277 834257 95601 434970 867067 616521 33650 ,66165 73202 73290 78017 78724 78916 81495 83937 84287 85309 ,906360 761701 786567 652277 834257 95601 434970 867067 616521 33650 ,66165 73202 73290 78017 78724 78916 81495 83937 84287 85309 
403232 811063 784301 52314 188165 752758 282823 641211 83571 81964 ,58664 60512 62591 64386 65550 66316 67780 70644 72338 76257 ,403232 811063 784301 52314 188165 752758 282823 641211 83571 81964 ,58664 60512 62591 64386 65550 66316 67780 70644 72338 76257 
960281 458452 586144 320916 966233 176643 126448 913231 923217 174381 ,65304 65757 73521 74691 75916 76543 79032 80677 82049 82823 ,960281 458452 586144 320916 966233 176643 126448 913231 923217 174381 ,65304 65757 73521 74691 75916 76543 79032 80677 82049 82823 
412239 995392 702274 304796 864086 958503 109227 856858 888951 843984 ,51612 52351 59997 60130 61031 61165 61351 61855 62110 63116 ,412239 995392 702274 304796 864086 958503 109227 856858 888951 843984 ,51612 52351 59997 60130 61031 61165 61351 61855 62110 63116 
765992 854126 962014 375685 650983 673413 900439 759315 554218 128389 ,47869 49094 49980 52129 53020 54855 55111 57204 58022 58280 ,765992 854126 962014 375685 673413 900439 759315 554218 128389 857892 ,47869 49094 49980 52129 54855 55111 57204 58022 58280 59468 
504459 702589 197233 119083 414270 291456 630548 695416 958450 400495 ,72329 75028 75259 76261 78578 78629 78817 79834 80512 81280 ,504459 702589 119083 414270 291456 630548 695416 958450 400495 628584 ,72329 75028 76261 78578 78629 78817 79834 80512 81280 81358 
448365 100856 708644 208338 156750 922455 204370 920343 551766 276576 ,40190 47004 50598 51517 53268 53822 54916 55694 56605 56611 ,448365 100856 708644 208338 156750 922455 204370 920343 551766 276576 ,40190 47004 50598 51517 53268 53822 54916 55694 56605 56611 
244769 462280 852866 310556 246277 553412 438486 571864 348882 21628 ,66931 68740 73059 74840 77626 77993 79724 80662 81997 82094 ,244769 462280 852866 310556 246277 553412 438486 571864 348882 21628 ,66931 68740 73059 74840 77626 77993 79724 80662 81997 82094 
477009 986667 559287 816786 711135 945352 26072 572448 291229 635601 ,60787 64386 66792 73767 74892 77493 80946 82137 83185 86177 ,477009 816786 711135 945352 26072 572448 291229 635601 571837 584133 ,60787 73767 74892 77493 80946 82137 83185 86177 86968 87771 
738202 590685 739783 328939 876486 123880 876513 361052 926763 510202 ,43269 62042 63312 64509 65952 67546 69387 73819 73819 75964 ,738202 590685 739783 328939 876486 123880 876513 361052 926763 510202 ,43269 62042 63312 64509 65952 67546 69387 73819 73819 75964 
386745 672676 373912 672684 833770 759901 657160 895911 137733 610385 ,50959 61237 61284 61471 62676 65214 66418 68486 68522 68962 ,386745 672676 373912 672684 833770 759901 657160 895911 137733 610385 ,50959 61237 61284 61471 62676 65214 66418 68486 68522 68962 
615684 400468 178156 911616 616638 206271 6178 65538 289274 127450 ,88779 96897 97373 99358 99364 103882 105168 106088 106919 107806 ,615684 400468 178156 911616 616638 206271 6178 65538 289274 127450 ,88779 96897 97373 99358 99364 103882 105168 106088 106919 107806 
524350 721903 699999 700729 588133 965565 769492 393960 70568 287353 ,45357 55500 56718 57461 58517 60185 61950 62852 63847 64307 ,524350 721903 699999 700729 588133 965565 769492 393960 70568 287353 ,45357 55500 56718 57461 58517 60185 61950 62852 63847 64307 
764381 640780 52776 541365 866795 58391 157898 211492 361911 637459 ,47836 71876 75587 77564 78222 79044 79058 81677 83648 85594 ,764381 640780 52776 541365 866795 58391 157898 211492 361911 637459 ,47836 71876 75587 77564 78222 79044 79058 81677 83648 85594 
189871 208710 579225 427502 927793 31211 52603 721067 550746 419374 ,46978 50399 56893 63022 63337 64891 68895 69087 70040 70550 ,189871 208710 579225 427502 927793 31211 52603 721067 550746 419374 ,46978 50399 56893 63022 63337 64891 68895 69087 70040 70550 
932461 480316 626296 400219 6209 36090 782541 973848 478377 519040 ,95055 95549 98728 106646 106767 107380 108057 109171 111575 111717 ,932461 480316 626296 400219 6209 36090 782541 973848 478377 519040 ,95055 95549 98728 106646 106767 107380 108057 109171 111575 111717 
76734 73678 76259 329543 759337 565827 702521 509316 11786 130107 ,75103 79438 79684 80835 81406 83432 86255 87164 88195 88294 ,76734 73678 76259 329543 759337 565827 702521 509316 11786 130107 ,75103 79438 79684 80835 81406 83432 86255 87164 88195 88294 
970076 27448 688233 646666 220101 6621 220253 934268 26204 637575 ,39234 44868 46808 47923 49309 50028 50918 50999 51058 51695 ,970076 27448 688233 646666 220101 6621 220253 934268 26204 637575 ,39234 44868 46808 47923 49309 50028 50918 50999 51058 51695 
378638 777249 502259 101241 663103 127735 659182 276787 510126 555436 ,53055 56375 56923 58998 59252 61107 61887 62811 63976 63980 ,378638 777249 502259 101241 663103 127735 659182 276787 510126 555436 ,53055 56375 56923 58998 59252 61107 61887 62811 63976 63980 
345794 361648 67312 425223 304437 343372 808291 349340 10722 808519 ,65351 67446 67787 69035 71156 74609 75689 76063 76584 78019 ,345794 361648 67312 425223 304437 343372 808291 349340 10722 808519 ,65351 67446 67787 69035 71156 74609 75689 76063 76584 78019 
283239 375896 474033 40917 117676 662490 991642 639346 388538 379375 ,50015 50926 53152 56105 58432 59162 60194 60317 60685 61323 ,283239 375896 474033 40917 117676 662490 991642 639346 388538 379375 ,50015 50926 53152 56105 58432 59162 60194 60317 60685 61323 
243739 390079 201390 150914 752786 553283 378368 781072 541614 966233 ,69487 71747 73837 79052 80113 81686 85495 87398 88783 89604 ,243739 390079 201390 150914 752786 553283 378368 781072 541614 966233 ,69487 71747 73837 79052 80113 81686 85495 87398 88783 89604 
424045 866314 951368 297636 297613 329655 739013 588387 36043 148548 ,97538 134162 139158 143582 146834 147477 148135 150064 150629 153005 ,424045 866314 951368 297636 297613 329655 739013 588387 36043 148548 ,97538 134162 139158 143582 146834 147477 148135 150064 150629 153005 
582495 581920 233188 603823 351837 995004 327196 391586 365956 729299 ,44784 50786 51015 52865 57946 58320 58596 59087 59733 61270 ,582495 581920 603823 351837 995004 327196 391586 365956 729299 301442 ,44784 50786 52865 57946 58320 58596 59087 59733 61270 61319 
470009 84673 922074 83049 182414 562757 685534 207127 537528 871611 ,46635 47473 51975 54043 55928 58327 59311 61345 61656 64822 ,470009 84673 922074 83049 182414 562757 207127 537528 871611 5941 ,46635 47473 51975 54043 55928 58327 61345 61656 64822 65928 
849934 849675 98484 700130 631474 262845 111538 363134 142110 17355 ,67917 70335 73270 78400 80807 83496 83909 84500 85060 85513 ,849934 849675 98484 700130 631474 262845 111538 363134 193734 111913 ,67917 70335 73270 78400 80807 83496 83909 84500 85800 86165 
258857 72093 924781 32317 933867 645328 318613 287281 821116 260393 ,87681 120522 144132 147865 150528 159093 159238 164238 164472 166566 ,258857 72093 924781 32317 933867 645328 318613 287281 821116 260393 ,87681 120522 144132 147865 150528 159093 159238 164238 164472 166566 
839683 975895 214355 194776 169304 966233 586144 739891 62879 706409 ,64451 87174 93904 100178 100924 103610 109383 109627 110309 111334 ,839683 975895 214355 194776 169304 966233 586144 739891 62879 706409 ,64451 87174 93904 100178 100924 103610 109383 109627 110309 111334 
900608 110075 538395 820304 402402 381314 488001 600178 717673 796413 ,49975 75062 80963 81784 85299 85853 85858 89207 89441 89721 ,900608 110075 538395 820304 402402 381314 488001 600178 717673 796413 ,49975 75062 80963 81784 85299 85853 85858 89207 89441 89721 
599016 963515 134825 778081 87223 549015 64853 691442 686438 630997 ,71635 75627 76889 77080 77556 77891 78881 79086 79633 79895 ,599016 963515 134825 778081 87223 549015 691442 686438 519117 480825 ,71635 75627 76889 77080 77556 77891 79086 79633 80516 80658 
298213 328143 126998 11713 284408 55984 269062 198702 750220 682176 ,76237 77041 83117 85623 86498 89007 89361 89825 90493 91522 ,298213 328143 126998 11713 284408 55984 269062 198702 750220 785811 ,76237 77041 83117 85623 86498 89007 89361 89825 90493 91594 
84206 523607 823198 580254 809163 619857 417112 390271 785491 859470 ,61784 62107 63229 64852 67159 68361 69503 69676 70557 71377 ,84206 523607 823198 580254 809163 619857 390271 785491 859470 698658 ,61784 62107 63229 64852 67159 68361 69676 70557 71377 71947 
161754 328750 675618 98007 443015 805990 764802 546217 735361 669318 ,100636 101051 108366 110450 112684 122906 123728 124120 128279 132564 ,161754 328750 675618 98007 443015 805990 764802 546217 735361 669318 ,100636 101051 108366 110450 112684 122906 123728 124120 128279 132564 
637799 617840 808012 808083 441194 826824 475030 910295 386856 641593 ,30071 32194 32583 33741 34884 36255 36347 36586 36898 37172 ,411197 617385 152039 808412 683857 285086 903404 882098 808215 49823 ,37458 38119 40046 42117 44889 45303 45997 46765 46917 47382 
433042 897155 572383 415567 455791 861710 924074 702443 433218 472570 ,40858 40945 41268 41547 41572 42139 42212 43027 43029 43063 ,433042 897155 572383 455791 861710 924074 702443 433218 472570 876630 ,40858 40945 41268 41572 42139 42212 43027 43029 43063 43963 
366396 413633 927037 57340 861666 664954 800279 270906 837645 514550 ,54931 57456 62554 62880 63580 66016 66233 67698 70382 70879 ,366396 413633 927037 57340 861666 664954 800279 270906 837645 514550 ,54931 57456 62554 62880 63580 66016 66233 67698 70382 70879 
985804 618079 645659 389580 622902 1004 586601 128396 496264 269734 ,83068 90468 95040 95239 96986 99044 99102 99455 100405 101432 ,985804 618079 645659 389580 622902 1004 586601 128396 496264 269734 ,83068 90468 95040 95239 96986 99044 99102 99455 100405 101432 
550956 489727 904696 885257 664699 28231 666017 110299 914821 957105 ,65587 66592 67777 70267 71043 71980 73129 73983 74335 74419 ,885257 957105 52503 473512 504714 52303 907969 320268 829711 947439 ,70267 74419 75230 76547 78275 78332 80418 80531 81539 82546 
250527 417113 272353 648945 849601 164471 130716 204645 323967 468019 ,33749 37329 38942 39624 40647 40813 42301 42915 43131 43693 ,250527 417113 272353 648945 849601 164471 130716 204645 323967 468019 ,33749 37329 38942 39624 40647 40813 42301 42915 43131 43693 
805547 22654 65281 699370 390689 138857 765902 181869 524100 686590 ,60708 62135 63809 64480 65769 66733 67120 68251 68567 68719 ,390689 181869 524100 686590 724711 724869 633839 261074 678661 686649 ,65769 68251 68567 68719 69266 69726 70322 71384 71652 71833 
424756 546981 527449 384977 321192 893333 893431 54283 722834 330820 ,53123 58381 58711 58753 59564 59676 60270 61600 63075 64749 ,424756 546981 527449 384977 321192 893333 893431 54283 722834 330820 ,53123 58381 58711 58753 59564 59676 60270 61600 63075 64749 
110993 743527 580765 822817 831470 211408 23318 943041 398493 352125 ,86178 89984 92287 100044 106335 108165 109130 110191 110597 112570 ,110993 743527 580765 822817 831470 211408 23318 943041 398493 352125 ,86178 89984 92287 100044 106335 108165 109130 110191 110597 112570 
148092 228071 316929 976353 385097 297581 356705 860229 860291 206588 ,58967 64448 69845 70259 74303 74960 75526 81860 82430 82513 ,148092 228071 316929 976353 385097 297581 356705 860229 860291 206588 ,58967 64448 69845 70259 74303 74960 75526 81860 82430 82513 
890632 474041 340515 243885 629790 672115 333314 234007 298191 811912 ,96524 98207 99650 102003 103866 104276 105456 109855 113280 115671 ,890632 474041 340515 243885 629790 672115 333314 234007 298191 811912 ,96524 98207 99650 102003 103866 104276 105456 109855 113280 115671 
540430 637277 540133 540353 540330 540450 259836 578317 540143 540370 ,30301 30734 31222 33107 34236 37209 37639 38482 38694 38785 ,540430 637277 540133 540353 540330 540450 259836 578317 540370 540362 ,30301 30734 31222 33107 34236 37209 37639 38482 38785 39319 
498431 929585 267006 479310 797032 265823 922453 908720 634304 627677 ,68718 73873 78136 81068 81393 81605 81826 82089 82148 82360 ,498431 929585 267006 479310 797032 265823 922453 908720 634304 627677 ,68718 73873 78136 81068 81393 81605 81826 82089 82148 82360 
892135 260013 59056 268198 193737 426986 562263 529969 514290 781359 ,49926 64720 65628 65796 66262 67324 67541 68367 68728 68981 ,892135 260013 59056 268198 193737 426986 562263 529969 514290 781359 ,49926 64720 65628 65796 66262 67324 67541 68367 68728 68981 
128338 127876 526553 155417 107700 134185 128047 944704 510700 17139 ,59847 61430 65328 67327 68978 69181 69906 70918 71951 73325 ,128338 127876 526553 155417 107700 134185 128047 944704 510700 17139 ,59847 61430 65328 67327 68978 69181 69906 70918 71951 73325 
13562 986993 460563 865151 986980 977995 533513 829833 987204 874061 ,40454 43817 44994 45032 45182 45391 45897 46465 46511 46623 ,632377 430971 276290 865980 563702 770405 14036 204081 659644 247061 ,49696 50339 50553 51380 51699 52466 53234 53794 54943 55446 
398208 185872 764138 212429 573929 472329 589366 475629 666429 62538 ,130073 149583 157209 168977 195940 196615 206667 223015 223560 232508 ,398208 185872 764138 212429 573929 472329 589366 475629 666429 62538 ,130073 149583 157209 168977 195940 196615 206667 223015 223560 232508 
832967 449018 921482 918830 955999 906268 958412 277298 223904 190620 ,37371 38229 40260 42310 45285 45402 45430 45475 45961 47386 ,832967 449018 921482 955999 906268 958412 277298 223904 190620 487425 ,37371 38229 40260 45285 45402 45430 45475 45961 47386 47747 
388081 798021 954768 70641 271331 401294 159032 847925 629295 164578 ,86095 89604 89659 91054 91816 92203 93060 93714 96076 97390 ,388081 798021 954768 70641 271331 401294 159032 847925 629295 164578 ,86095 89604 89659 91054 91816 92203 93060 93714 96076 97390 
600923 924645 835395 203475 672116 299564 273592 619952 819335 481267 ,68099 75219 79653 84194 84877 85015 85827 87235 90754 91307 ,600923 835395 203475 672116 299564 273592 619952 819335 481267 423143 ,68099 79653 84194 84877 85015 85827 87235 90754 91307 91439 
805411 195248 632315 678807 836392 542106 514987 208531 670792 57157 ,56089 63720 64596 66893 68624 71659 73320 73334 73519 73649 ,805411 195248 632315 678807 836392 542106 514987 208531 670792 57157 ,56089 63720 64596 66893 68624 71659 73320 73334 73519 73649 
880233 555475 987336 509359 705254 935409 130138 53062 84844 338599 ,70228 73529 77379 77812 78932 80697 83765 84045 85443 85515 ,880233 555475 987336 509359 705254 935409 130138 53062 84844 338599 ,70228 73529 77379 77812 78932 80697 83765 84045 85443 85515 
916089 842131 720428 237051 563976 628248 480765 741558 108830 541872 ,22895 37272 39475 40441 40735 42403 43615 43709 44575 44738 ,916089 842131 720428 237051 563976 628248 480765 741558 108830 541872 ,22895 37272 39475 40441 40735 42403 43615 43709 44575 44738 
997813 628637 848159 889828 388585 756932 628185 868481 799545 912157 ,45488 50015 51757 52134 53061 53111 53742 53954 54202 54825 ,997813 628637 848159 889828 388585 756932 628185 868481 799545 912157 ,45488 50015 51757 52134 53061 53111 53742 53954 54202 54825 
808787 782784 247135 910793 783350 688953 247139 843344 80055 26203 ,42205 47800 50451 51400 53135 53455 53813 54069 55942 55988 ,808787 782784 247135 910793 783350 688953 247139 843344 80055 26203 ,42205 47800 50451 51400 53135 53455 53813 54069 55942 55988 
531599 740630 532036 361777 361817 254229 90792 129973 71496 421175 ,34903 35276 38085 41535 42074 43156 43325 43380 44427 45533 ,740630 532036 361777 361817 254229 90792 129973 71496 421175 516016 ,35276 38085 41535 42074 43156 43325 43380 44427 45533 46071 
392008 881103 704045 629371 598081 883540 23058 507672 708133 987075 ,59496 70697 77237 79077 79962 80125 80904 81125 81411 82995 ,392008 881103 704045 629371 598081 883540 23058 507672 708133 987075 ,59496 70697 77237 79077 79962 80125 80904 81125 81411 82995 
199747 254493 870700 875780 635438 84314 411330 553409 282023 321571 ,70908 74672 76677 77020 77093 78010 78557 78611 84470 84844 ,199747 254493 870700 875780 635438 84314 411330 553409 282023 321571 ,70908 74672 76677 77020 77093 78010 78557 78611 84470 84844 
862224 383461 279659 732078 881356 688978 122686 83127 686301 972376 ,80821 81952 86489 87103 93269 96161 98221 102119 105431 105846 ,862224 383461 279659 732078 881356 688978 122686 83127 686301 972376 ,80821 81952 86489 87103 93269 96161 98221 102119 105431 105846 
525884 703274 877017 190642 272300 60814 848187 983018 853185 910019 ,51301 52472 52611 52924 53617 55192 55437 55703 55727 56379 ,525884 703274 877017 190642 272300 60814 848187 983018 853185 910019 ,51301 52472 52611 52924 53617 55192 55437 55703 55727 56379 
964222 721062 395281 209452 786043 662871 625091 996396 880398 455528 ,63497 69661 71582 71785 71803 73554 74948 75429 75940 75954 ,964222 721062 395281 786043 662871 625091 996396 880398 455528 484668 ,63497 69661 71582 71803 73554 74948 75429 75940 75954 76015 
789011 607202 885935 282018 606836 707344 363941 323618 417031 517581 ,34634 35978 38574 39027 39027 39109 39348 40063 40488 41323 ,363941 417060 517243 159255 201026 521536 53720 515483 98185 777608 ,39348 42218 43988 44726 44890 45012 45112 45461 45523 45790 
323443 338457 200686 227826 230578 671392 475414 864313 802467 779445 ,40278 52605 56928 59288 60133 61390 61670 62091 62237 62316 ,323443 338457 200686 227826 230578 671392 475414 864313 802467 779445 ,40278 52605 56928 59288 60133 61390 61670 62091 62237 62316 
886978 681405 790087 23926 510126 300232 784965 168062 305031 813092 ,83982 86015 96869 99353 104033 104949 107563 107727 108077 108741 ,886978 681405 790087 23926 510126 300232 784965 168062 305031 813092 ,83982 86015 96869 99353 104033 104949 107563 107727 108077 108741 
187652 497804 52135 818752 622540 161101 279239 640641 28723 653120 ,41161 43792 47917 48083 49376 55310 57833 61221 63232 63686 ,187652 497804 52135 818752 622540 161101 279239 640641 28723 653120 ,41161 43792 47917 48083 49376 55310 57833 61221 63232 63686 
889543 894249 890169 559260 558984 996759 187833 993850 807431 929878 ,22170 29289 29382 29660 30576 30754 31913 32036 32781 32913 ,889543 890169 558984 187833 993850 893549 895829 536641 211107 54218 ,22170 29382 30576 31913 32036 32999 33087 33527 34720 34991 
940804 604160 717710 646070 604044 755833 43346 920352 42778 158704 ,26256 32305 33814 34260 34320 35002 36356 36540 37323 37355 ,940804 604160 717710 646070 604044 755833 43346 920352 42778 158704 ,26256 32305 33814 34260 34320 35002 36356 36540 37323 37355 
466291 35019 677494 370396 73733 203175 836434 480781 10697 66641 ,59837 68681 70496 71394 71410 72342 74515 74576 76418 76708 ,35019 677494 370396 73733 203175 836434 480781 10697 66641 563484 ,68681 70496 71394 71410 72342 74515 74576 76418 76708 77299 
534901 12378 884478 231159 208328 9877 483988 623143 392297 931404 ,76589 76631 78626 80272 80390 83998 84250 86094 86969 86990 ,534901 12378 884478 208328 9877 483988 392297 931404 133968 480750 ,76589 76631 78626 80390 83998 84250 86969 86990 87052 87238 
916660 251591 898338 877616 253698 803444 250118 991169 840601 907187 ,28662 58089 59746 61305 62599 62814 62907 64432 65356 66544 ,916660 251591 898338 877616 253698 803444 250118 991169 840601 907187 ,28662 58089 59746 61305 62599 62814 62907 64432 65356 66544 
967211 420990 452326 397194 397100 833160 913115 716647 558409 468938 ,31864 32585 34033 34715 36201 36615 36651 36786 37087 37122 ,420990 452326 397100 913115 714867 137623 452636 929250 900166 785046 ,32585 34033 36201 36651 39748 40279 40404 40680 41032 42347 
835914 965716 949191 309907 547517 783509 744804 237595 247743 565342 ,51406 53863 54897 54958 58342 60108 60323 61699 62519 63878 ,835914 965716 949191 309907 547517 783509 744804 237595 247743 565342 ,51406 53863 54897 54958 58342 60108 60323 61699 62519 63878 
868889 870976 544161 894970 9779 705603 207680 715739 102131 420744 ,45579 46440 49001 51053 51326 52309 53752 54472 54947 55330 ,868889 870976 544161 894970 9779 705603 207680 715739 102131 420744 ,45579 46440 49001 51053 51326 52309 53752 54472 54947 55330 
880373 880252 99153 931087 912767 867684 867740 921211 102490 885854 ,26620 27075 27675 29221 29318 29771 30321 30368 31329 31333 ,880373 880252 99153 912767 867740 921211 885854 58668 946969 960336 ,26620 27075 27675 29318 30321 30368 31333 31926 32338 32676 
854624 3911 392221 310669 286461 33358 487754 389945 432069 511093 ,59585 60526 65986 66220 68652 68660 68853 69793 70280 70543 ,854624 3911 392221 310669 286461 33358 487754 389945 432069 431908 ,59585 60526 65986 66220 68652 68660 68853 69793 70280 71203 
41936 662067 666195 981436 789834 821302 793637 833051 983376 789777 ,42246 42878 42922 43674 43983 44615 46146 46173 47407 48231 ,41936 662067 666195 981436 789834 821302 793637 833051 983376 789777 ,42246 42878 42922 43674 43983 44615 46146 46173 47407 48231 
917135 830744 413363 782242 205990 669944 944197 211301 595424 420363 ,37067 66473 70213 71293 71589 72853 73369 73979 79716 80133 ,917135 830744 413363 782242 205990 669944 944197 211301 595424 420363 ,37067 66473 70213 71293 71589 72853 73369 73979 79716 80133 
624362 927605 820065 146614 683522 19658 449420 252170 428963 192726 ,97265 98189 101421 107572 110879 114146 114587 118578 119919 122889 ,927605 146614 683522 19658 449420 252170 428963 192726 938954 258904 ,98189 107572 110879 114146 114587 118578 119919 122889 123503 124483 
684540 577131 86018 697537 684814 14188 344170 100572 480600 255393 ,42572 43357 45197 45716 47171 47442 47588 48475 49109 50264 ,684540 577131 86018 697537 684814 14188 344170 100572 480600 255393 ,42572 43357 45197 45716 47171 47442 47588 48475 49109 50264 
680157 585071 308268 163502 129972 580038 965944 591429 941959 203776 ,89330 97845 100080 101709 105009 106388 106445 106483 107589 108186 ,680157 585071 163502 129972 580038 965944 591429 941959 203776 487835 ,89330 97845 101709 105009 106388 106445 106483 107589 108186 108846 
668486 410050 441222 473028 812021 901050 617652 670798 632915 869157 ,41767 41897 44319 46243 48564 49374 49448 50180 50195 50237 ,668486 410050 441222 473028 812021 901050 617652 670798 632915 869157 ,41767 41897 44319 46243 48564 49374 49448 50180 50195 50237 
120596 781870 173116 292887 231159 858849 662475 729075 314439 410424 ,87023 102630 106874 108192 111616 112033 112364 112425 112488 113292 ,120596 781870 173116 292887 858849 662475 729075 314439 410424 239147 ,87023 102630 106874 108192 112033 112364 112425 112488 113292 113713 
798929 933547 432870 872143 753771 862152 923164 389635 868396 99153 ,47733 49833 51642 52801 52822 52841 53339 53626 53770 53955 ,798929 933547 432870 872143 753771 862152 923164 389635 868396 99153 ,47733 49833 51642 52801 52822 52841 53339 53626 53770 53955 
917705 844314 844788 736208 308964 883017 122815 309753 126773 731232 ,30899 49478 50321 53616 54481 55344 56048 56392 56484 56617 ,917705 844314 844788 736208 308964 883017 122815 309753 126773 731232 ,30899 49478 50321 53616 54481 55344 56048 56392 56484 56617 
916431 734362 737774 734395 743338 734575 737542 743465 745494 738008 ,21757 25277 26164 26773 27360 27635 29109 29164 29692 34821 ,734575 745494 738008 985100 158904 384464 45707 788439 450781 619565 ,27635 29692 34821 35055 36519 40102 45875 46231 46293 47835 
69805 853495 736226 670715 634554 720522 681984 709181 890921 69909 ,49585 66006 66824 66932 67777 68203 69119 69650 70478 71624 ,69805 853495 736226 670715 634554 720522 681984 709181 890921 69909 ,49585 66006 66824 66932 67777 68203 69119 69650 70478 71624 
917134 917563 171369 844131 834538 918003 223522 879760 198198 277014 ,19838 21823 48661 49844 49942 52061 52912 54638 55190 55190 ,917134 917563 171369 844131 834538 918003 223522 879760 198198 277014 ,19838 21823 48661 49844 49942 52061 52912 54638 55190 55190 
930522 715252 798463 414505 509712 697425 810411 770514 9024 882642 ,41523 43533 48627 48881 50606 51617 52253 52449 52519 53269 ,930522 715252 798463 414505 697425 810411 770514 9024 882642 809742 ,41523 43533 48627 48881 51617 52253 52449 52519 53269 53338 
492288 599070 736244 252296 130995 364904 450373 305388 790788 155032 ,35431 38822 39259 40240 40833 42480 42792 43016 43155 43200 ,492288 736244 130995 364904 450373 305388 790788 364863 633019 81967 ,35431 39259 40833 42480 42792 43016 43155 43764 44082 44181 
105632 231813 624088 241530 461598 756542 851331 660167 613410 592971 ,62591 64057 64658 65152 65268 66441 69507 71264 71299 71366 ,105632 231813 624088 241530 461598 756542 851331 660167 613410 592971 ,62591 64057 64658 65152 65268 66441 69507 71264 71299 71366 
593137 555125 920847 824701 632366 376884 315929 3719 703308 762345 ,54746 59564 59776 60501 61107 62092 63550 65865 66125 66221 ,593137 555125 920847 824701 632366 376884 315929 3719 703308 762345 ,54746 59564 59776 60501 61107 62092 63550 65865 66125 66221 
16596 436579 368137 666230 841555 99329 99650 96055 281894 221338 ,73623 75769 79173 81171 81738 81936 82215 82326 85824 86083 ,16596 436579 368137 666230 841555 99329 99650 96055 281894 221338 ,73623 75769 79173 81171 81738 81936 82215 82326 85824 86083 
93068 894362 750058 301506 858905 981925 249493 727035 365716 164475 ,59744 67941 75698 80895 81040 82388 83231 86044 86106 86148 ,93068 894362 750058 301506 981925 249493 727035 365716 164475 787423 ,59744 67941 75698 80895 82388 83231 86044 86106 86148 87322 
269424 937663 464001 661354 844774 318600 419963 968873 149591 589177 ,85578 86069 88202 90002 91803 91932 92677 94698 94860 95594 ,269424 937663 464001 661354 844774 318600 419963 968873 149591 589177 ,85578 86069 88202 90002 91803 91932 92677 94698 94860 95594 
262413 982779 431749 749299 350785 430086 94902 430347 88861 320688 ,57113 64124 64679 64723 65310 65339 65490 66419 66424 66986 ,982779 431749 749299 350785 430086 94902 430347 88861 320688 966179 ,64124 64679 64723 65310 65339 65490 66419 66424 66986 67297 
115886 408167 483806 923745 699830 945389 322805 946553 361939 442105 ,92999 107711 108441 110758 111166 111286 113697 116191 117018 117755 ,115886 408167 483806 923745 699830 945389 322805 946553 361939 442105 ,92999 107711 108441 110758 111166 111286 113697 116191 117018 117755 
521227 27780 702598 611239 28778 836329 201420 265698 746181 73079 ,58070 66613 75739 76683 77028 78015 79348 79348 80963 81058 ,521227 27780 702598 611239 28778 836329 201420 265698 746181 73079 ,58070 66613 75739 76683 77028 78015 79348 79348 80963 81058 
748854 812088 948185 881484 324744 249244 831489 325029 295455 16196 ,65891 67964 68976 72555 72962 73026 73543 75565 75727 77199 ,748854 812088 948185 881484 324744 249244 831489 325029 295455 16196 ,65891 67964 68976 72555 72962 73026 73543 75565 75727 77199 
839386 858702 324686 755495 74217 330757 778117 257133 686805 839289 ,47506 65188 65579 66154 67788 68531 74645 77794 78594 79066 ,839386 858702 324686 755495 74217 330757 778117 257133 686805 839289 ,47506 65188 65579 66154 67788 68531 74645 77794 78594 79066 
915915 886564 684076 554927 618355 248398 899970 730061 539804 919915 ,45364 47432 48776 52190 52764 53526 54673 54960 55054 55744 ,915915 886564 684076 554927 618355 248398 899970 539804 919915 130871 ,45364 47432 48776 52190 52764 53526 54673 55054 55744 56084 
156678 691455 928522 17749 958349 497822 101086 194202 273018 208594 ,60156 68505 69114 69744 71840 73615 73672 73978 73978 75028 ,156678 691455 928522 17749 497822 101086 273018 194202 208594 886259 ,60156 68505 69114 69744 73615 73672 73978 73978 75028 75721 
206778 804609 678153 380584 863764 228807 754098 177228 614134 226360 ,63300 66931 69822 73878 78162 78415 80153 81220 81650 82018 ,206778 804609 678153 380584 863764 228807 754098 177228 614134 226360 ,63300 66931 69822 73878 78162 78415 80153 81220 81650 82018 
828512 969242 883590 604811 256974 77355 995522 975304 924261 621252 ,104523 110566 111983 112233 113671 114036 114945 117531 119325 119571 ,828512 969242 883590 604811 256974 77355 995522 975304 924261 621252 ,104523 110566 111983 112233 113671 114036 114945 117531 119325 119571 
223261 791678 977371 598410 524055 849323 388660 217666 362011 628818 ,69482 69730 71398 75804 75989 76787 76802 78233 78532 78628 ,223261 791678 977371 849323 362011 628818 921921 147291 865278 430362 ,69482 69730 71398 76787 78532 78628 79186 79659 80243 81586 
104620 881770 242313 453686 765719 961447 351901 256404 358391 620866 ,144130 174534 176879 177055 178395 179040 181261 182042 187743 188504 ,104620 881770 242313 453686 765719 961447 351901 256404 358391 620866 ,144130 174534 176879 177055 178395 179040 181261 182042 187743 188504 
605614 470918 873497 520556 736188 682202 186650 808611 929284 839309 ,54894 69154 69973 71440 73309 80178 80263 82916 84838 85087 ,605614 470918 873497 520556 736188 682202 186650 808611 929284 839309 ,54894 69154 69973 71440 73309 80178 80263 82916 84838 85087 
639983 774771 411890 498886 218629 45112 309980 408207 44842 558923 ,39100 42149 43566 45791 46834 47531 48311 48362 48521 48543 ,639983 774771 411890 498886 218629 45112 408207 44842 906634 774800 ,39100 42149 43566 45791 46834 47531 48362 48521 48939 49118 
919739 265655 643554 644334 642315 940904 668927 880218 212412 449690 ,26996 28731 34126 35410 41650 42116 43093 44552 44610 47797 ,919739 265655 643554 644334 642315 940904 668927 880218 212412 449690 ,26996 28731 34126 35410 41650 42116 43093 44552 44610 47797 
982259 613918 208211 304877 50177 413237 40260 413302 303645 442603 ,37064 39528 40532 41143 48652 50786 51210 53617 54274 55475 ,982259 613918 208211 304877 50177 413237 40260 413302 303645 442603 ,37064 39528 40532 41143 48652 50786 51210 53617 54274 55475 
99178 34355 108301 808914 735926 895262 748630 453872 501456 549641 ,91809 117661 118012 124491 129233 129234 130579 130968 132058 132543 ,99178 34355 108301 808914 735926 895262 748630 453872 501456 549641 ,91809 117661 118012 124491 129233 129234 130579 130968 132058 132543 
298616 720113 523312 948799 531292 361894 362089 629760 966167 263253 ,52011 59174 59582 59713 60948 60980 62109 62658 63441 63521 ,298616 720113 523312 948799 531292 361894 362089 629760 966167 263253 ,52011 59174 59582 59713 60948 60980 62109 62658 63441 63521 
250435 796767 457378 452883 884120 740482 687247 670374 809458 972906 ,45786 48370 51818 60215 64422 65842 68460 69476 70038 70278 ,250435 796767 457378 452883 884120 740482 687247 670374 809458 972906 ,45786 48370 51818 60215 64422 65842 68460 69476 70038 70278 
644940 668025 638662 644024 642386 983931 645004 983499 13085 644349 ,26376 28756 29713 30638 31077 32171 33419 34184 36443 37094 ,644940 668025 638662 644024 642386 983931 645004 983499 13085 644349 ,26376 28756 29713 30638 31077 32171 33419 34184 36443 37094 
912627 910279 739783 474290 684093 459240 155726 677247 533789 421906 ,80703 81157 86363 88900 89080 89476 100707 101854 103902 103923 ,912627 910279 739783 474290 684093 459240 155726 677247 533789 421906 ,80703 81157 86363 88900 89080 89476 100707 101854 103902 103923 
985579 578788 744632 839122 348037 864988 97654 466033 694882 798879 ,66963 70678 78057 80677 81122 81764 82839 84161 84703 85498 ,985579 578788 744632 839122 348037 466033 694882 798879 697023 143306 ,66963 70678 78057 80677 81122 84161 84703 85498 85673 86027 
693085 753005 571998 370427 584009 831363 154202 399787 22488 778529 ,77455 79541 81736 85467 86516 89751 89821 91991 93241 93360 ,693085 753005 571998 370427 584009 831363 154202 399787 22488 778529 ,77455 79541 81736 85467 86516 89751 89821 91991 93241 93360 
519018 255450 295226 458685 260024 518107 242565 711474 684329 616369 ,74340 83476 86537 86855 89406 89705 89900 91950 91975 92078 ,519018 255450 295226 458685 260024 518107 242565 711474 684329 616369 ,74340 83476 86537 86855 89406 89705 89900 91950 91975 92078 
851889 858173 867782 193819 272635 856180 443311 879931 852659 194161 ,23326 25627 25693 26294 26294 26619 27082 27338 27393 27743 ,851889 858173 867782 272635 193819 856180 443311 879931 852659 194161 ,23326 25627 25693 26294 26294 26619 27082 27338 27393 27743 
151232 421264 809717 685228 228619 77309 662576 526587 959928 601602 ,48324 57602 59912 62911 64543 64945 66120 66530 67759 69199 ,151232 421264 809717 685228 228619 77309 662576 526587 959928 601602 ,48324 57602 59912 62911 64543 64945 66120 66530 67759 69199 
596106 730169 466742 923744 493272 926858 618497 488864 214569 286358 ,53072 61020 62824 62941 64829 65397 66446 67190 67224 67654 ,596106 923744 493272 618497 488864 214569 286358 765430 341682 394850 ,53072 62941 64829 66446 67190 67224 67654 68521 70691 71631 
343295 873160 961753 734521 535294 656045 17018 127624 225129 597027 ,77240 80150 80204 81222 83899 85102 85636 86638 86711 88005 ,343295 873160 961753 734521 535294 656045 17018 127624 225129 597027 ,77240 80150 80204 81222 83899 85102 85636 86638 86711 88005 
649429 762062 786464 588178 249625 574911 820675 174026 860736 283955 ,56600 58456 59019 64990 65031 65638 66106 67845 69224 69490 ,649429 762062 786464 588178 249625 574911 820675 174026 860736 283955 ,56600 58456 59019 64990 65031 65638 66106 67845 69224 69490 
668457 736298 64451 54363 68707 927366 544069 696635 174541 54310 ,54601 63703 65134 65283 65810 65860 66073 66691 66783 66800 ,668457 736298 64451 54363 68707 927366 544069 696635 174541 54310 ,54601 63703 65134 65283 65810 65860 66073 66691 66783 66800 
924316 925550 609736 785288 799531 329532 609749 609752 892678 204028 ,7912 10401 19529 21055 21165 22732 22739 23046 23485 23533 ,925550 473613 189415 998709 473147 206966 429962 639819 649955 555272 ,10401 26266 26734 27257 27297 27302 27584 28679 29121 29321 
805909 926561 455605 224561 493379 619415 959777 717622 531929 401730 ,44137 50569 51131 54724 54822 55125 55426 59194 59917 60791 ,805909 926561 455605 224561 493379 619415 959777 717622 531929 401730 ,44137 50569 51131 54724 54822 55125 55426 59194 59917 60791 
724106 977274 526660 510502 400784 617703 67705 452533 566518 616003 ,62877 65976 66094 66501 66984 68162 68779 69096 69466 69743 ,724106 977274 526660 510502 400784 617703 67705 452533 566518 616003 ,62877 65976 66094 66501 66984 68162 68779 69096 69466 69743 
750262 397945 945168 576320 436138 397299 799365 588860 935654 767683 ,51843 73862 73990 76750 77130 77586 77962 79979 80196 80317 ,750262 397945 576320 436138 397299 799365 588860 935654 767683 577258 ,51843 73862 76750 77130 77586 77962 79979 80196 80317 80354 
58956 101767 299435 574398 666611 855542 826671 839555 864498 11181 ,55067 56262 57827 63158 69528 69593 70688 72345 73590 74149 ,58956 101767 299435 574398 666611 855542 826671 839555 864498 11181 ,55067 56262 57827 63158 69528 69593 70688 72345 73590 74149 
959086 774598 324586 353941 782200 340474 232021 630855 589689 97670 ,39937 42087 42260 42531 42838 43484 44022 45113 45423 46037 ,959086 774598 324586 353941 782200 340474 232021 630855 589689 97670 ,39937 42087 42260 42531 42838 43484 44022 45113 45423 46037 
871671 91921 587864 226517 724562 386134 20088 285065 273702 809614 ,64427 67851 71536 74527 74579 75314 80463 83916 84340 85530 ,871671 91921 587864 226517 724562 20088 285065 273702 809614 81926 ,64427 67851 71536 74527 74579 80463 83916 84340 85530 86085 
859335 732195 43938 963296 315674 295385 599078 389927 529242 1525 ,38179 38621 41440 42463 42635 44693 46115 46644 47524 47678 ,859335 732195 43938 963296 315674 295385 599078 389927 1525 280523 ,38179 38621 41440 42463 42635 44693 46115 46644 47678 48137 
108648 879721 519817 425938 126005 681335 392830 497927 784758 14437 ,68893 80568 84999 85221 88064 88261 89025 89973 90246 90952 ,108648 879721 519817 425938 126005 681335 392830 497927 784758 14437 ,68893 80568 84999 85221 88064 88261 89025 89973 90246 90952 
175258 571578 188062 802548 572063 590136 264930 935798 902264 731789 ,65144 67221 73352 74981 75372 75388 77433 77914 78632 78935 ,175258 571578 188062 802548 572063 590136 264930 935798 902264 731789 ,65144 67221 73352 74981 75372 75388 77433 77914 78632 78935 
806702 931661 93489 61899 983067 628676 751631 629643 90066 200174 ,63107 63121 67495 68033 70409 71471 71802 71945 72225 72493 ,806702 931661 93489 61899 983067 628676 751631 629643 90066 200174 ,63107 63121 67495 68033 70409 71471 71802 71945 72225 72493 
810411 375889 58917 476976 68812 597340 459803 299634 555955 605334 ,31266 31907 31931 34377 34684 35887 41103 41799 41962 43453 ,810411 375889 58917 476976 68812 597340 459803 299634 555955 605334 ,31266 31907 31931 34377 34684 35887 41103 41799 41962 43453 
903685 43311 400375 686262 777285 83658 382268 418344 104499 448322 ,67429 70028 70279 74026 74587 76848 77617 78154 80294 81263 ,903685 43311 400375 686262 777285 83658 382268 418344 104499 448322 ,67429 70028 70279 74026 74587 76848 77617 78154 80294 81263 
904498 598413 225129 831242 773061 96744 781345 719715 410567 404247 ,109113 125099 133214 141439 147929 165158 191660 196384 220073 237071 ,904498 598413 225129 831242 773061 96744 781345 719715 410567 404247 ,109113 125099 133214 141439 147929 165158 191660 196384 220073 237071 
137103 610344 6691 700051 553447 591039 191735 470674 809294 756569 ,48839 63126 64816 73682 74000 74245 74460 76575 77825 77956 ,137103 610344 6691 700051 553447 591039 191735 470674 809294 756569 ,48839 63126 64816 73682 74000 74245 74460 76575 77825 77956 
547512 224840 871696 336859 974694 241425 900432 174737 502467 388402 ,56516 59201 59832 63708 65630 66330 67166 67523 68112 68287 ,547512 224840 974694 241425 900432 174737 502467 388402 115830 823245 ,56516 59201 65630 66330 67166 67523 68112 68287 70392 71228 
376331 647710 833318 674512 305583 142141 829500 742600 237362 163575 ,54827 57029 58197 58350 58748 59258 59323 60289 60622 60844 ,376331 647710 833318 674512 305583 142141 829500 742600 237362 163575 ,54827 57029 58197 58350 58748 59258 59323 60289 60622 60844 
584242 197140 228239 453209 725231 518776 334144 80012 682677 952332 ,55120 57074 60750 61382 61862 63166 64431 65933 65996 66930 ,197140 228239 453209 725231 518776 334144 80012 682677 952332 452758 ,57074 60750 61382 61862 63166 64431 65933 65996 66930 67145 
661745 532126 666265 239183 321618 600226 134504 764661 978846 925307 ,58577 63747 65791 67011 71889 72130 73210 75422 75808 76993 ,661745 532126 666265 239183 321618 600226 134504 764661 978846 925307 ,58577 63747 65791 67011 71889 72130 73210 75422 75808 76993 
925732 106805 108921 866335 82265 154586 727481 776306 74223 692055 ,69351 72634 75326 75463 76091 77366 77416 77498 77677 78095 ,925732 106805 108921 866335 82265 154586 727481 776306 692055 381238 ,69351 72634 75326 75463 76091 77366 77416 77498 78095 79714 
566165 772580 529005 474711 958428 240970 793375 971875 560973 412352 ,51274 65555 69535 70940 71342 72699 73022 73226 73658 73942 ,566165 772580 529005 474711 958428 240970 793375 971875 560973 412352 ,51274 65555 69535 70940 71342 72699 73022 73226 73658 73942 
917995 837363 796996 544789 672149 989700 997148 491101 909 985919 ,52365 52748 52916 54623 61557 65873 66639 66850 68013 69490 ,917995 837363 796996 544789 672149 989700 997148 491101 909 985919 ,52365 52748 52916 54623 61557 65873 66639 66850 68013 69490 
924517 187245 110510 525221 982849 639111 107259 719510 720501 600907 ,60827 67875 71099 71944 72391 72696 75166 76001 76283 76400 ,187245 110510 525221 982849 639111 107259 720501 600907 70718 419563 ,67875 71099 71944 72391 72696 75166 76283 76400 77148 77625 
538930 603678 383824 231791 130156 15663 925779 113568 880578 876874 ,57363 65622 66566 70344 71175 72950 75385 76317 78228 78415 ,538930 603678 383824 231791 130156 15663 925779 113568 880578 876874 ,57363 65622 66566 70344 71175 72950 75385 76317 78228 78415 
128386 859581 897217 2098 481510 326400 17522 734029 318638 219960 ,51905 54251 54316 54898 55795 55842 55969 56188 56868 57892 ,859581 2098 60223 802300 152226 584770 505313 923250 377300 441686 ,54251 54898 58102 58742 59959 60005 61532 61815 61909 62721 
568861 924999 184673 686479 767363 117898 574331 144794 280473 219719 ,56375 58005 61779 63685 63832 63962 64507 64727 65096 65177 ,568861 924999 686479 117898 574331 144794 280473 219719 574725 117127 ,56375 58005 63685 63962 64507 64727 65096 65177 65378 65694 
803244 736251 698459 93934 360793 907214 594008 294729 815670 496653 ,46603 51546 62409 69592 71644 71702 72042 72354 72718 72870 ,803244 736251 698459 93934 360793 907214 594008 294729 815670 496653 ,46603 51546 62409 69592 71644 71702 72042 72354 72718 72870 
31369 765403 217524 102003 286824 737158 48510 406087 265363 592012 ,29079 41098 42439 42983 43242 43834 44074 44557 45432 45794 ,31369 765403 217524 102003 286824 737158 48510 406087 265363 592012 ,29079 41098 42439 42983 43242 43834 44074 44557 45432 45794 
215529 958047 215514 426534 229916 822173 239704 964724 685025 69918 ,35476 38150 44113 46604 46969 48127 48376 48726 49459 49497 ,215529 958047 215514 229916 822173 239704 964724 685025 69918 465859 ,35476 38150 44113 46969 48127 48376 48726 49459 49497 49974 
51834 609204 421162 614134 194219 536639 812760 585124 879809 926716 ,43087 49841 57210 58735 59274 60492 62330 63370 66578 68367 ,51834 609204 421162 614134 194219 536639 812760 585124 879809 926716 ,43087 49841 57210 58735 59274 60492 62330 63370 66578 68367 
870595 602995 639026 89419 638627 912162 980837 652719 655055 442955 ,49650 50650 55412 56129 56140 57037 57370 58718 59388 60479 ,870595 602995 639026 89419 638627 912162 980837 652719 655055 442955 ,49650 50650 55412 56129 56140 57037 57370 58718 59388 60479 
184078 794052 370052 364622 98813 20933 967539 160705 797571 151889 ,63430 64182 64650 65217 67825 68204 68386 68760 69717 70531 ,184078 794052 370052 364622 98813 20933 967539 160705 151889 803345 ,63430 64182 64650 65217 67825 68204 68386 68760 70531 70672 
926376 736999 699505 96174 728579 516244 17052 631590 20865 635383 ,69821 73384 74875 76401 77184 79641 83600 83901 84497 85417 ,926376 699505 96174 728579 516244 17052 631590 20865 635383 181081 ,69821 74875 76401 77184 79641 83600 83901 84497 85417 87557 
128748 506284 522648 833428 406558 481388 487424 893453 965614 899353 ,33772 43930 45876 46465 48413 48954 49892 50922 50957 51174 ,128748 506284 522648 833428 406558 481388 487424 893453 965614 899353 ,33772 43930 45876 46465 48413 48954 49892 50922 50957 51174 
448900 492683 331294 296271 429319 132484 473681 505405 258297 491679 ,25189 29245 35122 35590 37525 39348 39641 39686 40562 40823 ,429319 491679 473717 431455 588792 566218 248592 69131 977336 83184 ,37525 40823 41328 42154 43802 48732 48969 49693 49839 50067 
873771 21458 664512 586905 873083 965486 481785 208399 592125 869098 ,70094 75612 75861 79664 81532 82096 83445 83591 83944 84777 ,873771 21458 664512 586905 873083 965486 481785 208399 592125 869098 ,70094 75612 75861 79664 81532 82096 83445 83591 83944 84777 
903768 649898 996712 756845 536657 877373 445116 758176 447276 113003 ,14915 15837 16299 16559 16839 16893 17501 17559 17647 17987 ,903768 649898 996712 756845 536657 877373 445116 758176 447276 113003 ,14915 15837 16299 16559 16839 16893 17501 17559 17647 17987 
498656 240279 110041 333254 762628 924004 353396 408947 353925 327642 ,62985 65020 73499 75874 78177 78328 79692 79809 81265 84530 ,498656 240279 110041 333254 762628 924004 353396 408947 353925 327642 ,62985 65020 73499 75874 78177 78328 79692 79809 81265 84530 
982597 666380 619241 394768 660221 195681 649297 601603 578600 504005 ,38091 44867 46067 47470 48111 48185 48232 49072 52057 52981 ,982597 666380 619241 394768 660221 195681 649297 601603 578600 504005 ,38091 44867 46067 47470 48111 48185 48232 49072 52057 52981 
738865 51810 638232 869624 978211 140504 169744 235238 733557 635099 ,40990 55668 56266 58515 60470 61834 63111 64857 65984 66131 ,738865 51810 638232 869624 978211 140504 169744 235238 733557 554850 ,40990 55668 56266 58515 60470 61834 63111 64857 65984 66197 
515356 514769 588644 277127 303941 500865 708981 254981 831003 322936 ,68269 68750 70069 72022 74060 74130 74832 75022 75053 75696 ,515356 514769 277127 303941 708981 254981 831003 322936 951625 788336 ,68269 68750 72022 74060 74832 75022 75053 75696 76448 77148 
768371 880218 667790 919288 970102 768316 997116 857481 563959 669893 ,24524 29687 35949 37021 40425 41361 41364 43115 44514 45023 ,768371 880218 667790 919288 970102 768316 997116 857481 563959 669893 ,24524 29687 35949 37021 40425 41361 41364 43115 44514 45023 
927955 266132 735552 119430 747381 553486 577294 737772 829335 740918 ,46694 56540 59564 60762 61833 62414 62611 62704 62755 63335 ,927955 119430 553486 577294 829335 740918 925327 839054 53260 967048 ,46694 60762 62414 62611 62755 63335 63494 64020 64181 65503 
501819 127367 951146 444475 24607 447003 788221 263498 452188 607249 ,32404 35055 35209 35825 36692 37169 37466 38319 39088 39095 ,501819 127367 951146 444475 447003 788221 263498 607249 193725 658639 ,32404 35055 35209 35825 37169 37466 38319 39095 39418 39641 
927309 9247 8376 8095 8398 300853 392109 131975 285626 124687 ,23424 34000 35596 36102 41921 45208 46177 46805 47014 49249 ,927309 8376 300853 131975 124687 360386 754594 967907 295273 284670 ,23424 35596 45208 46805 49249 51070 51249 51886 52166 52286 
834217 412273 952497 794008 336734 834283 834122 608997 78492 902109 ,63266 73834 75125 75142 75450 76754 76828 77346 77695 79060 ,834217 412273 952497 794008 336734 834283 834122 608997 78492 902109 ,63266 73834 75125 75142 75450 76754 76828 77346 77695 79060 
391081 394032 962558 790229 104176 94626 888566 956835 390999 514346 ,50892 51482 52144 54936 57116 57130 57247 57298 57553 58153 ,391081 962558 104176 514346 197263 840297 94499 26722 70656 193617 ,50892 52144 57116 58153 59215 59295 59307 59767 60115 61772 
2953 18592 275800 275572 864368 3336 491150 688737 694854 928092 ,55530 62347 65666 68584 69336 70081 71096 71096 71281 71499 ,2953 18592 275800 275572 864368 3336 491150 688737 694854 928092 ,55530 62347 65666 68584 69336 70081 71096 71096 71281 71499 
803229 107090 843996 729531 797703 15062 10759 795654 10600 388689 ,82120 84688 85248 87472 89720 91899 94431 94696 94853 96078 ,803229 107090 843996 729531 797703 10759 795654 10600 388689 275370 ,82120 84688 85248 87472 89720 94431 94696 94853 96078 99225 
258681 934903 517238 253073 262010 627661 245012 670462 691205 844338 ,70673 71229 72286 72852 74609 77511 83845 86779 86921 86930 ,258681 934903 517238 253073 262010 627661 245012 670462 691205 844338 ,70673 71229 72286 72852 74609 77511 83845 86779 86921 86930 
339960 679566 812197 890024 811959 940942 599748 812154 233587 168577 ,51865 61770 64011 65785 65810 68331 69157 70597 72342 72643 ,339960 679566 812197 890024 940942 599748 812154 233587 168577 930976 ,51865 61770 64011 65785 68331 69157 70597 72342 72643 73495 
130804 616737 773139 425223 384408 844749 208592 140748 31643 306908 ,60075 72260 75731 77240 77647 79487 80586 82952 83198 83216 ,130804 616737 773139 425223 384408 844749 208592 140748 31643 306908 ,60075 72260 75731 77240 77647 79487 80586 82952 83198 83216 
205098 984369 983831 421209 720227 655531 58550 995089 574634 962067 ,49680 50866 54115 55210 56810 58500 59494 59588 60191 60216 ,205098 984369 983831 421209 720227 655531 58550 995089 574634 962067 ,49680 50866 54115 55210 56810 58500 59494 59588 60191 60216 
341486 86656 90346 235182 67143 70237 61165 461726 665397 222727 ,57626 59230 60115 61244 62616 62666 62769 62773 62817 62897 ,341486 86656 90346 235182 67143 70237 461726 665397 222727 967114 ,57626 59230 60115 61244 62616 62666 62773 62817 62897 63600 
451091 48648 675953 224715 157809 408094 790464 56479 584147 151080 ,108504 119260 124344 134114 134411 138537 139490 140315 142052 143431 ,451091 48648 224715 157809 408094 790464 56479 151080 625134 874035 ,108504 119260 134114 134411 138537 139490 140315 143431 144066 145383 
362870 249261 299576 21110 83901 298796 902261 56380 806273 99819 ,104344 109355 126660 138897 145094 157887 159815 178328 185788 186548 ,362870 249261 299576 21110 83901 298796 902261 56380 806273 99819 ,104344 109355 126660 138897 145094 157887 159815 178328 185788 186548 
997347 736093 298702 436051 468947 335789 46212 841931 587269 929772 ,80063 91823 93858 98582 99238 99976 100746 102098 105668 106836 ,997347 736093 298702 436051 468947 335789 46212 841931 587269 929772 ,80063 91823 93858 98582 99238 99976 100746 102098 105668 106836 
452377 606450 489584 888535 901252 452583 35615 564468 917481 869822 ,50648 52634 53803 54553 55416 55598 55776 56491 58629 58938 ,452377 606450 489584 888535 901252 452583 35615 917481 869822 58270 ,50648 52634 53803 54553 55416 55598 55776 58629 58938 59439 
254553 102622 373455 323008 354586 322417 792272 423447 678539 44283 ,14896 15023 23230 23378 24544 24648 25030 25154 25497 25840 ,254553 102622 373455 323008 354586 322417 792272 423447 678539 44283 ,14896 15023 23230 23378 24544 24648 25030 25154 25497 25840 
394386 383585 30966 382338 334673 491244 35975 179568 978823 346990 ,55855 59372 61705 62333 65421 65769 67812 69129 70695 71076 ,394386 383585 30966 382338 334673 491244 35975 179568 978823 346990 ,55855 59372 61705 62333 65421 65769 67812 69129 70695 71076 
70713 564529 848052 701288 308460 399096 16722 715375 526974 790315 ,64421 66894 69030 69302 70056 70402 71154 71389 72049 72509 ,70713 564529 848052 701288 308460 399096 16722 715375 526974 790315 ,64421 66894 69030 69302 70056 70402 71154 71389 72049 72509 
125258 983883 2676 470380 230396 765499 225713 268523 111602 378116 ,69265 89130 91338 95486 95611 99258 105877 106151 106840 110590 ,125258 983883 2676 470380 230396 765499 225713 268523 111602 378116 ,69265 89130 91338 95486 95611 99258 105877 106151 106840 110590 
928767 487049 43810 349465 842129 598382 416329 454019 238308 257067 ,29680 51732 53564 53695 54663 55222 55996 55998 57046 58297 ,487049 842129 454019 162687 402872 20834 822272 886781 945734 595073 ,51732 54663 55998 58520 58886 59705 61603 62002 62148 62407 
333372 325008 946248 307588 382437 79816 632423 956971 747892 791878 ,47467 59855 61990 62797 64562 64664 65789 66636 67659 68799 ,333372 325008 946248 307588 382437 79816 632423 956971 747892 791878 ,47467 59855 61990 62797 64562 64664 65789 66636 67659 68799 
912520 293731 728950 20610 381568 462041 943477 782436 309102 743916 ,114135 127177 133719 139164 140260 144546 149912 154788 155959 156073 ,912520 293731 728950 20610 381568 462041 943477 782436 309102 743916 ,114135 127177 133719 139164 140260 144546 149912 154788 155959 156073 
430712 689167 84733 193319 272135 955775 594654 885199 998297 594157 ,65773 66928 67939 69145 69145 70028 70712 71680 72641 73057 ,430712 689167 84733 193319 272135 955775 594654 885199 998297 594157 ,65773 66928 67939 69145 69145 70028 70712 71680 72641 73057 
638574 982705 230045 876618 302719 765273 230162 411535 382519 264349 ,50010 51094 52625 52909 53319 53582 54120 55146 55235 55777 ,230045 876618 302719 765273 230162 411535 382519 264349 862498 510579 ,52625 52909 53319 53582 54120 55146 55235 55777 56518 56840 
933947 16722 723765 8828 855609 490840 562168 1550 122732 254928 ,77602 82705 99791 114821 126919 131234 140037 145560 159520 167562 ,933947 16722 723765 8828 855609 490840 562168 1550 122732 254928 ,77602 82705 99791 114821 126919 131234 140037 145560 159520 167562 
922827 900801 998777 187544 59397 913563 537220 696284 126431 938751 ,64655 78030 80147 81103 82804 86352 87350 87359 88968 89748 ,922827 900801 998777 187544 59397 913563 537220 696284 126431 938751 ,64655 78030 80147 81103 82804 86352 87350 87359 88968 89748 
84945 150286 744394 100874 955330 433827 780028 96337 337876 929942 ,83464 88915 91657 94307 97296 97739 99310 101066 102176 102404 ,84945 150286 744394 100874 955330 433827 780028 96337 337876 929942 ,83464 88915 91657 94307 97296 97739 99310 101066 102176 102404 
473335 14314 862259 267593 868103 576980 842560 732765 513758 497061 ,53102 53850 56757 64271 64742 68341 68787 69439 70298 71854 ,473335 14314 862259 267593 868103 576980 842560 732765 513758 497061 ,53102 53850 56757 64271 64742 68341 68787 69439 70298 71854 
715013 288604 435182 213679 980300 290257 727726 456410 967855 692763 ,95509 98181 100977 115457 120530 129536 130798 132127 133246 134322 ,715013 288604 435182 213679 980300 290257 727726 456410 967855 692763 ,95509 98181 100977 115457 120530 129536 130798 132127 133246 134322 
540855 409111 110783 97585 390187 470155 800609 913185 634339 96029 ,69016 99737 102337 111944 112590 113246 116973 119196 121091 122314 ,540855 409111 110783 97585 390187 470155 800609 913185 634339 96029 ,69016 99737 102337 111944 112590 113246 116973 119196 121091 122314 
523895 95745 118855 694656 432919 414971 872576 105588 925938 695914 ,44789 48792 49263 53300 53803 53852 55388 55393 55632 55760 ,523895 95745 118855 694656 432919 414971 872576 105588 925938 695914 ,44789 48792 49263 53300 53803 53852 55388 55393 55632 55760 
275266 708874 415199 264201 1054 433623 806105 708981 277127 527759 ,61177 63501 63680 65284 66304 66471 66700 66957 67035 67386 ,708874 415199 264201 1054 433623 806105 708981 277127 527759 15794 ,63501 63680 65284 66304 66471 66700 66957 67035 67386 68108 
797326 374184 285014 550562 931256 577761 726349 725222 837430 328896 ,65556 71452 73307 74138 74375 75666 77144 77191 79087 79551 ,797326 374184 285014 550562 931256 577761 726349 725222 837430 328896 ,65556 71452 73307 74138 74375 75666 77144 77191 79087 79551 
185905 20405 177469 114917 382536 333765 100632 615380 676380 380323 ,76783 84695 89485 92138 97275 99830 101438 101858 103820 105988 ,185905 20405 177469 114917 382536 333765 100632 615380 676380 380323 ,76783 84695 89485 92138 97275 99830 101438 101858 103820 105988 
332816 900449 973744 290029 87029 841870 942242 931102 186448 620498 ,57364 73991 75588 85538 86095 86576 90206 91401 92009 92271 ,332816 900449 973744 290029 87029 841870 942242 931102 186448 620498 ,57364 73991 75588 85538 86095 86576 90206 91401 92009 92271 
195188 805742 167798 194842 545657 333506 846030 145590 347411 259755 ,56963 58844 61960 64353 70283 71498 71508 71773 72458 72857 ,195188 805742 167798 194842 545657 846030 145590 347411 259755 56907 ,56963 58844 61960 64353 70283 71508 71773 72458 72857 73142 
512210 1640 3140 732232 287748 524288 823006 293921 367441 92679 ,48634 51302 52545 54022 54966 56032 57512 57713 58192 59323 ,512210 1640 3140 287748 524288 823006 293921 367441 92679 521570 ,48634 51302 52545 54966 56032 57512 57713 58192 59323 59386 
295649 466990 377619 966906 465819 555711 60143 123919 269559 377873 ,54325 57161 58133 60232 60307 60930 61398 61468 61730 62351 ,295649 466990 377619 966906 465819 555711 60143 123919 269559 377873 ,54325 57161 58133 60232 60307 60930 61398 61468 61730 62351 
266107 492207 120305 209359 99957 493106 394953 685163 871954 428136 ,85543 86695 87763 89205 89221 93164 94437 97586 97870 98344 ,266107 492207 120305 209359 99957 493106 394953 685163 871954 685505 ,85543 86695 87763 89205 89221 93164 94437 97586 97870 100683 
763205 566343 712709 12926 836861 492978 61630 401356 598167 549429 ,63724 64910 73357 76503 77506 77848 77918 78359 80181 80739 ,763205 566343 712709 12926 836861 492978 61630 401356 598167 549429 ,63724 64910 73357 76503 77506 77848 77918 78359 80181 80739 
508327 684891 248667 111554 703551 798297 704277 440006 622196 508614 ,60708 62556 63201 64023 64358 65505 66047 66686 67437 67617 ,508327 684891 248667 111554 703551 798297 704277 440006 622196 508614 ,60708 62556 63201 64023 64358 65505 66047 66686 67437 67617 
832967 921337 546499 842512 832981 546467 223985 546468 708784 546770 ,16698 18969 19576 19773 19835 20046 21053 21199 21203 21209 ,842512 914877 544153 224939 430923 956401 960109 932098 960662 546486 ,19773 25324 26766 27553 28430 29664 29787 29930 30092 31178 
933682 181716 172922 171097 162635 336424 587321 170214 940578 308167 ,75110 78170 83493 84753 85328 85448 86295 88326 89262 90464 ,933682 181716 172922 171097 162635 336424 587321 170214 940578 308167 ,75110 78170 83493 84753 85328 85448 86295 88326 89262 90464 
730950 684933 230406 400055 57157 268856 844003 852002 661020 96015 ,84118 84758 84868 85059 87593 92451 93190 94373 95308 95839 ,730950 684933 230406 400055 57157 268856 844003 852002 661020 96015 ,84118 84758 84868 85059 87593 92451 93190 94373 95308 95839 
97267 287501 410417 502175 421062 473862 494143 264666 869338 615984 ,42270 42322 42579 43495 44061 44405 45221 45243 45920 46042 ,97267 287501 410417 502175 421062 473862 494143 264666 869338 615984 ,42270 42322 42579 43495 44061 44405 45221 45243 45920 46042 
518278 500558 12992 939592 147605 667619 538689 77171 88185 153872 ,107713 124222 129507 157759 159739 168483 184681 185967 194548 206164 ,518278 500558 12992 939592 147605 667619 538689 77171 88185 153872 ,107713 124222 129507 157759 159739 168483 184681 185967 194548 206164 
620598 394192 599143 977462 343072 834860 102222 72936 909115 663469 ,63356 83187 86886 87911 88381 88434 89733 91541 91777 92019 ,620598 394192 599143 977462 343072 834860 102222 72936 909115 663469 ,63356 83187 86886 87911 88381 88434 89733 91541 91777 92019 
947667 513987 918910 34509 628528 39872 13993 932071 795888 79758 ,52269 56307 59716 59929 60468 61839 63824 64548 65702 66641 ,947667 513987 918910 34509 628528 39872 13993 932071 795888 79758 ,52269 56307 59716 59929 60468 61839 63824 64548 65702 66641 
421062 985437 732295 113189 114783 11354 732430 112854 2482 264666 ,31817 32899 37632 38938 40741 41610 42055 42585 43425 43603 ,421062 985437 732295 113189 114783 11354 732430 112854 2482 264666 ,31817 32899 37632 38938 40741 41610 42055 42585 43425 43603 
849277 840277 970091 126203 848627 893046 443009 210370 922587 254395 ,42379 43891 47331 48981 49404 49902 51265 53626 54026 54517 ,849277 840277 970091 126203 848627 893046 443009 210370 922587 254395 ,42379 43891 47331 48981 49404 49902 51265 53626 54026 54517 
937721 517409 622206 504011 938140 281957 300055 299436 699391 153148 ,44941 66149 67042 67599 67662 69678 70269 71169 71263 72045 ,937721 517409 622206 504011 938140 300055 299436 699391 153148 123290 ,44941 66149 67042 67599 67662 70269 71169 71263 72045 73600 
869523 15351 933089 201370 606481 960795 545090 200477 842090 223734 ,40326 40767 40866 41740 42310 42550 43875 43941 46668 47542 ,869523 15351 933089 201370 606481 960795 545090 200477 842090 223734 ,40326 40767 40866 41740 42310 42550 43875 43941 46668 47542 
280686 485266 326731 933213 588567 872028 729144 75828 751004 354462 ,75975 77574 77828 81855 81985 83554 86688 87385 88225 91941 ,280686 485266 326731 933213 588567 872028 729144 75828 751004 354462 ,75975 77574 77828 81855 81985 83554 86688 87385 88225 91941 
205784 988212 42041 917515 529355 16836 265983 158031 717182 538170 ,46983 48515 50758 51734 51851 52720 53979 54206 54540 54799 ,205784 988212 42041 917515 529355 16836 265983 158031 717182 538170 ,46983 48515 50758 51734 51851 52720 53979 54206 54540 54799 
119690 890508 834895 854804 63210 321029 426105 637747 736089 499192 ,63794 71102 71581 72830 72886 76276 76588 77135 77317 77583 ,119690 890508 834895 854804 63210 321029 426105 637747 736089 499192 ,63794 71102 71581 72830 72886 76276 76588 77135 77317 77583 
326400 576085 577210 577359 335953 886851 578938 75792 392547 663928 ,55096 56636 57678 61196 61622 63234 65270 67058 67066 67097 ,326400 576085 577210 577359 335953 886851 75792 392547 663928 453653 ,55096 56636 57678 61196 61622 63234 67058 67066 67097 67872 
552187 632858 677211 492844 187677 869457 688853 587534 98867 332502 ,54280 58560 62892 64663 64961 67776 67994 68431 68603 68962 ,552187 632858 677211 492844 187677 869457 688853 587534 98867 332502 ,54280 58560 62892 64663 64961 67776 67994 68431 68603 68962 
263202 555074 144013 994580 528733 338380 953450 940841 719648 842450 ,47596 61274 65827 66644 69549 69593 70895 71298 72204 72572 ,263202 555074 144013 994580 528733 338380 953450 940841 719648 842450 ,47596 61274 65827 66644 69549 69593 70895 71298 72204 72572 
396187 803420 146089 783693 81333 783845 841023 707168 918459 840397 ,72308 72597 74118 74262 75563 76338 77190 77768 78681 78697 ,396187 803420 146089 783693 81333 783845 841023 918459 840397 19153 ,72308 72597 74118 74262 75563 76338 77190 78681 78697 78704 
835957 157708 310539 760266 438226 633499 650055 18080 62560 532988 ,77354 84206 86923 88184 88363 90176 90660 90967 91347 92317 ,835957 157708 310539 760266 438226 633499 650055 18080 62560 532988 ,77354 84206 86923 88184 88363 90176 90660 90967 91347 92317 
295852 608479 15541 810552 882794 10492 107836 253852 193982 952217 ,44039 48074 48382 48753 50616 52004 52335 52435 52823 53720 ,295852 608479 15541 810552 882794 10492 107836 253852 193982 952217 ,44039 48074 48382 48753 50616 52004 52335 52435 52823 53720 
594148 594622 917070 69909 709282 594869 582054 842271 266212 869398 ,56154 63671 64344 65188 68005 68345 70150 70395 71201 71517 ,594148 594622 917070 69909 709282 594869 582054 266212 869398 843006 ,56154 63671 64344 65188 68005 68345 70150 71201 71517 72495 
690403 103340 465876 599342 691198 200324 265748 30520 413096 438739 ,48024 48331 51815 52458 53122 53776 55012 55349 56598 56803 ,690403 465876 200324 265748 30520 413096 542860 294410 526544 103300 ,48024 51815 53776 55012 55349 56598 57261 57611 58258 58418 
796485 838458 129060 12504 416878 90066 732938 796495 744115 100140 ,61865 63656 63919 65360 65720 68162 68250 69239 69732 69842 ,796485 838458 129060 12504 416878 90066 732938 796495 100140 921971 ,61865 63656 63919 65360 65720 68162 68250 69239 69842 69969 
759372 505736 606507 44924 661949 101685 163191 571679 472183 863195 ,42712 56834 57087 58307 60198 61578 61907 62732 63413 63604 ,759372 505736 606507 44924 661949 101685 163191 571679 472183 863195 ,42712 56834 57087 58307 60198 61578 61907 62732 63413 63604 
938090 938028 837681 672820 939527 400009 760395 824387 508583 837771 ,42728 48152 50673 51980 54024 54278 55100 56796 56997 57786 ,938090 938028 837681 672820 939527 400009 760395 824387 508583 837771 ,42728 48152 50673 51980 54024 54278 55100 56796 56997 57786 
224332 523573 872229 698134 924866 723158 276063 509132 773853 512704 ,76247 84925 97937 104583 105166 106147 106387 109270 110113 111032 ,224332 523573 872229 698134 924866 723158 276063 509132 773853 512704 ,76247 84925 97937 104583 105166 106147 106387 109270 110113 111032 
366298 802102 317489 691369 579502 402012 106274 764787 522855 13142 ,97783 101423 102508 102866 103603 105304 106359 108876 110397 111363 ,366298 802102 317489 691369 579502 402012 106274 764787 522855 13142 ,97783 101423 102508 102866 103603 105304 106359 108876 110397 111363 
443005 849194 442830 832993 912762 49970 544643 444352 191393 885694 ,26600 30128 30971 31905 32071 32505 32662 33209 33413 33418 ,443005 849194 442830 832993 912762 49970 544643 444352 191393 885694 ,26600 30128 30971 31905 32071 32505 32662 33209 33413 33418 
445449 593388 667362 415713 796107 702274 849094 478615 827171 446171 ,23262 23559 23983 24753 25359 26653 27039 27127 27352 27419 ,445449 593388 667362 415713 796107 702274 849094 478615 827171 446171 ,23262 23559 23983 24753 25359 26653 27039 27127 27352 27419 
840393 667789 449598 886398 541797 880160 897492 879713 669868 517315 ,23739 27517 27892 29021 31975 32916 33944 34089 34672 34980 ,840393 667789 449598 886398 541797 880160 897492 879713 669868 517315 ,23739 27517 27892 29021 31975 32916 33944 34089 34672 34980 
961455 368601 358499 412912 297266 879361 429524 861657 950556 570613 ,49771 62349 62676 62699 63972 64108 66187 67814 68105 68134 ,961455 368601 358499 412912 297266 879361 429524 861657 950556 570613 ,49771 62349 62676 62699 63972 64108 66187 67814 68105 68134 
385144 223552 89852 407734 761541 834437 547155 155807 908731 498248 ,38320 40587 43600 45979 46120 46798 47385 48549 48630 50081 ,385144 223552 89852 407734 761541 834437 547155 155807 908731 498248 ,38320 40587 43600 45979 46120 46798 47385 48549 48630 50081 
895274 157129 723577 920183 881463 441720 919449 504459 504882 847143 ,32749 34651 35592 35614 35816 36543 36806 37137 37387 37892 ,895274 881463 919449 732183 287632 955944 871335 123985 72108 855287 ,32749 35816 36806 41032 42264 43275 44076 44623 44636 44775 
819780 868698 880657 933974 560812 195091 902152 842360 955586 12928 ,50051 50683 57798 57827 58342 60095 61473 62026 64309 64632 ,819780 868698 880657 933974 560812 195091 902152 842360 955586 12928 ,50051 50683 57798 57827 58342 60095 61473 62026 64309 64632 
984990 328919 145334 584351 161271 282030 96138 988874 327204 455453 ,58055 62604 65547 67221 68547 72023 75778 78093 78821 78953 ,984990 328919 145334 584351 161271 282030 96138 988874 327204 455453 ,58055 62604 65547 67221 68547 72023 75778 78093 78821 78953 
846585 69943 555947 997489 185607 762072 774399 844080 208115 905019 ,75335 76674 77812 78395 80899 83582 87875 89240 89341 89506 ,846585 69943 555947 997489 185607 762072 774399 844080 208115 905019 ,75335 76674 77812 78395 80899 83582 87875 89240 89341 89506 
773246 865111 954067 826395 985782 954417 639195 521615 199459 557720 ,44144 45706 46426 47862 48696 48930 50356 51229 52341 52351 ,773246 954067 826395 985782 954417 521615 557720 345973 433485 382654 ,44144 46426 47862 48696 48930 51229 52351 52895 53569 53895 
395623 742928 251462 854804 894773 10181 286879 56767 500558 257555 ,136669 158163 158459 161564 162436 180133 184115 185254 185469 189678 ,395623 742928 251462 854804 894773 10181 286879 56767 500558 257555 ,136669 158163 158459 161564 162436 180133 184115 185254 185469 189678 
209972 948788 65873 865781 373971 942710 952350 490989 659803 678353 ,59969 60393 61817 61866 62542 63845 67135 67700 68204 68283 ,209972 948788 65873 865781 373971 942710 952350 490989 659803 678353 ,59969 60393 61817 61866 62542 63845 67135 67700 68204 68283 
577814 551748 465562 8828 631521 913871 167617 128541 146525 289902 ,89686 96108 99386 99559 101408 104174 104323 106291 106472 110289 ,577814 551748 465562 8828 631521 913871 167617 128541 146525 289902 ,89686 96108 99386 99559 101408 104174 104323 106291 106472 110289 
110571 199459 419694 289102 963000 557720 920939 442866 855404 469221 ,38248 38912 40932 41434 45413 49684 51993 52920 57159 57160 ,110571 419694 289102 963000 557720 920939 442866 855404 469221 433485 ,38248 40932 41434 45413 49684 51993 52920 57159 57160 60070 
578681 710794 562547 275727 953806 91590 923220 742910 516498 439676 ,39622 56984 58364 59955 60139 60309 61063 61490 63154 63578 ,578681 710794 562547 275727 953806 91590 923220 742910 516498 439676 ,39622 56984 58364 59955 60139 60309 61063 61490 63154 63578 
930517 930581 728105 368601 789418 370987 901321 789344 187516 606404 ,19289 48668 57194 65976 66803 68043 68614 69515 71243 72023 ,930517 930581 728105 368601 789418 370987 901321 789344 187516 606404 ,19289 48668 57194 65976 66803 68043 68614 69515 71243 72023 
393473 12451 100136 481424 725629 561120 375211 939847 439970 145899 ,72582 80353 87892 89835 90566 91661 92903 94471 94561 94723 ,393473 12451 100136 481424 725629 561120 375211 939847 145899 952246 ,72582 80353 87892 89835 90566 91661 92903 94471 94723 96752 
887521 148784 949244 195864 274620 14241 207994 879734 971439 126967 ,85455 87940 87955 88298 89754 93268 93515 94683 95659 96700 ,887521 148784 949244 195864 274620 14241 207994 879734 971439 126967 ,85455 87940 87955 88298 89754 93268 93515 94683 95659 96700 
526356 381379 616102 240899 2526 921618 940666 656591 51668 949488 ,54223 62509 69569 69786 71469 72349 73031 75547 76361 77277 ,526356 381379 616102 240899 2526 921618 940666 656591 51668 949488 ,54223 62509 69569 69786 71469 72349 73031 75547 76361 77277 
577850 87488 909719 550912 82558 275450 574921 948967 949578 111152 ,54782 59983 75436 77583 78347 78983 79888 81564 82645 83025 ,577850 87488 909719 550912 82558 275450 574921 948967 949578 111152 ,54782 59983 75436 77583 78347 78983 79888 81564 82645 83025 
155325 237911 820317 155662 89634 704682 384263 90090 95811 500389 ,45432 45447 49045 50854 53958 54636 56624 58657 58787 59497 ,155325 237911 820317 155662 89634 384263 90090 500389 78253 82534 ,45432 45447 49045 50854 53958 56624 58657 59497 61766 63178 
382370 565808 232762 987306 224246 210167 9590 10448 549463 16574 ,64668 65689 65881 65887 68385 70912 71234 72134 72890 73048 ,382370 224246 10448 549463 16574 180583 460166 521628 267047 863305 ,64668 68385 72134 72890 73048 73191 73454 73906 74750 74977 
671584 531364 597526 254928 489744 933947 8828 910811 213274 805230 ,148920 153154 154687 200663 204886 208337 228750 232702 238263 239880 ,671584 531364 597526 254928 489744 933947 8828 910811 213274 805230 ,148920 153154 154687 200663 204886 208337 228750 232702 238263 239880 
181481 394295 336469 316253 938938 707494 822575 400897 326522 933864 ,65840 67983 68669 69294 70228 71037 71575 74577 74582 74595 ,181481 394295 336469 316253 938938 707494 822575 400897 326522 318499 ,65840 67983 68669 69294 70228 71037 71575 74577 74582 74890 
251025 653827 610863 128683 257810 827999 318819 608065 982031 486146 ,62089 72483 73099 79964 83647 84344 90755 91982 92345 93470 ,251025 653827 610863 128683 257810 827999 318819 608065 982031 486146 ,62089 72483 73099 79964 83647 84344 90755 91982 92345 93470 
867463 690192 670089 202653 668101 832605 934643 831470 61309 291249 ,61880 67468 68035 68344 70092 71186 71579 71809 72524 72625 ,867463 690192 670089 202653 668101 832605 934643 61309 291249 466444 ,61880 67468 68035 68344 70092 71186 71579 72524 72625 72689 
482229 805286 742240 21027 779388 82699 485896 841158 940918 853650 ,84336 87816 94072 96828 97489 98689 99350 100899 101211 101619 ,482229 805286 742240 21027 779388 82699 485896 841158 940918 853650 ,84336 87816 94072 96828 97489 98689 99350 100899 101211 101619 
757033 667766 702995 486077 795395 885506 830953 861378 540445 611133 ,34967 37894 41910 42507 44965 47268 47720 47766 47771 47868 ,757033 667766 702995 486077 795395 885506 830953 861378 540445 611133 ,34967 37894 41910 42507 44965 47268 47720 47766 47771 47868 
669944 870174 870976 515257 257451 413849 868498 861351 207110 515325 ,33732 36830 42344 47785 48081 48357 49900 50439 51251 51314 ,669944 870174 870976 515257 257451 413849 868498 861351 207110 515325 ,33732 36830 42344 47785 48081 48357 49900 50439 51251 51314 
101283 930073 702221 555272 836437 825097 656838 281410 614202 830065 ,47213 52736 55743 56377 57707 57835 58132 58857 60715 60891 ,101283 930073 702221 555272 836437 825097 656838 281410 614202 830065 ,47213 52736 55743 56377 57707 57835 58132 58857 60715 60891 
905189 583753 58882 207662 842295 939213 15900 809072 795381 207685 ,20979 22149 27054 28049 28259 29881 29992 30513 31403 32024 ,905189 583753 58882 207662 939213 15900 809072 795381 207685 719154 ,20979 22149 27054 28049 29881 29992 30513 31403 32024 32149 
541889 513091 158159 169150 71517 883119 197811 265519 570139 661727 ,71061 73516 77340 77349 78922 79816 81490 83239 84543 84650 ,541889 513091 158159 169150 71517 883119 197811 265519 570139 661727 ,71061 73516 77340 77349 78922 79816 81490 83239 84543 84650 
390445 256698 390377 895104 931672 416152 112514 207092 525797 639689 ,35963 39002 40421 43557 43877 44947 45510 47093 47936 48385 ,390445 256698 390377 895104 931672 416152 112514 207092 525797 639689 ,35963 39002 40421 43557 43877 44947 45510 47093 47936 48385 
62407 674257 688541 516321 421141 52809 461306 810725 66421 834121 ,73955 78835 80563 80957 80964 82377 84129 86212 88298 88889 ,62407 674257 688541 516321 421141 52809 461306 810725 66421 834121 ,73955 78835 80563 80957 80964 82377 84129 86212 88298 88889 
161818 310612 313344 819279 202937 482150 628621 673091 825427 758806 ,36913 46633 47005 47338 50264 52991 54173 54313 54736 54879 ,161818 310612 313344 819279 202937 482150 628621 673091 825427 758806 ,36913 46633 47005 47338 50264 52991 54173 54313 54736 54879 
39954 825920 869305 991526 934642 848627 898969 836442 931680 486526 ,39648 39755 41498 42832 43490 44365 46013 46336 46454 46994 ,39954 825920 869305 991526 934642 848627 898969 836442 486526 895261 ,39648 39755 41498 42832 43490 44365 46013 46336 46994 47931 
695505 473334 501365 318084 143033 16429 508905 525884 865317 210292 ,59060 64279 65260 67313 68039 68432 71296 71403 73473 74022 ,695505 473334 501365 318084 143033 16429 508905 525884 865317 210292 ,59060 64279 65260 67313 68039 68432 71296 71403 73473 74022 
679690 16958 349237 832406 542183 864462 542057 664223 248771 665178 ,54582 58402 66241 69949 71468 73298 74048 74419 76237 78266 ,679690 16958 349237 832406 542183 864462 542057 664223 248771 665178 ,54582 58402 66241 69949 71468 73298 74048 74419 76237 78266 
931772 931758 394441 474347 203355 695096 415744 130569 108663 662697 ,32865 41968 46386 46502 49405 50363 51835 52264 53759 55069 ,931772 931758 394441 474347 203355 695096 415744 130569 108663 662697 ,32865 41968 46386 46502 49405 50363 51835 52264 53759 55069 
501955 789699 36882 605291 654119 496342 937485 758722 891435 786740 ,32984 34493 34611 35236 37317 38796 39288 40088 41108 42822 ,501955 789699 758722 329220 494141 952086 605454 70260 518921 519053 ,32984 34493 40088 43751 44120 44792 44830 44942 45518 46393 
931792 429138 741660 968508 963314 962443 793221 504972 201126 265404 ,22016 51143 56222 62153 63296 65315 65808 67418 67529 67529 ,931792 429138 741660 968508 963314 962443 793221 504972 201126 265404 ,22016 51143 56222 62153 63296 65315 65808 67418 67529 67529 
209638 210616 888133 892978 620816 191358 111602 18320 812069 224749 ,75579 81844 84128 87062 90439 94506 95984 96947 97240 98154 ,209638 210616 888133 892978 620816 191358 111602 18320 812069 224749 ,75579 81844 84128 87062 90439 94506 95984 96947 97240 98154 
421541 640652 654231 768557 893959 46372 646365 207059 655150 774476 ,14439 17421 18909 19201 19972 21779 21989 22598 22607 23279 ,654231 768557 46372 646365 655150 964989 447567 654894 791407 804531 ,18909 19201 21779 21989 22607 25639 25718 25888 25947 26072 
507346 877557 657849 560849 563458 657821 201637 267018 820215 682264 ,49529 63511 65507 71845 72709 77657 78605 79256 81242 82277 ,507346 877557 657849 560849 563458 657821 201637 267018 820215 682264 ,49529 63511 65507 71845 72709 77657 78605 79256 81242 82277 
121481 58041 746006 8799 970122 359538 354818 619044 947085 267194 ,67826 73446 80064 83246 86486 86544 92988 92997 93837 94288 ,121481 58041 746006 8799 970122 359538 354818 619044 947085 267194 ,67826 73446 80064 83246 86486 86544 92988 92997 93837 94288 
936494 704473 842871 670642 145127 875121 880396 193076 941640 504686 ,50250 76577 77361 78814 79566 79767 81457 82042 82584 83222 ,704473 842871 670642 145127 875121 880396 193076 941640 504686 11827 ,76577 77361 78814 79566 79767 81457 82042 82584 83222 83528 
669109 210455 710328 948599 895862 665055 628102 217218 223719 136388 ,38068 40860 41154 43401 44101 45644 46073 46715 47333 47695 ,669109 210455 710328 948599 895862 665055 217218 223719 136388 634667 ,38068 40860 41154 43401 44101 45644 46715 47333 47695 47724 
262029 306845 23764 36298 227837 352524 497424 363391 278876 364319 ,26018 27952 32426 32635 34027 34358 34382 35195 35265 37673 ,262029 306845 23764 36298 227837 352524 497424 363391 278876 364319 ,26018 27952 32426 32635 34027 34358 34382 35195 35265 37673 
45339 113040 553188 653663 862959 712315 400880 969710 834300 311886 ,30696 42183 42688 43284 44513 44716 46062 47878 48037 50474 ,45339 113040 553188 653663 862959 712315 400880 969710 834300 311886 ,30696 42183 42688 43284 44513 44716 46062 47878 48037 50474 
947267 858888 746381 130138 60931 871666 209728 843035 966162 813694 ,64889 66841 67430 69922 69972 70094 70482 74021 74728 76153 ,947267 858888 746381 130138 60931 871666 209728 843035 966162 813694 ,64889 66841 67430 69922 69972 70094 70482 74021 74728 76153 
931823 795647 60159 407973 839150 507518 311874 807383 863526 265988 ,33773 57869 59544 63826 65878 66054 66151 66440 66788 66975 ,931823 795647 407973 839150 311874 807383 265988 398410 871336 975894 ,33773 57869 63826 65878 66151 66440 66975 67651 68246 68991 
288253 192498 271314 519449 741024 971685 943294 192482 271298 573234 ,56293 59042 59042 59273 60401 62277 63381 64205 64205 64386 ,288253 192498 271314 519449 741024 971685 943294 192482 271298 573234 ,56293 59042 59042 59273 60401 62277 63381 64205 64205 64386 
924691 185223 117959 884640 352849 227858 116525 942312 966361 916725 ,57335 60496 62203 68379 69149 70384 70828 74681 75217 75843 ,924691 185223 117959 352849 227858 116525 942312 916725 316003 937207 ,57335 60496 62203 69149 70384 70828 74681 75843 77415 78205 
530369 192151 380047 666157 504610 84398 496592 631348 10686 474946 ,51155 58050 73414 73628 73687 74486 74740 75828 78025 79260 ,530369 192151 380047 666157 504610 84398 496592 631348 10686 474946 ,51155 58050 73414 73628 73687 74486 74740 75828 78025 79260 
267670 268329 880053 109290 195933 274749 641093 891106 357260 47264 ,41888 54416 62492 64907 71016 71016 72529 73119 75253 77245 ,267670 268329 880053 109290 274749 641093 891106 357260 47264 891983 ,41888 54416 62492 64907 71016 72529 73119 75253 77245 77418 
393922 684165 518503 261904 903389 308010 610719 307518 398831 735101 ,51378 55103 55158 55792 56861 57066 58441 58499 59129 59394 ,393922 684165 518503 261904 903389 308010 610719 307518 398831 974036 ,51378 55103 55158 55792 56861 57066 58441 58499 59129 59436 
77315 629452 95604 1483 95246 970528 620945 939097 626771 731519 ,90152 94850 94887 100226 101808 107813 108171 110307 110990 111254 ,77315 629452 95604 1483 95246 970528 620945 939097 626771 731519 ,90152 94850 94887 100226 101808 107813 108171 110307 110990 111254 
800489 732286 219494 800603 867728 225944 911257 947505 960900 870150 ,34881 35537 36794 37167 40422 41764 42371 43385 44226 44513 ,800489 732286 219494 800603 867728 225944 911257 947505 960900 870150 ,34881 35537 36794 37167 40422 41764 42371 43385 44226 44513 
659028 682079 694800 233097 228545 841769 862259 981654 26232 995076 ,74685 75260 84154 86047 86260 89779 89973 90810 91062 91566 ,659028 682079 694800 233097 228545 841769 862259 981654 26232 995076 ,74685 75260 84154 86047 86260 89779 89973 90810 91062 91566 
641042 959651 615095 583068 886068 825712 877101 758074 428875 846063 ,27086 30792 32252 34880 36968 38118 40400 41111 41224 43828 ,641042 959651 615095 583068 886068 825712 877101 758074 428875 846063 ,27086 30792 32252 34880 36968 38118 40400 41111 41224 43828 
263404 424242 739541 648128 222381 510715 860000 116724 77060 167450 ,65137 67616 70233 70757 70824 70955 71445 72449 72450 73640 ,263404 739541 648128 222381 510715 860000 116724 77060 167450 334450 ,65137 70233 70757 70824 70955 71445 72449 72450 73640 73687 
932473 932923 14485 14518 292948 265935 203434 267712 12618 294507 ,15633 21199 40901 41690 47166 48081 48403 48403 49379 52095 ,932473 932923 14485 14518 292948 265935 203434 267712 12618 294507 ,15633 21199 40901 41690 47166 48081 48403 48403 49379 52095 
620534 101183 468382 64170 364995 835518 387260 983725 705048 435828 ,51822 54317 60891 61175 61348 61707 62325 62468 62741 62787 ,620534 468382 64170 364995 835518 705048 435828 452522 695095 706179 ,51822 60891 61175 61348 61707 62741 62787 63344 63460 63841 
466291 575663 835309 334811 283369 811521 168756 621308 551545 438772 ,73247 82227 100804 103051 104188 104516 107516 107625 112085 114861 ,466291 575663 835309 334811 283369 811521 168756 621308 551545 438772 ,73247 82227 100804 103051 104188 104516 107516 107625 112085 114861 
296414 679756 924645 911235 661198 411842 193479 699877 107001 439234 ,73204 80614 81198 82555 88884 94349 96830 97953 98954 102533 ,296414 679756 924645 911235 411842 193479 699877 107001 439234 203938 ,73204 80614 81198 82555 94349 96830 97953 98954 102533 103055 
716561 716610 174929 141728 658449 832801 518891 814966 175483 20088 ,36748 37399 42238 42339 45078 45207 46286 46626 46657 47451 ,716561 716610 174929 658449 832801 518891 814966 175483 20088 114362 ,36748 37399 42238 45078 45207 46286 46626 46657 47451 47927 
181353 869074 865892 299190 303144 129244 498821 149462 696013 901846 ,68849 86647 89631 91662 91918 91962 93122 93657 93849 93889 ,181353 869074 865892 299190 303144 129244 498821 149462 696013 901846 ,68849 86647 89631 91662 91918 91962 93122 93657 93849 93889 
60421 880107 880049 879738 866568 880022 278309 57081 224284 711031 ,39271 39640 39723 40992 41138 41327 42810 43208 43613 43765 ,60421 880107 880049 879738 880022 278309 224284 711031 58219 986077 ,39271 39640 39723 40992 41327 42810 43613 43765 43987 44089 
181953 805803 199034 277850 665178 69629 169115 229202 909604 253194 ,50431 55299 55332 55332 55810 57424 57442 58622 61892 62717 ,181953 805803 199034 277850 665178 69629 169115 229202 909604 253194 ,50431 55299 55332 55332 55810 57424 57442 58622 61892 62717 
206633 223600 594590 224922 14437 300 243348 871003 903940 550779 ,63104 64475 65464 66319 68239 68240 69149 69285 69323 69466 ,223600 594590 224922 14437 300 871003 903940 550779 801377 16348 ,64475 65464 66319 68239 68240 69285 69323 69466 69674 70295 
123974 429541 299464 730557 261640 615006 448371 853419 964707 428863 ,64600 67809 68719 69448 72926 75617 76497 77226 77355 79186 ,123974 429541 299464 730557 261640 615006 448371 853419 964707 428863 ,64600 67809 68719 69448 72926 75617 76497 77226 77355 79186 
112368 37583 558515 112396 604463 310825 216297 254228 814182 910951 ,16177 16342 18137 19498 19826 20106 20970 20975 21095 21700 ,112368 37583 558515 112396 604463 310825 216297 254228 814182 910951 ,16177 16342 18137 19498 19826 20106 20970 20975 21095 21700 
934194 987990 181267 516167 298617 43913 483842 849075 254510 932029 ,36405 51284 53929 55164 56144 56852 57380 58739 58973 59693 ,934194 987990 304113 192019 481381 260952 757015 915639 420736 230161 ,36405 51284 60636 66385 66708 67007 68199 71046 72278 72854 
338256 171508 354743 326197 91343 607291 148568 535250 309443 86605 ,57348 58965 59592 59808 60706 63571 63695 64337 64421 64632 ,338256 171508 354743 326197 91343 607291 148568 535250 309443 86605 ,57348 58965 59592 59808 60706 63571 63695 64337 64421 64632 
21565 661949 163709 742674 812728 639327 199744 128424 708987 453395 ,46396 49711 62421 62872 67002 67460 67758 69383 70046 70131 ,21565 661949 163709 742674 812728 639327 199744 128424 708987 453395 ,46396 49711 62421 62872 67002 67460 67758 69383 70046 70131 
852341 332456 108091 102163 840265 811642 535605 779727 287762 113105 ,58316 63676 67049 68062 69852 70623 71103 71452 71633 72474 ,852341 332456 108091 102163 840265 811642 535605 779727 287762 113105 ,58316 63676 67049 68062 69852 70623 71103 71452 71633 72474 
473011 565287 905203 173375 818139 982569 825834 172555 889019 351951 ,33912 34714 35174 35822 35898 37694 37923 37991 38004 38703 ,473011 565287 905203 818139 982569 172555 351951 864894 600698 761259 ,33912 34714 35174 35898 37694 37991 38703 39042 40064 40235 
404285 277702 83176 402304 966081 774060 13590 76011 626080 513027 ,71615 77991 79401 80194 81782 82527 88078 88321 88656 88893 ,404285 277702 83176 402304 966081 774060 13590 76011 626080 513027 ,71615 77991 79401 80194 81782 82527 88078 88321 88656 88893 
935638 181991 598192 707260 211211 695686 930001 910199 397138 679170 ,40531 46768 51377 54037 57936 58448 60662 60797 61459 61549 ,935638 181991 598192 707260 211211 695686 930001 910199 397138 679170 ,40531 46768 51377 54037 57936 58448 60662 60797 61459 61549 
728055 664880 928942 127066 725222 571636 173804 129536 272908 944135 ,67203 70878 70976 71079 71737 74004 74734 75535 75972 76037 ,728055 664880 928942 127066 725222 571636 173804 129536 272908 944135 ,67203 70878 70976 71079 71737 74004 74734 75535 75972 76037 
303053 582015 411011 498189 538492 591500 429006 208140 52160 480058 ,44852 47790 64726 70136 82291 83145 85360 89198 89924 91182 ,303053 582015 411011 498189 538492 591500 429006 208140 52160 480058 ,44852 47790 64726 70136 82291 83145 85360 89198 89924 91182 
510561 826056 791573 483847 14688 904229 830778 486411 499682 12776 ,59415 62471 63219 64532 65487 66247 67099 67405 67567 69105 ,510561 826056 791573 483847 14688 830778 12776 99235 149144 397957 ,59415 62471 63219 64532 65487 67099 69105 70431 70869 70980 
292639 949373 651594 841079 32478 575169 761092 724992 726987 741787 ,89096 93700 98847 99406 102138 102738 106666 107726 110018 110527 ,292639 949373 651594 841079 32478 575169 761092 724992 726987 741787 ,89096 93700 98847 99406 102138 102738 106666 107726 110018 110527 
828747 39243 900690 828317 827830 887249 826292 828227 54790 865511 ,32578 39794 43393 50957 51730 52252 53254 53905 57017 58435 ,828747 39243 900690 828317 827830 887249 826292 828227 54790 865511 ,32578 39794 43393 50957 51730 52252 53254 53905 57017 58435 
356801 343150 156800 54758 33033 828487 705489 453170 139695 110336 ,78597 109088 110768 111039 117241 118579 119530 121844 123236 128208 ,356801 343150 156800 54758 33033 828487 705489 453170 139695 110336 ,78597 109088 110768 111039 117241 118579 119530 121844 123236 128208 
267829 401320 175569 987455 698478 969816 941368 305031 504569 364312 ,127477 129376 133536 159619 161708 162093 163568 170589 178812 183851 ,267829 401320 175569 987455 698478 969816 941368 305031 504569 364312 ,127477 129376 133536 159619 161708 162093 163568 170589 178812 183851 
841262 401812 492291 163249 352123 13583 519040 194551 339800 877906 ,69936 72380 77257 77351 78039 80031 80382 83727 84395 84500 ,841262 401812 492291 163249 352123 13583 519040 194551 339800 877906 ,69936 72380 77257 77351 78039 80031 80382 83727 84395 84500 
741001 479709 664567 67119 717096 386729 494354 586941 456709 766272 ,58172 69743 85939 90420 107344 136116 137577 138447 146589 158128 ,741001 479709 664567 67119 717096 386729 494354 586941 456709 766272 ,58172 69743 85939 90420 107344 136116 137577 138447 146589 158128 
480918 934098 683 988461 542638 99966 810060 194718 617943 869743 ,58410 59496 60993 61436 62423 62652 62820 62948 63074 63681 ,480918 934098 683 988461 542638 99966 810060 194718 617943 869743 ,58410 59496 60993 61436 62423 62652 62820 62948 63074 63681 
833353 226062 504736 64531 904728 628736 547619 787472 863095 228201 ,43947 52395 55024 58038 59927 62359 63994 64717 65346 65466 ,833353 226062 504736 64531 904728 628736 547619 787472 863095 228201 ,43947 52395 55024 58038 59927 62359 63994 64717 65346 65466 
503719 861988 130886 261000 522522 504882 456285 2590 488222 183942 ,66819 85012 86140 88706 92440 92482 93040 94022 94632 94725 ,503719 861988 130886 261000 522522 504882 456285 2590 488222 183942 ,66819 85012 86140 88706 92440 92482 93040 94022 94632 94725 
935018 801034 932998 780460 598767 932795 801660 713161 704702 687353 ,38190 45029 49670 52912 53541 54135 57696 57874 59451 59753 ,935018 801034 932795 801660 713161 704702 687353 645327 760242 1439 ,38190 45029 54135 57696 57874 59451 59753 59967 61305 61345 
839343 27206 886254 819086 928226 316756 132448 477064 343066 128847 ,110245 110857 118693 119848 120709 121918 128769 131429 133584 136592 ,839343 27206 886254 819086 928226 316756 132448 477064 343066 128847 ,110245 110857 118693 119848 120709 121918 128769 131429 133584 136592 
734521 208905 959551 370847 413755 646045 343295 829480 476785 352124 ,136128 147149 150380 152580 159046 167329 176542 178506 178930 188441 ,734521 208905 959551 370847 413755 646045 343295 829480 476785 352124 ,136128 147149 150380 152580 159046 167329 176542 178506 178930 188441 
83864 94396 745840 520730 635111 617323 936460 534642 685910 815199 ,25453 29699 29843 31769 34012 34330 34784 35072 35697 35954 ,83864 94396 745840 520730 635111 617323 936460 534642 685910 815199 ,25453 29699 29843 31769 34012 34330 34784 35072 35697 35954 
519920 221525 946872 562122 648120 158441 732577 989878 740278 29701 ,43134 45286 46965 50883 53554 56162 56257 58855 59390 59545 ,519920 221525 946872 562122 648120 158441 732577 989878 740278 29701 ,43134 45286 46965 50883 53554 56162 56257 58855 59390 59545 
935969 596633 172777 77495 863908 366822 454245 276995 155527 384147 ,70820 76595 83216 83762 87400 89169 90904 92430 93553 94274 ,935969 596633 172777 77495 863908 366822 454245 276995 155527 384147 ,70820 76595 83216 83762 87400 89169 90904 92430 93553 94274 
200329 96907 381880 797558 983298 82749 871444 947291 798813 547724 ,69946 73009 81976 82285 83365 83617 86158 88951 89758 90195 ,200329 96907 381880 797558 983298 82749 871444 947291 798813 547724 ,69946 73009 81976 82285 83365 83617 86158 88951 89758 90195 
685021 689966 866750 157505 201017 16544 160962 514878 372814 157709 ,70080 89941 93093 93972 95270 95762 96449 96929 97771 97835 ,685021 689966 866750 157505 201017 16544 160962 514878 372814 157709 ,70080 89941 93093 93972 95270 95762 96449 96929 97771 97835 
736857 971578 399465 63755 739020 64547 198528 351700 166433 787346 ,83268 87386 88553 89298 92268 92297 92730 93437 93849 95119 ,736857 971578 399465 63755 739020 64547 198528 166433 787346 382545 ,83268 87386 88553 89298 92268 92297 92730 93849 95119 95171 
669659 843289 914596 856081 843562 897252 949446 883798 513818 266764 ,53349 55009 55525 63595 64150 66912 67395 67526 67745 68096 ,669659 843289 914596 856081 843562 897252 949446 883798 513818 266764 ,53349 55009 55525 63595 64150 66912 67395 67526 67745 68096 
122085 406174 628072 919884 87960 733358 958784 500558 696395 69881 ,54810 58758 64735 66024 66454 69973 72322 73877 74845 74960 ,122085 406174 628072 919884 87960 733358 958784 500558 696395 69881 ,54810 58758 64735 66024 66454 69973 72322 73877 74845 74960 
403367 301509 843432 587403 181067 575511 204529 268807 687389 236742 ,41928 41956 42074 42173 44034 46945 47773 47773 48788 49355 ,403367 301509 843432 587403 181067 575511 204529 268807 687389 236742 ,41928 41956 42074 42173 44034 46945 47773 47773 48788 49355 
273372 5902 286953 874138 471472 196950 684557 264783 273517 439363 ,79934 84898 85656 86800 90429 90472 90492 90547 90853 91597 ,273372 5902 286953 874138 471472 196950 684557 264783 273517 439363 ,79934 84898 85656 86800 90429 90472 90492 90547 90853 91597 
729700 650730 977163 191356 811549 993352 853836 877540 838131 942514 ,54156 54870 59529 64160 64677 64702 66195 66224 66625 67379 ,729700 191356 811549 993352 877540 838131 767252 993242 734791 446609 ,54156 64160 64677 64702 66224 66625 68518 68917 69001 69213 
936584 240358 203138 240184 487307 203147 90190 207529 74073 332328 ,40414 47602 57026 57730 58040 58863 58944 59734 59745 60235 ,936584 240358 203138 240184 487307 203147 90190 207529 74073 332328 ,40414 47602 57026 57730 58040 58863 58944 59734 59745 60235 
487366 452821 205410 994750 235450 327215 790992 845139 357797 831225 ,66489 83255 84009 87607 87711 88331 88666 89243 89276 89292 ,487366 452821 205410 994750 235450 327215 790992 845139 357797 831225 ,66489 83255 84009 87607 87711 88331 88666 89243 89276 89292 
695043 104943 107367 272964 692952 595459 232811 822732 987100 88330 ,87062 92076 93841 93845 95014 95167 97100 97108 97812 100331 ,695043 104943 107367 272964 692952 595459 232811 822732 987100 88330 ,87062 92076 93841 93845 95014 95167 97100 97108 97812 100331 
70080 46330 85756 348607 429991 554870 435956 364259 2725 427990 ,143990 152898 164045 167356 173642 177636 177754 185672 200750 212830 ,70080 46330 85756 348607 429991 554870 435956 364259 2725 427990 ,143990 152898 164045 167356 173642 177636 177754 185672 200750 212830 
933947 824226 43440 604296 767893 570349 541355 768341 48420 309759 ,72159 81384 81401 86982 87317 88772 89278 94126 97362 103930 ,933947 824226 43440 604296 767893 570349 541355 768341 48420 309759 ,72159 81384 81401 86982 87317 88772 89278 94126 97362 103930 
491279 614740 64246 223194 806455 547838 200346 264624 595850 438418 ,74473 74955 75338 79684 80761 82124 82905 82905 84239 84649 ,491279 614740 64246 223194 806455 547838 264624 200346 595850 438418 ,74473 74955 75338 79684 80761 82124 82905 82905 84239 84649 
801820 722886 688745 230346 342917 570606 980243 27624 702072 484030 ,77606 79028 81213 82495 83020 84489 85692 90187 90495 90635 ,801820 722886 688745 230346 342917 570606 27624 702072 484030 486898 ,77606 79028 81213 82495 83020 84489 90187 90495 90635 91589 
159658 255054 107001 241552 295544 682427 879353 904117 430881 205432 ,64584 74841 80182 80450 80534 81004 81191 81417 81838 82979 ,159658 255054 107001 241552 295544 682427 879353 904117 430881 205432 ,64584 74841 80182 80450 80534 81004 81191 81417 81838 82979 
745438 226266 172501 59855 630147 688976 214353 154596 749463 153450 ,70010 71570 77483 78612 80126 80374 80418 81674 83210 83409 ,745438 226266 172501 59855 630147 688976 214353 154596 749463 153450 ,70010 71570 77483 78612 80126 80374 80418 81674 83210 83409 
733216 825939 286756 448581 936920 516115 21816 934344 703720 328774 ,71991 75786 76640 79876 80145 80289 81129 82256 82545 83339 ,733216 825939 286756 448581 936920 516115 21816 934344 703720 328774 ,71991 75786 76640 79876 80145 80289 81129 82256 82545 83339 
939751 346052 583775 598524 759703 431163 98784 726466 811476 25815 ,63102 76612 80753 80850 81014 81386 83025 83727 83803 85083 ,346052 598524 759703 431163 98784 726466 811476 25815 313724 89183 ,76612 80850 81014 81386 83025 83727 83803 85083 85353 86450 
619332 721882 805918 277934 934076 843627 486326 619511 370315 879959 ,84256 89367 92307 92379 93430 93881 94097 94729 94986 97953 ,619332 721882 805918 277934 934076 843627 486326 619511 370315 879959 ,84256 89367 92307 92379 93430 93881 94097 94729 94986 97953 
70307 183465 223241 522663 150413 91871 253580 43940 150207 936529 ,48838 53856 77102 79389 81219 82411 83592 83857 84572 84863 ,70307 183465 223241 522663 150413 91871 253580 43940 150207 936529 ,48838 53856 77102 79389 81219 82411 83592 83857 84572 84863 
353780 205888 777465 254510 775145 868024 773427 596593 741954 90653 ,67430 69565 71833 73198 73542 74052 75085 75589 75803 75846 ,353780 205888 777465 254510 775145 868024 773427 596593 741954 90653 ,67430 69565 71833 73198 73542 74052 75085 75589 75803 75846 
935527 800449 795800 315269 688857 596250 230962 796533 880492 687158 ,39061 74885 75842 79391 81446 81972 82312 82473 83408 83614 ,230962 341598 205142 872644 737521 878528 721897 304172 290507 192964 ,82312 83949 86615 93752 94576 95229 97132 97142 98270 98334 
133127 629932 909315 134629 975045 229262 946212 748692 848705 717688 ,55822 56771 60513 62016 67597 68329 68348 69105 69202 70427 ,133127 629932 909315 134629 975045 229262 946212 748692 848705 717688 ,55822 56771 60513 62016 67597 68329 68348 69105 69202 70427 
938903 627129 936761 46098 46509 938674 813305 206684 270962 125130 ,36766 63060 63226 63762 63785 68223 68954 69861 69861 70349 ,938903 627129 936761 46098 46509 206684 270962 125130 685428 936735 ,36766 63060 63226 63762 63785 69861 69861 70349 72032 72169 
106266 192720 497680 337462 397453 105103 16803 941799 351200 797485 ,91474 99324 101968 103266 107233 111480 116153 117321 120162 121917 ,106266 192720 497680 337462 397453 105103 16803 941799 351200 797485 ,91474 99324 101968 103266 107233 111480 116153 117321 120162 121917 
907385 229734 455124 207657 655568 476864 656893 424122 120325 876502 ,33629 36868 37500 38760 40348 40502 40566 40971 41054 41462 ,907385 229734 455124 207657 655568 476864 656893 424122 120325 876502 ,33629 36868 37500 38760 40348 40502 40566 40971 41054 41462 
363212 843547 424174 542534 751433 211665 745867 705400 637525 971447 ,53118 61848 63967 68732 71157 72692 73327 73583 74014 74190 ,363212 843547 424174 542534 751433 211665 745867 705400 637525 971447 ,53118 61848 63967 68732 71157 72692 73327 73583 74014 74190 
322639 671400 300369 355097 965998 668752 284345 61570 211923 919178 ,45350 49358 53094 55314 55561 55595 55751 56087 57269 57506 ,322639 671400 300369 355097 965998 668752 284345 61570 211923 919178 ,45350 49358 53094 55314 55561 55595 55751 56087 57269 57506 
263085 9995 166627 598714 822719 346377 582969 206021 877253 556991 ,58333 59303 64149 69016 70243 70292 71674 73314 73356 74807 ,263085 166627 598714 822719 346377 582969 206021 877253 556991 911094 ,58333 64149 69016 70243 70292 71674 73314 73356 74807 75078 
50345 50343 907224 915819 961984 665715 763230 732178 405727 411885 ,39402 39991 40216 41248 45791 45918 47543 49215 49319 49857 ,50345 50343 907224 915819 961984 665715 763230 732178 405727 411885 ,39402 39991 40216 41248 45791 45918 47543 49215 49319 49857 
822105 936543 351269 821935 786498 789815 952359 83713 692475 460319 ,43871 44185 44743 45241 47120 49074 52393 52432 52624 52740 ,822105 936543 351269 821935 786498 789815 83713 692475 460319 168354 ,43871 44185 44743 45241 47120 49074 52432 52624 52740 53471 
182812 182549 779998 597499 341550 490786 779800 335220 342685 431266 ,57577 62470 65993 67424 70125 71395 71663 73084 73469 74733 ,182812 182549 779998 597499 341550 490786 779800 335220 431266 712070 ,57577 62470 65993 67424 70125 71395 71663 73084 74733 74822 
594102 500032 501537 498286 937547 268811 204634 129245 506890 377396 ,53181 53340 60809 61673 62223 62369 62410 63356 64234 64371 ,594102 500032 501537 498286 937547 268811 204634 129245 506890 377396 ,53181 53340 60809 61673 62223 62369 62410 63356 64234 64371 
598200 822528 165202 359401 585656 348651 390689 997701 522419 498017 ,69546 75244 77758 79221 79738 84187 84349 86465 86549 86935 ,598200 822528 165202 585656 348651 390689 997701 522419 498017 928690 ,69546 75244 77758 79738 84187 84349 86465 86549 86935 88040 
225991 933509 364147 328506 899080 12759 661182 690359 596512 462656 ,80997 85245 89041 95926 96217 96658 99809 99914 101509 102229 ,225991 933509 364147 328506 899080 12759 661182 690359 596512 462656 ,80997 85245 89041 95926 96217 96658 99809 99914 101509 102229 
5134 453889 398449 527250 420144 100661 631082 539252 940173 189770 ,72313 74047 75539 75830 77693 78992 79481 80118 81017 82146 ,5134 453889 398449 527250 420144 100661 631082 539252 940173 189770 ,72313 74047 75539 75830 77693 78992 79481 80118 81017 82146 
202230 989428 577977 201159 449380 950527 806009 724987 513804 510386 ,92258 94790 97127 100068 103200 106081 106158 106162 106400 106819 ,202230 989428 577977 201159 449380 950527 806009 724987 513804 510386 ,92258 94790 97127 100068 103200 106081 106158 106162 106400 106819 
178863 587829 433649 486043 349767 630178 235340 274441 761092 254558 ,94849 101253 104557 105446 106321 106714 107811 109022 109368 110086 ,178863 587829 433649 486043 349767 630178 235340 274441 761092 254558 ,94849 101253 104557 105446 106321 106714 107811 109022 109368 110086 
687733 415350 51668 31514 334135 367620 91029 700516 514785 833369 ,98040 116523 124978 127191 128160 128964 130842 132527 133375 133489 ,687733 415350 51668 31514 334135 367620 91029 700516 514785 833369 ,98040 116523 124978 127191 128160 128964 130842 132527 133375 133489 
518140 518032 866680 876124 295672 242133 717742 625950 158893 748811 ,61115 61123 63052 71465 71773 73187 73311 73662 75350 75762 ,518140 518032 866680 876124 295672 242133 717742 625950 158893 748811 ,61115 61123 63052 71465 71773 73187 73311 73662 75350 75762 
936003 49823 200824 478506 500416 47729 937928 963435 146599 167358 ,93904 95253 98294 100412 102193 105088 107767 109581 111608 115027 ,936003 49823 200824 478506 500416 47729 937928 963435 146599 167358 ,93904 95253 98294 100412 102193 105088 107767 109581 111608 115027 
182570 570334 813768 712018 518454 536302 809796 320522 846778 924011 ,76117 85293 85930 88358 92575 93352 94991 96131 96656 96715 ,182570 570334 813768 712018 518454 536302 809796 320522 846778 924011 ,76117 85293 85930 88358 92575 93352 94991 96131 96656 96715 
657496 522663 861433 293454 861357 406012 941458 352491 504289 991774 ,54271 73146 76688 77965 80003 83209 89038 89208 90261 92831 ,657496 522663 861433 293454 861357 406012 941458 352491 504289 991774 ,54271 73146 76688 77965 80003 83209 89038 89208 90261 92831 
543802 81080 939814 546698 434472 783941 546395 266251 333008 967548 ,83073 93613 94254 95031 95304 97786 98090 99437 100005 100033 ,543802 81080 939814 546698 434472 783941 546395 266251 333008 967548 ,83073 93613 94254 95031 95304 97786 98090 99437 100005 100033 
477659 36833 472223 933440 477278 196025 274841 167987 38421 807590 ,22507 23297 24889 26461 28308 30258 30258 30298 30945 32634 ,477659 36833 472223 933440 477278 274841 196025 167987 38421 807590 ,22507 23297 24889 26461 28308 30258 30258 30298 30945 32634 
872230 862554 269539 886540 22382 762424 385520 878371 777093 703677 ,48011 48714 49068 51987 54334 56367 61476 61635 63401 64731 ,872230 862554 269539 886540 22382 762424 385520 878371 777093 703677 ,48011 48714 49068 51987 54334 56367 61476 61635 63401 64731 
938221 988297 490785 487998 871599 932975 523320 670845 524071 842838 ,28839 38891 45087 45216 46639 47816 49311 49840 50188 50387 ,938221 490785 487998 871599 932975 523320 670845 524071 842838 99699 ,28839 45087 45216 46639 47816 49311 49840 50188 50387 50474 
602702 601937 460630 510685 673106 731915 672462 720444 106782 597911 ,75482 80217 85445 87737 88775 88816 89165 90614 91029 93937 ,602702 601937 460630 510685 673106 731915 672462 720444 106782 597911 ,75482 80217 85445 87737 88775 88816 89165 90614 91029 93937 
172910 204599 168942 35873 417778 436230 631696 707791 682659 866520 ,97271 118409 122137 124789 129503 136010 136628 137162 141304 141817 ,172910 204599 168942 35873 417778 436230 631696 707791 682659 866520 ,97271 118409 122137 124789 129503 136010 136628 137162 141304 141817 
899321 404806 50488 994383 797049 891799 633869 996761 268631 643344 ,67459 71402 71724 72789 77488 78220 80249 82488 83160 83911 ,899321 404806 50488 994383 797049 891799 633869 996761 268631 643344 ,67459 71402 71724 72789 77488 78220 80249 82488 83160 83911 
253052 507316 248210 931802 681924 439310 695191 437852 791410 4907 ,59844 63351 65023 65675 71067 74068 74599 75675 75778 75828 ,253052 507316 931802 681924 439310 695191 437852 791410 282553 193737 ,59844 63351 65675 71067 74068 74599 75675 75778 76313 76565 
915957 858346 635065 607126 284873 332469 839429 89021 457134 77667 ,51304 53375 54980 60322 60323 61629 63185 63716 64228 64827 ,915957 858346 635065 607126 332469 839429 89021 457134 77667 726942 ,51304 53375 54980 60322 61629 63185 63716 64228 64827 65288 
575351 819051 271841 232170 111591 955075 336275 573817 335628 196592 ,68989 73601 75175 79313 88858 89777 95155 97659 101393 104642 ,575351 819051 271841 232170 111591 955075 336275 573817 335628 196592 ,68989 73601 75175 79313 88858 89777 95155 97659 101393 104642 
432012 153314 933104 311476 882662 889685 217357 295460 545547 535156 ,64031 66377 67903 67943 69116 69791 70436 71062 73018 73267 ,432012 153314 933104 311476 882662 889685 217357 295460 545547 535156 ,64031 66377 67903 67943 69116 69791 70436 71062 73018 73267 
401368 885143 400266 873860 475515 825058 882524 282164 15510 892080 ,60673 67094 68326 68583 69167 70203 70475 70675 73096 75479 ,401368 885143 400266 873860 475515 825058 882524 282164 15510 892080 ,60673 67094 68326 68583 69167 70203 70475 70675 73096 75479 
475792 379027 476028 53347 79260 862037 913660 827014 941883 284706 ,27222 28996 29060 31518 33401 34167 34486 35078 35567 35729 ,475792 379027 476028 53347 79260 862037 913660 827014 941883 284706 ,27222 28996 29060 31518 33401 34167 34486 35078 35567 35729 
843586 516378 893222 604434 539883 965832 549516 193458 987919 382919 ,65009 66919 68300 68619 69678 71377 71881 73754 74283 75587 ,516378 893222 604434 539883 549516 193458 987919 382919 777758 157708 ,66919 68300 68619 69678 71881 73754 74283 75587 76740 77461 
77101 835204 74724 371741 17885 420307 289634 512233 19001 976080 ,78490 86564 100185 101802 101887 103643 103938 107488 107524 108016 ,77101 835204 74724 371741 17885 420307 289634 512233 19001 976080 ,78490 86564 100185 101802 101887 103643 103938 107488 107524 108016 
59243 86512 180989 122524 467716 833517 754048 947217 940765 467323 ,50827 55901 56768 58881 60442 61073 61391 63625 63839 63848 ,59243 86512 122524 467716 833517 754048 947217 940765 467323 430232 ,50827 55901 58881 60442 61073 61391 63625 63839 63848 63883 
822260 400677 799472 594327 146557 295838 149860 698157 67104 943203 ,59438 66023 66780 69596 71618 76227 76447 77075 77472 77836 ,799472 146557 295838 149860 698157 67104 943203 539428 450698 550799 ,66780 71618 76227 76447 77075 77472 77836 79503 80086 80579 
224749 366874 359536 281424 928696 629352 15874 631998 960469 605236 ,78501 85848 91667 92869 94866 95423 100366 100647 101344 101544 ,224749 359536 281424 928696 629352 15874 631998 960469 605236 206816 ,78501 91667 92869 94866 95423 100366 100647 101344 101544 102353 
563578 611886 320922 957410 198864 742082 335499 968507 211693 194260 ,58170 63225 63869 64309 65208 65961 66135 66420 69166 69808 ,563578 611886 320922 957410 198864 742082 968507 194260 595386 364084 ,58170 63225 63869 64309 65208 65961 66420 69808 71087 71532 
903363 500655 402615 528248 807318 604028 672036 186011 506691 527211 ,54646 55244 56227 56800 57585 58018 58089 58436 58580 59564 ,903363 500655 402615 528248 807318 604028 672036 186011 506691 527211 ,54646 55244 56227 56800 57585 58018 58089 58436 58580 59564 
606844 951679 680275 699223 429704 511611 742673 761523 494862 987105 ,108095 111052 111419 114609 115372 119812 124952 125921 127960 131461 ,606844 951679 680275 699223 429704 511611 742673 761523 494862 987105 ,108095 111052 111419 114609 115372 119812 124952 125921 127960 131461 
177965 143477 542659 15446 802578 403670 887229 33579 297388 551664 ,75551 78141 80768 81566 82271 82788 82861 83596 85006 85259 ,177965 143477 542659 15446 802578 403670 887229 33579 297388 551664 ,75551 78141 80768 81566 82271 82788 82861 83596 85006 85259 
141210 525848 81575 517739 531021 344524 82129 871696 295957 271816 ,63780 65152 67321 67968 68979 73530 74244 74386 75554 76100 ,141210 525848 81575 517739 531021 344524 82129 871696 295957 271816 ,63780 65152 67321 67968 68979 73530 74244 74386 75554 76100 
946970 940660 940596 941802 947230 946929 948057 950716 96607 20506 ,23942 25493 28726 34637 39086 41984 44439 51145 56911 57246 ,946970 940660 940596 941802 947230 946929 948057 950716 20506 690755 ,23942 25493 28726 34637 39086 41984 44439 51145 57246 58313 
114627 84122 293257 600926 525862 784996 776836 295011 635849 117579 ,39053 41445 41995 42082 43039 43348 43932 44361 44383 44422 ,114627 84122 293257 600926 525862 784996 776836 295011 635849 117579 ,39053 41445 41995 42082 43039 43348 43932 44361 44383 44422 
189302 397297 521855 130457 278669 29650 467297 282130 452362 420682 ,49823 58978 69603 78311 80171 82664 83498 83769 84066 84141 ,189302 397297 521855 130457 278669 29650 467297 282130 452362 420682 ,49823 58978 69603 78311 80171 82664 83498 83769 84066 84141 
365167 473395 522661 613955 480625 367161 534740 972396 831321 713576 ,48816 48988 50040 50773 51794 54169 55746 56099 57519 59290 ,365167 473395 522661 613955 480625 367161 534740 972396 831321 713576 ,48816 48988 50040 50773 51794 54169 55746 56099 57519 59290 
202560 266838 349177 99801 933283 16368 161713 226857 379641 268164 ,66015 66015 66482 68259 71168 77131 80378 81487 81742 82505 ,202560 266838 349177 99801 16368 161713 948627 738068 21694 907397 ,66015 66015 66482 68259 77131 80378 82509 82848 83411 84771 
205670 451722 853460 17673 997991 883983 506418 862830 501108 340849 ,71216 72277 74946 79059 79683 83068 86432 86883 89936 90236 ,205670 451722 853460 17673 997991 883983 506418 862830 501108 340849 ,71216 72277 74946 79059 79683 83068 86432 86883 89936 90236 
567067 824700 816758 887048 816354 638210 667565 824952 899675 638096 ,15365 15846 15883 15916 16756 16997 17013 17286 17348 17771 ,567067 824700 816758 887048 816354 638210 667565 824952 899675 638096 ,15365 15846 15883 15916 16756 16997 17013 17286 17348 17771 
942001 912888 470948 434176 935871 764507 612697 314723 275800 69009 ,35145 57495 59726 59846 59915 60509 60847 61792 62790 66327 ,942001 912888 470948 434176 935871 612697 314723 275800 69009 456348 ,35145 57495 59726 59846 59915 60847 61792 62790 66327 66592 
12505 832578 596101 124989 851193 85460 771616 271909 508511 513458 ,41451 46453 48314 49917 50649 50844 52842 53985 54514 55013 ,12505 832578 596101 124989 851193 85460 771616 271909 508511 513458 ,41451 46453 48314 49917 50649 50844 52842 53985 54514 55013 
947274 207834 896836 668927 863000 889643 584365 870391 207684 481529 ,20987 26020 28062 29500 32435 32770 32950 33530 33899 34079 ,947274 207834 896836 668927 863000 889643 584365 870391 207684 481529 ,20987 26020 28062 29500 32435 32770 32950 33530 33899 34079 
103655 562283 245398 286903 547328 802113 131768 162471 277790 13227 ,87519 89717 92325 92374 92635 95830 96779 97309 98061 98917 ,103655 562283 245398 286903 547328 802113 131768 162471 277790 13227 ,87519 89717 92325 92374 92635 95830 96779 97309 98061 98917 
554870 123826 825684 500595 480452 279958 309925 363484 283158 914181 ,71794 82016 82539 84075 84217 84394 85644 85829 86547 87204 ,554870 123826 825684 500595 480452 279958 309925 363484 283158 914181 ,71794 82016 82539 84075 84217 84394 85644 85829 86547 87204 
407222 99116 266904 806738 224699 805902 450464 573628 682242 841086 ,65985 85381 87442 87888 89403 91480 91484 91487 94890 95668 ,407222 99116 806738 224699 805902 450464 682242 841086 356122 200042 ,65985 85381 87888 89403 91480 91484 94890 95668 96259 97608 
1092 580133 577102 974172 984934 145111 934403 47712 918460 775184 ,76493 82226 84878 87638 88280 88627 92156 93098 93540 93857 ,1092 580133 577102 974172 984934 145111 934403 47712 918460 907966 ,76493 82226 84878 87638 88280 88627 92156 93098 93540 97818 
948153 550592 551089 941667 511250 224064 829923 792865 942240 956797 ,12147 25877 27814 28658 29216 29403 29618 29780 30132 30495 ,948153 550592 941667 511250 829923 792865 956797 948373 96392 550365 ,12147 25877 28658 29216 29618 29780 30495 30886 31423 31449 
86463 804123 901006 626508 294813 893448 404084 922991 225331 423780 ,50344 51631 54700 56816 62442 63495 66352 69544 69624 72937 ,86463 804123 901006 626508 294813 404084 922991 225331 423780 500435 ,50344 51631 54700 56816 62442 66352 69544 69624 72937 73037 
943092 473973 188023 224294 95127 406101 964668 668843 936457 187965 ,23527 44898 50889 51641 51731 52210 52595 55383 55824 56180 ,943092 188023 224294 95127 406101 964668 668843 187965 516356 947437 ,23527 50889 51641 51731 52210 52595 55383 56180 56449 56603 
41668 476849 895664 654057 151719 861480 805660 783714 49800 971969 ,38320 40093 43416 44464 44616 44709 45800 46061 46307 46397 ,41668 476849 895664 654057 151719 861480 805660 783714 49800 971969 ,38320 40093 43416 44464 44616 44709 45800 46061 46307 46397 
941636 416340 334086 12848 433770 25060 340496 95494 981205 540350 ,48787 50316 55400 56604 56959 57343 57692 58691 61036 61361 ,941636 416340 334086 12848 433770 25060 340496 95494 981205 540350 ,48787 50316 55400 56604 56959 57343 57692 58691 61036 61361 
93233 560103 79600 90249 716541 295788 203029 430676 241247 79626 ,38755 46423 46762 47365 48062 49422 49740 49970 52157 52336 ,93233 560103 90249 716541 295788 203029 430676 241247 79626 600110 ,38755 46423 47365 48062 49422 49740 49970 52157 52336 52357 
264499 607830 765273 25760 577601 413932 972457 718873 303771 192427 ,53849 55913 72281 73658 74131 74483 75637 75797 75821 77896 ,264499 607830 765273 25760 577601 413932 972457 718873 303771 192427 ,53849 55913 72281 73658 74131 74483 75637 75797 75821 77896 
287068 942425 728969 939228 187396 956524 524507 516288 312736 729731 ,58049 59027 60545 63095 64101 64253 65009 65878 65950 66253 ,287068 942425 728969 939228 187396 956524 524507 516288 312736 729731 ,58049 59027 60545 63095 64101 64253 65009 65878 65950 66253 
995857 439518 486337 469986 41135 416441 771106 451722 971220 846492 ,79615 113286 118623 119256 123317 124146 125336 125854 126397 128749 ,995857 439518 486337 469986 41135 416441 771106 451722 971220 846492 ,79615 113286 118623 119256 123317 124146 125336 125854 126397 128749 
636352 277832 319409 464493 15437 513843 510477 75247 627679 557578 ,90578 98406 101383 102840 104239 104939 105133 106374 107810 109056 ,636352 277832 319409 464493 15437 513843 510477 75247 627679 557578 ,90578 98406 101383 102840 104239 104939 105133 106374 107810 109056 
202674 121787 659441 598590 278462 699745 204698 930503 172749 85792 ,62118 68359 68988 73520 73996 75073 75531 75679 76251 76445 ,202674 121787 659441 598590 278462 699745 204698 930503 172749 85792 ,62118 68359 68988 73520 73996 75073 75531 75679 76251 76445 
269672 78125 840641 494722 249 973372 242328 880741 658793 786377 ,49110 78127 81971 82223 85666 87906 91989 93397 95379 95656 ,269672 78125 840641 494722 249 973372 242328 880741 658793 786377 ,49110 78127 81971 82223 85666 87906 91989 93397 95379 95656 
247825 506376 827671 663012 630548 605778 828891 905764 949207 538821 ,65872 81075 83939 84082 84174 91647 96658 100202 103656 104465 ,247825 506376 827671 663012 630548 605778 828891 905764 949207 538821 ,65872 81075 83939 84082 84174 91647 96658 100202 103656 104465 
948188 460081 495297 697796 948092 435841 306386 942157 478482 745576 ,28206 45803 46502 46513 52581 54277 55154 56990 57002 57305 ,948188 460081 495297 697796 948092 435841 306386 942157 478482 745576 ,28206 45803 46502 46513 52581 54277 55154 56990 57002 57305 
367213 122346 553511 849035 950672 488761 336036 988341 798557 429319 ,62667 64690 65051 65752 65794 66786 68522 69582 70040 70108 ,122346 553511 849035 950672 336036 988341 798557 429319 979539 69131 ,64690 65051 65752 65794 68522 69582 70040 70108 71143 71636 
256974 458571 868611 458891 413282 983331 449786 458719 455549 228057 ,29964 33470 37121 39600 39752 40434 41348 43265 43563 46580 ,256974 458571 868611 458891 413282 983331 449786 458719 455549 228057 ,29964 33470 37121 39600 39752 40434 41348 43265 43563 46580 
943335 943859 948991 93264 689543 466033 668517 590708 24119 669681 ,21886 25501 33270 45900 51494 52333 52991 53876 54237 55931 ,943859 910732 421797 421607 788794 570856 468783 770047 165957 8598 ,25501 56557 57115 57857 58869 59929 60092 60213 60233 60452 
902145 901541 864986 87234 828654 966831 284777 890797 370594 388204 ,54120 60408 63205 64013 66379 67149 67502 67644 69127 70741 ,902145 901541 864986 87234 828654 966831 284777 890797 370594 388204 ,54120 60408 63205 64013 66379 67149 67502 67644 69127 70741 
255167 254673 339183 440128 922726 949470 618694 22383 823183 632131 ,61942 69411 70000 70575 70778 72087 73598 74128 74691 75109 ,255167 254673 339183 440128 922726 949470 618694 22383 823183 632131 ,61942 69411 70000 70575 70778 72087 73598 74128 74691 75109 
543771 613187 967785 88441 738897 681697 459316 13608 12460 299009 ,74299 80217 82429 86942 88087 90216 90541 91706 91837 93886 ,543771 613187 967785 88441 738897 681697 459316 13608 12460 299009 ,74299 80217 82429 86942 88087 90216 90541 91706 91837 93886 
172365 887214 93596 298166 802067 813645 722975 162364 738453 551904 ,47611 65997 67476 69027 70839 71202 74214 75939 77133 77266 ,172365 887214 93596 298166 802067 813645 722975 162364 551904 946022 ,47611 65997 67476 69027 70839 71202 74214 75939 77266 77741 
184713 95836 106725 986580 185804 21663 70650 795002 431890 627209 ,72810 80924 81686 82543 83366 84047 84150 85942 86154 86450 ,184713 95836 106725 986580 185804 21663 70650 795002 431890 627209 ,72810 80924 81686 82543 83366 84047 84150 85942 86154 86450 
459253 929696 46843 679127 275027 508601 277163 588178 288629 272555 ,60681 61943 62224 62252 63301 63602 63728 63781 63820 64039 ,459253 929696 46843 679127 275027 508601 277163 588178 288629 272555 ,60681 61943 62224 62252 63301 63602 63728 63781 63820 64039 
713659 565320 528834 959784 247015 432577 338441 440155 958194 12718 ,51282 53406 54814 56213 57988 59599 59769 60925 61472 62121 ,713659 565320 528834 959784 247015 432577 338441 440155 958194 12718 ,51282 53406 54814 56213 57988 59599 59769 60925 61472 62121 
967727 812889 659547 67229 376978 523609 227252 397319 601317 276460 ,72877 74608 74675 75013 75088 76081 77314 78833 79404 80206 ,967727 812889 659547 67229 376978 523609 227252 397319 601317 917030 ,72877 74608 74675 75013 75088 76081 77314 78833 79404 80264 
951781 65477 879373 859135 690472 169600 868893 91961 869187 63172 ,21140 52243 54372 54677 54998 55428 56245 56640 56982 57135 ,951781 65477 879373 859135 690472 169600 91961 869187 63172 65871 ,21140 52243 54372 54677 54998 55428 56640 56982 57135 57273 
844846 900313 435995 67744 931778 168617 272330 513709 887501 223533 ,44348 45944 48107 48162 49010 51212 51253 51418 51568 51577 ,844846 900313 435995 67744 931778 168617 272330 513709 887501 223533 ,44348 45944 48107 48162 49010 51212 51253 51418 51568 51577 
944178 947146 940989 604778 182764 575060 433463 357067 181325 182368 ,16913 52402 53851 65581 69246 69314 71410 71530 71541 71575 ,944178 947146 604778 182764 575060 433463 357067 181325 182368 937918 ,16913 52402 65581 69246 69314 71410 71530 71541 71575 71594 
338299 623394 233985 647632 16683 117399 167271 803581 324481 162400 ,67992 71106 72199 73347 73743 74617 77438 77995 78426 78693 ,338299 623394 233985 647632 16683 117399 167271 803581 324481 162400 ,67992 71106 72199 73347 73743 74617 77438 77995 78426 78693 
94958 639366 417723 716473 944445 698544 262771 405555 562181 467111 ,49819 61998 65387 65698 66171 68755 69472 69772 69873 70182 ,94958 639366 417723 716473 944445 698544 262771 405555 562181 467111 ,49819 61998 65387 65698 66171 68755 69472 69772 69873 70182 
949460 76179 949788 949793 171619 729209 250646 81105 804661 940968 ,34832 51512 60678 61083 62607 63712 63775 64388 65082 65230 ,949460 76179 949788 949793 171619 729209 250646 81105 804661 940968 ,34832 51512 60678 61083 62607 63712 63775 64388 65082 65230 
717412 514486 433399 717628 717559 47154 46572 11668 545970 567017 ,36381 39710 40602 42618 42807 43132 43284 43465 43867 44261 ,514486 717559 47154 567017 791132 259903 557159 352358 260330 249337 ,39710 42807 43132 44261 44378 46599 48207 48342 49468 50061 
238047 252434 234124 666417 965237 460117 81840 419238 894451 195557 ,39293 42548 43159 43299 45411 45593 45845 46211 46249 46549 ,238047 252434 234124 666417 965237 460117 81840 419238 894451 195557 ,39293 42548 43159 43299 45411 45593 45845 46211 46249 46549 
515221 508406 462576 712877 518412 399434 18163 886757 938134 595140 ,62821 66342 69152 69431 70920 73497 75937 77430 77898 78048 ,515221 462576 518412 399434 18163 886757 595140 461241 860868 286220 ,62821 69152 70920 73497 75937 77430 78048 79115 79451 80594 
563169 555730 386503 606448 701141 52892 385391 563079 773853 771601 ,52458 53045 55458 57157 61856 61982 62336 62673 66477 66542 ,563169 555730 386503 606448 701141 52892 385391 563079 773853 771601 ,52458 53045 55458 57157 61856 61982 62336 62673 66477 66542 
944994 934505 9990 917088 594765 575171 841453 856330 564431 992007 ,17133 58244 60525 62269 65583 66373 66618 68527 69290 70072 ,944994 934505 9990 917088 594765 575171 841453 856330 564431 992007 ,17133 58244 60525 62269 65583 66373 66618 68527 69290 70072 
843752 207373 564377 703391 245108 388320 719464 314768 146043 525266 ,69040 71890 74928 75409 75410 76290 76386 77399 78911 79791 ,843752 207373 564377 703391 245108 388320 719464 314768 146043 525266 ,69040 71890 74928 75409 75410 76290 76386 77399 78911 79791 
677257 21166 34075 763555 333415 847815 755431 994767 995676 29191 ,55695 59933 68741 74493 80085 80113 80541 82175 82694 84548 ,677257 21166 34075 333415 847815 755431 994767 29191 893022 676864 ,55695 59933 68741 80085 80113 80541 82175 84548 86676 87446 
796142 476991 672716 898891 863099 478075 710709 824288 888195 57335 ,18221 19229 19498 20709 21677 23057 23545 23559 23762 23819 ,796142 863442 57182 53408 697252 45598 389273 469589 467870 477354 ,18221 30552 31179 31642 33052 35426 35648 36394 37040 38817 
439837 373050 577878 26268 154281 915596 132013 494398 166907 799338 ,46455 54852 58703 58912 59125 59441 61317 62451 62985 64475 ,439837 373050 577878 26268 154281 915596 132013 494398 166907 799338 ,46455 54852 58703 58912 59125 59441 61317 62451 62985 64475 
109549 714429 749826 64993 67069 35791 76939 896145 438537 527456 ,82003 92026 92792 93183 95001 99271 99665 100212 102773 103335 ,109549 714429 749826 67069 35791 76939 896145 438537 527456 695471 ,82003 92026 92792 95001 99271 99665 100212 102773 103335 103338 
965773 132434 82652 409222 498021 460049 200622 128866 639569 46271 ,66767 69179 72425 76490 76658 77692 77697 78029 78152 82685 ,965773 132434 82652 409222 498021 460049 200622 128866 639569 46271 ,66767 69179 72425 76490 76658 77692 77697 78029 78152 82685 
713008 577405 433593 711672 310116 511789 936403 717052 250573 526419 ,73693 74447 76374 78019 78239 78842 79301 79552 79705 79772 ,713008 577405 433593 711672 310116 511789 936403 717052 250573 526419 ,73693 74447 76374 78019 78239 78842 79301 79552 79705 79772 
950806 731051 899773 842615 683135 84265 397662 439145 829546 629527 ,28440 66658 69940 71721 73978 74348 74494 76221 76518 77184 ,950806 731051 899773 842615 683135 84265 397662 439145 829546 629527 ,28440 66658 69940 71721 73978 74348 74494 76221 76518 77184 
463035 610059 260276 505795 606940 330905 607012 62343 426885 821842 ,30268 31396 32128 34233 34361 36068 40913 41023 41223 41810 ,463035 610059 260276 505795 606940 330905 607012 62343 426885 821842 ,30268 31396 32128 34233 34361 36068 40913 41023 41223 41810 
284813 746654 696002 753794 483990 429153 495671 735962 854417 997340 ,47914 53018 57778 62073 65625 66196 66870 68079 68945 69008 ,284813 746654 696002 753794 483990 429153 495671 735962 854417 997340 ,47914 53018 57778 62073 65625 66196 66870 68079 68945 69008 
425492 198704 226060 57081 542182 788169 744965 19638 858683 669612 ,73031 80182 82103 86568 87018 89008 90259 91844 91993 92022 ,425492 198704 226060 57081 542182 788169 744965 19638 858683 669612 ,73031 80182 82103 86568 87018 89008 90259 91844 91993 92022 
802153 680499 650161 876433 76434 118214 728091 437380 805001 193841 ,87428 89436 90202 92707 105026 108639 109534 110714 112844 113961 ,802153 680499 650161 876433 76434 118214 728091 437380 805001 193841 ,87428 89436 90202 92707 105026 108639 109534 110714 112844 113961 
306334 401629 588066 826273 933522 12768 799112 398097 306966 60959 ,48088 49723 50940 51956 54043 56074 56369 56804 57007 57318 ,306334 401629 398097 306966 484916 650778 599786 467024 12778 191744 ,48088 49723 56804 57007 58493 59695 59705 59867 60042 61864 
715962 99718 698861 78337 111754 311581 431637 309483 662141 876908 ,71821 74941 75995 78453 79021 82427 84111 84265 85737 86116 ,715962 99718 698861 78337 111754 311581 431637 309483 662141 876908 ,71821 74941 75995 78453 79021 82427 84111 84265 85737 86116 
943263 463561 895437 631082 735337 539414 170522 955271 779579 566955 ,46636 55262 57203 58327 62301 62935 64048 65901 66079 66185 ,943263 463561 895437 631082 735337 539414 170522 955271 779579 566955 ,46636 55262 57203 58327 62301 62935 64048 65901 66079 66185 
460244 786018 785478 583731 539847 325145 327817 22123 584050 771472 ,52026 59835 63894 67470 69118 69123 69553 69869 70115 70254 ,460244 786018 785478 325145 327817 22123 584050 771472 343968 90788 ,52026 59835 63894 69123 69553 69869 70115 70254 70269 71356 
479957 641218 480068 556394 456937 83589 770217 489899 706695 571689 ,52856 57432 57481 60190 61150 61952 62226 62563 62645 62838 ,479957 641218 480068 556394 456937 83589 770217 489899 706695 571689 ,52856 57432 57481 60190 61150 61952 62226 62563 62645 62838 
703443 109292 194619 990109 963230 160774 86018 868836 272312 843214 ,83888 85569 86002 86482 86616 87716 91940 93410 94552 95437 ,703443 109292 194619 990109 963230 160774 86018 868836 272312 843214 ,83888 85569 86002 86482 86616 87716 91940 93410 94552 95437 
922090 941368 40703 556418 172291 296194 416135 504423 191732 735796 ,74632 74660 76927 78890 82185 84409 88955 92898 93791 95166 ,922090 941368 40703 556418 172291 296194 416135 504423 191732 735796 ,74632 74660 76927 78890 82185 84409 88955 92898 93791 95166 
950747 950124 943919 563897 586090 590694 804731 965830 563652 679295 ,40340 48487 54804 60586 64164 66669 67364 67380 68937 68970 ,950747 950124 943919 563897 586090 804731 965830 563652 87104 965509 ,40340 48487 54804 60586 64164 67364 67380 68937 70170 70924 
972023 523649 59583 847880 780278 974838 156134 413899 525349 240230 ,56513 59010 66668 67112 67688 68624 69618 72187 72268 73136 ,972023 523649 59583 847880 780278 974838 156134 413899 525349 240230 ,56513 59010 66668 67112 67688 68624 69618 72187 72268 73136 
810267 691296 749158 172936 399034 770861 274983 518554 180215 844162 ,85289 88019 88335 89103 89794 90710 93214 93776 95081 95697 ,810267 691296 749158 172936 399034 770861 274983 518554 180215 844162 ,85289 88019 88335 89103 89794 90710 93214 93776 95081 95697 
166934 965166 263532 148483 41258 125381 149299 41209 485759 636163 ,43283 49427 50448 52213 52351 53705 53945 55313 55812 56315 ,166934 125381 149299 148726 300115 27403 498963 26323 375127 103019 ,43283 53705 53945 62008 63126 63998 64275 65230 66033 67172 
853361 138420 773045 840210 441387 746998 15361 123330 886957 220725 ,81583 86793 99928 100597 101944 104985 106544 107261 110323 110679 ,853361 138420 773045 840210 441387 746998 15361 123330 886957 220725 ,81583 86793 99928 100597 101944 104985 106544 107261 110323 110679 
665239 809942 518163 763580 517898 688849 466702 140351 190522 241457 ,42977 43981 44031 47145 47292 47403 48278 48368 48485 48982 ,665239 809942 518163 763580 517898 688849 466702 140351 190522 241457 ,42977 43981 44031 47145 47292 47403 48278 48368 48485 48982 
623693 533853 840254 371289 205410 659625 298066 619880 647421 497843 ,67995 70306 72049 72234 74557 75122 76341 76411 77305 77651 ,623693 533853 840254 371289 205410 659625 298066 619880 647421 497843 ,67995 70306 72049 72234 74557 75122 76341 76411 77305 77651 
946659 951505 952838 945710 944844 408595 597633 895295 406315 956122 ,3231 8516 15084 15181 25212 32787 34025 34655 34680 35692 ,946659 951505 952838 945710 944844 408595 597633 895295 406315 956122 ,3231 8516 15084 15181 25212 32787 34025 34655 34680 35692 
85858 131417 797883 449219 414212 955252 704772 600823 279756 374984 ,68152 70195 72323 82578 83567 84000 84262 84278 84490 86541 ,85858 131417 797883 449219 414212 955252 704772 600823 279756 374984 ,68152 70195 72323 82578 83567 84000 84262 84278 84490 86541 
883434 929638 490143 13486 72058 828426 459313 453675 513289 346880 ,49697 51807 53520 57870 58461 60270 61852 62575 62716 62993 ,883434 929638 490143 13486 72058 828426 459313 453675 513289 346880 ,49697 51807 53520 57870 58461 60270 61852 62575 62716 62993 
883560 883358 527290 883388 526835 408192 679366 243166 499381 527980 ,42515 45815 45837 47729 48420 48818 49159 49210 50242 50599 ,883560 883358 527290 883388 408192 679366 499381 527980 73053 713185 ,42515 45815 45837 47729 48818 49159 50242 50599 51065 51983 
554713 540672 924055 964844 860307 207630 23783 222813 406309 698896 ,36074 36456 40206 40234 42041 42596 44544 44652 45583 46069 ,554713 540672 924055 964844 860307 23783 406309 698896 237286 855729 ,36074 36456 40206 40234 42041 44544 45583 46069 47073 48463 
627915 768341 305611 42694 255306 283985 514063 334848 204546 81979 ,35500 54180 62980 71884 80056 92051 92540 92849 97192 97727 ,627915 768341 305611 42694 255306 283985 514063 334848 204546 81979 ,35500 54180 62980 71884 80056 92051 92540 92849 97192 97727 
953892 387419 449838 761960 207546 559315 378496 450643 981941 382399 ,17749 20439 22735 24925 33538 34857 35262 37983 39310 40755 ,953892 387419 449838 761960 207546 559315 450643 981941 382399 385947 ,17749 20439 22735 24925 33538 34857 37983 39310 40755 40849 
20761 450988 21911 787912 535011 45771 216220 23971 79780 658346 ,26543 26733 30439 30789 31633 33344 33904 34651 35000 35487 ,20761 450988 21911 787912 535011 45771 216220 23971 79780 658346 ,26543 26733 30439 30789 31633 33344 33904 34651 35000 35487 
179101 29688 114596 170252 127264 196570 62660 313204 261921 334443 ,76854 88276 91713 94966 96443 99921 100574 101209 101474 101806 ,179101 29688 114596 170252 127264 196570 62660 313204 261921 334443 ,76854 88276 91713 94966 96443 99921 100574 101209 101474 101806 
64410 210779 551110 960718 397826 408957 916648 951217 684260 339160 ,44382 58654 61175 61775 62524 63822 63923 64777 65565 66252 ,64410 210779 551110 960718 397826 408957 916648 951217 684260 339160 ,44382 58654 61175 61775 62524 63822 63923 64777 65565 66252 
108453 777811 554317 38729 468118 336880 92031 953593 263255 897623 ,51011 51240 54946 55505 55742 55844 55934 57567 58463 58500 ,108453 777811 554317 38729 468118 336880 92031 953593 263255 897623 ,51011 51240 54946 55505 55742 55844 55934 57567 58463 58500 
953806 921363 310987 858707 737732 920814 326450 207949 295730 307950 ,14871 21459 23687 23818 23941 24047 24054 24451 26152 27761 ,953806 921363 310987 858707 737732 920814 326450 207949 295730 307950 ,14871 21459 23687 23818 23941 24047 24054 24451 26152 27761 
877690 840568 611234 840287 475502 910918 785675 48141 443812 522706 ,29301 48510 48558 48945 50440 51750 51898 54246 54286 56949 ,877690 840568 611234 840287 475502 910918 785675 48141 443812 522706 ,29301 48510 48558 48945 50440 51750 51898 54246 54286 56949 
72805 178883 358588 817321 291761 411850 343760 49453 750047 689331 ,51319 54797 55929 58373 59957 59986 62866 63183 64044 64894 ,72805 178883 358588 817321 291761 411850 343760 49453 750047 689331 ,51319 54797 55929 58373 59957 59986 62866 63183 64044 64894 
811265 826831 348831 170026 243637 149450 30330 494630 815395 520726 ,32805 37987 38696 39204 39814 39949 41162 41529 42321 42444 ,811265 826831 348831 243637 149450 30330 815395 520726 449937 279137 ,32805 37987 38696 39814 39949 41162 42321 42444 43265 43387 
866220 556888 910616 954560 904155 43816 343178 937399 111049 938778 ,76324 85680 87708 92962 102739 103876 104115 108213 112989 113451 ,910616 343178 937399 111049 851258 861915 422018 537704 155503 195196 ,87708 104115 108213 112989 128390 128678 129283 130018 133520 136169 
652061 848929 558864 656688 655925 559692 221528 790433 417479 995026 ,11582 13338 15856 17322 18840 20624 21187 23805 24771 26004 ,652061 848929 656688 221528 777846 829380 652535 537618 984211 782056 ,11582 13338 17322 21187 38911 39149 40923 42026 43338 43671 
954052 460079 65795 328702 451807 195537 273210 550542 148764 219644 ,21822 68550 70935 78727 80201 80944 81102 81240 82865 82920 ,954052 460079 65795 328702 451807 195537 273210 550542 148764 219644 ,21822 68550 70935 78727 80201 80944 81102 81240 82865 82920 
215659 615244 693903 889056 724527 560164 106836 960684 426750 30234 ,30134 31295 31359 36935 37679 38982 40181 40521 40605 41241 ,215659 615244 693903 889056 724527 560164 106836 960684 426750 30234 ,30134 31295 31359 36935 37679 38982 40181 40521 40605 41241 
762869 736108 762675 20976 108754 374041 291395 21038 374331 843769 ,39558 41833 44308 45312 45689 46356 47521 47931 51896 52299 ,762869 736108 291395 21038 374331 843769 200042 846919 20952 273977 ,39558 41833 47521 47931 51896 52299 53044 53048 53052 53495 
122766 958445 124795 413916 326545 83901 16803 960697 499724 806009 ,53449 56195 57589 58864 62370 65539 69331 69780 69881 70044 ,122766 958445 124795 413916 326545 83901 16803 960697 499724 806009 ,53449 56195 57589 58864 62370 65539 69331 69780 69881 70044 
430528 41404 419374 621063 597526 923340 214259 209833 799363 273057 ,75102 100135 103196 103554 106690 107849 109869 113050 113194 117928 ,430528 41404 419374 621063 597526 923340 214259 209833 799363 273057 ,75102 100135 103196 103554 106690 107849 109869 113050 113194 117928 
684378 43745 151990 250084 97354 603801 618355 530781 538859 635281 ,69003 71632 71648 75184 75230 75529 77024 77698 78787 82756 ,684378 43745 151990 250084 97354 603801 618355 530781 538859 635281 ,69003 71632 71648 75184 75230 75529 77024 77698 78787 82756 
631362 311945 77089 724289 896803 517882 105244 360717 605135 12964 ,73458 79979 82001 83630 84513 84610 85638 85989 86189 86201 ,631362 311945 77089 724289 896803 517882 105244 360717 605135 12964 ,73458 79979 82001 83630 84513 84610 85638 85989 86189 86201 
710219 815093 321791 137896 710547 261805 717180 180910 536592 937790 ,47833 49539 49759 50935 52288 52572 53809 54195 54231 54647 ,710219 815093 321791 137896 710547 261805 717180 180910 142696 738341 ,47833 49539 49759 50935 52288 52572 53809 54195 54704 55300 
830671 956965 971666 407143 421953 922443 190880 46446 963006 996497 ,32855 43459 43639 48709 52052 52389 54950 55836 57588 58474 ,830671 956965 971666 407143 421953 922443 190880 46446 963006 996497 ,32855 43459 43639 48709 52052 52389 54950 55836 57588 58474 
260253 553902 277055 106049 957411 850117 961345 105691 909252 849101 ,40384 42389 45754 48371 49834 49837 50100 50660 51140 51981 ,260253 553902 277055 106049 957411 850117 961345 105691 909252 849101 ,40384 42389 45754 48371 49834 49837 50100 50660 51140 51981 
179959 648318 397546 286614 594626 998207 704719 926641 588537 377698 ,46895 52239 53140 55109 55304 56119 56440 56862 57441 58669 ,179959 648318 397546 286614 594626 998207 704719 926641 588537 377698 ,46895 52239 53140 55109 55304 56119 56440 56862 57441 58669 
347687 244135 632316 83073 245484 759782 735144 915845 54881 216246 ,39576 39619 41727 41935 42483 44291 44455 44974 45428 45794 ,347687 244135 632316 83073 245484 759782 735144 915845 54881 216246 ,39576 39619 41727 41935 42483 44291 44455 44974 45428 45794 
831713 217644 915986 782086 8627 652392 921879 217460 950755 148342 ,56466 56697 58564 62425 62694 65502 66470 67322 67482 67753 ,831713 217644 915986 782086 8627 652392 921879 217460 950755 148342 ,56466 56697 58564 62425 62694 65502 66470 67322 67482 67753 
242484 13200 436172 997694 893539 541907 401893 224777 639910 73897 ,42485 43622 47257 47662 49156 50200 50379 50614 51464 54562 ,242484 13200 436172 997694 893539 541907 401893 224777 639910 209407 ,42485 43622 47257 47662 49156 50200 50379 50614 51464 54595 
570198 418558 339549 231758 704655 325279 98637 873787 961924 501858 ,32836 36557 41055 43760 44119 44744 44898 45442 45538 46468 ,339549 231758 325279 873787 501858 662716 319470 95387 128251 461147 ,41055 43760 44744 45442 46468 46619 48629 49415 49795 51027 
104844 985772 734898 826647 742057 490116 611267 994170 540201 535725 ,25290 28877 32715 38504 38810 40561 43599 43627 48804 52228 ,104844 985772 734898 826647 742057 490116 611267 994170 540201 535725 ,25290 28877 32715 38504 38810 40561 43599 43627 48804 52228 
606385 857907 712759 429153 543825 381841 100964 201249 265527 87616 ,77342 77394 79290 79678 80261 81410 81578 81794 81794 81831 ,857907 712759 429153 543825 381841 100964 265527 201249 87616 365395 ,77394 79290 79678 80261 81410 81578 81794 81794 81831 83897 
741429 545771 565460 425492 16343 593794 800065 896294 598672 55593 ,79122 85178 99398 114213 118279 118426 134719 135225 139039 140078 ,741429 545771 565460 425492 16343 593794 800065 896294 598672 55593 ,79122 85178 99398 114213 118279 118426 134719 135225 139039 140078 
981197 106335 896849 362555 256352 281242 150191 668462 375344 273731 ,93925 96269 108597 111659 113722 113756 116933 116998 117498 118158 ,981197 106335 896849 362555 256352 281242 150191 668462 375344 273731 ,93925 96269 108597 111659 113722 113756 116933 116998 117498 118158 
511528 265132 101323 890532 52551 795089 289240 340004 711542 77459 ,84535 85375 88768 89164 94876 95102 96205 97987 99267 99449 ,511528 265132 101323 890532 52551 795089 289240 340004 711542 77459 ,84535 85375 88768 89164 94876 95102 96205 97987 99267 99449 
557275 255908 271320 70342 838383 840954 670208 503716 678337 497832 ,49353 50449 50909 52812 54134 54200 54246 54844 55369 56467 ,557275 255908 271320 70342 838383 840954 670208 503716 678337 497832 ,49353 50449 50909 52812 54134 54200 54246 54844 55369 56467 
207697 655171 421188 158704 28866 667612 24790 674839 421082 552254 ,12822 13526 13812 13919 13987 14075 14089 14267 14599 14773 ,207697 655171 421188 158704 28866 667612 24790 674839 421082 552254 ,12822 13526 13812 13919 13987 14075 14089 14267 14599 14773 
208242 863258 191001 59691 960661 725448 521870 42219 911175 587547 ,24843 27032 27851 29254 29320 30640 31712 32228 33056 33095 ,208242 863258 191001 59691 960661 725448 521870 42219 911175 587547 ,24843 27032 27851 29254 29320 30640 31712 32228 33056 33095 
5436 506446 571339 725933 955729 956086 475870 744515 452883 744552 ,44949 54207 55113 55787 56207 56207 57033 58533 58596 58976 ,5436 506446 571339 725933 955729 956086 475870 744515 744552 205482 ,44949 54207 55113 55787 56207 56207 57033 58533 58976 59289 
3694 211947 213197 260092 127575 967056 753519 226247 311159 563195 ,37891 39108 39475 46886 49952 50611 50658 52538 52618 52816 ,3694 211947 213197 260092 967056 753519 226247 311159 563195 610466 ,37891 39108 39475 46886 50611 50658 52538 52618 52816 53147 
615135 790748 893153 774155 214485 373189 615829 703161 17690 689154 ,30626 36180 36526 38550 40830 41289 41899 42432 43180 44052 ,615135 790748 893153 774155 214485 373189 615829 703161 17690 689154 ,30626 36180 36526 38550 40830 41289 41899 42432 43180 44052 
744964 739121 740941 547469 125 479856 920294 843385 842597 563265 ,28966 29166 34838 34900 38270 39507 39798 40137 40512 40578 ,60051 931707 204685 191116 541800 879790 123321 60420 667887 947240 ,41567 46163 48570 48734 50222 50689 50752 51122 51296 51487 
773246 324144 772907 826395 255422 596660 120026 811779 335183 811876 ,54904 57543 59464 61488 63582 64319 65399 65771 66647 68265 ,773246 324144 772907 826395 255422 596660 120026 335183 811876 670588 ,54904 57543 59464 61488 63582 64319 65399 66647 68265 68337 
261114 260843 637090 984803 100251 854925 811533 552665 360133 239760 ,65268 65790 68618 69071 69163 69352 69556 69914 70416 70844 ,261114 260843 637090 984803 100251 854925 811533 360133 239760 493719 ,65268 65790 68618 69071 69163 69352 69556 70416 70844 71494 
867740 832774 554708 57081 376759 915389 846305 876982 960869 851148 ,36141 38248 43126 43353 43993 45136 46034 48544 48933 49445 ,867740 832774 554708 57081 376759 915389 846305 876982 960869 851148 ,36141 38248 43126 43353 43993 45136 46034 48544 48933 49445 
343857 231982 328697 324129 476785 657186 24957 359873 85792 186130 ,102338 103553 105902 113772 113843 123092 124745 124873 125552 128798 ,343857 231982 328697 324129 476785 657186 24957 359873 85792 186130 ,102338 103553 105902 113772 113843 123092 124745 124873 125552 128798 
18597 192281 952759 361876 879309 421203 795704 574555 970193 795250 ,78969 79010 80483 82166 88179 88219 89000 91953 92521 92670 ,18597 192281 952759 361876 879309 421203 795704 574555 970193 795250 ,78969 79010 80483 82166 88179 88219 89000 91953 92521 92670 
59143 400655 352706 280039 459803 715296 512517 422241 459879 406252 ,37939 39097 39354 39691 42292 43168 43513 43695 44182 44770 ,59143 400655 352706 280039 459803 715296 512517 422241 459879 406252 ,37939 39097 39354 39691 42292 43168 43513 43695 44182 44770 
711414 711106 620673 620507 893503 57474 213914 128576 619116 962195 ,51243 52945 73368 75278 76552 76710 77358 78269 78433 78515 ,711414 711106 620507 893503 57474 213914 128576 619116 962195 521285 ,51243 52945 75278 76552 76710 77358 78269 78433 78515 80165 
597058 144932 889375 207456 377962 145307 949238 196223 275039 124420 ,52215 55273 59900 63964 64288 65485 68438 68476 68476 68507 ,597058 144932 889375 207456 145307 949238 196223 275039 124420 595369 ,52215 55273 59900 63964 65485 68438 68476 68476 68507 68669 
134460 775612 764842 691981 828217 303716 340760 641696 572331 225330 ,86936 89914 90915 94406 94844 95319 97211 100810 101495 102747 ,134460 775612 764842 691981 828217 303716 340760 641696 572331 225330 ,86936 89914 90915 94406 94844 95319 97211 100810 101495 102747 
617286 302638 770378 463561 565500 730482 186222 991211 34417 806415 ,74913 80867 81259 83247 83694 84997 85063 86350 86912 88270 ,617286 302638 770378 463561 565500 730482 186222 991211 34417 806415 ,74913 80867 81259 83247 83694 84997 85063 86350 86912 88270 
69537 672446 989644 630788 852615 771534 214316 861598 755579 45305 ,76138 81351 92065 93206 98637 99444 101260 103280 104409 105357 ,69537 672446 989644 630788 852615 771534 214316 861598 755579 45305 ,76138 81351 92065 93206 98637 99444 101260 103280 104409 105357 
969284 9948 9644 903268 545137 886703 854610 856465 856301 219488 ,6482 46011 50819 51587 52976 53823 53953 54212 54521 55576 ,969284 9948 9644 903268 545137 886703 854610 856465 856301 219488 ,6482 46011 50819 51587 52976 53823 53953 54212 54521 55576 
961268 809642 809933 398423 258118 402116 932740 45746 828682 401779 ,21947 30750 31497 33265 33297 33612 34181 34263 34369 35649 ,961268 809642 809933 398423 258118 402116 932740 45746 828682 401779 ,21947 30750 31497 33265 33297 33612 34181 34263 34369 35649 
207814 579574 428006 726954 898806 6017 450400 479202 200855 775880 ,61911 64376 65888 65941 73124 73192 73505 74057 78768 80165 ,207814 579574 428006 898806 6017 450400 479202 200855 775880 820675 ,61911 64376 65888 73124 73192 73505 74057 78768 80165 82597 
130156 960090 973994 62537 868407 545320 431045 206844 224448 738451 ,41582 45454 52297 52635 53203 54100 54505 55178 55874 55924 ,130156 960090 973994 62537 868407 545320 431045 206844 224448 738451 ,41582 45454 52297 52635 53203 54100 54505 55178 55874 55924 
677923 880192 916653 950465 555658 563484 564770 42813 641909 225543 ,48946 59607 63620 67713 67903 68103 68960 69080 69653 69693 ,677923 880192 916653 950465 555658 563484 564770 42813 641909 776666 ,48946 59607 63620 67713 67903 68103 68960 69080 69653 69867 
954064 759315 492629 241674 247218 991773 468763 763327 215253 759887 ,74285 79567 82726 88758 89977 92748 93368 93991 94268 94454 ,954064 759315 492629 241674 247218 991773 468763 763327 215253 759887 ,74285 79567 82726 88758 89977 92748 93368 93991 94268 94454 
132281 715401 405197 399777 622000 563759 286827 897179 398200 657752 ,83472 105878 107838 113966 116631 120987 121032 122468 122687 123106 ,132281 715401 405197 399777 622000 563759 286827 897179 398200 657752 ,83472 105878 107838 113966 116631 120987 121032 122468 122687 123106 
363194 419485 416733 479177 612219 32777 477772 826622 410994 63195 ,49591 55799 55845 55917 57253 59281 60210 60731 60811 61059 ,363194 419485 416733 479177 612219 32777 477772 826622 410994 63195 ,49591 55799 55845 55917 57253 59281 60210 60731 60811 61059 
550168 958051 397438 397206 613665 162312 613307 838473 146855 164011 ,30944 31559 33828 35065 35240 36726 37653 37936 40226 40841 ,550168 958051 397438 397206 613665 162312 613307 838473 164011 794860 ,30944 31559 33828 35065 35240 36726 37653 37936 40841 44864 
397696 963007 401184 401190 313746 896767 648256 436547 909359 449236 ,58661 61988 62568 63235 64420 65650 70877 71225 72035 72303 ,397696 963007 401184 401190 313746 896767 648256 436547 909359 449236 ,58661 61988 62568 63235 64420 65650 70877 71225 72035 72303 
648272 771152 211502 323189 792983 833606 901318 647010 6681 296214 ,35638 37112 40323 44918 46147 46642 47220 48436 49015 49116 ,648272 771152 211502 833606 901318 647010 6681 804758 829509 797871 ,35638 37112 40323 46642 47220 48436 49015 49235 49487 50044 
469603 305864 639375 958336 534848 363603 683568 560829 771974 25985 ,34488 41616 42648 43787 45579 46495 47284 47338 47747 47861 ,469603 305864 639375 958336 534848 363603 683568 771974 25985 229360 ,34488 41616 42648 43787 45579 46495 47284 47747 47861 52288 
28706 797287 952441 761477 27814 147960 145437 761877 374686 853705 ,81844 82149 87450 87800 88141 88860 88880 89849 90212 92603 ,28706 797287 952441 761477 27814 147960 145437 761877 374686 853705 ,81844 82149 87450 87800 88141 88860 88880 89849 90212 92603 
614815 250328 852252 767781 418528 260420 357764 882420 414301 677058 ,72936 75759 76095 77557 81200 81722 82906 83395 83399 83990 ,614815 250328 852252 767781 418528 260420 357764 882420 414301 677058 ,72936 75759 76095 77557 81200 81722 82906 83395 83399 83990 
291152 248353 674368 989255 989445 277523 11084 127172 417114 438953 ,36091 43562 44860 45952 46557 47121 47135 47505 48299 48842 ,291152 248353 674368 989255 989445 277523 11084 127172 417114 438953 ,36091 43562 44860 45952 46557 47121 47135 47505 48299 48842 
956170 631839 260953 830319 960352 703718 85075 263627 991547 440125 ,64906 77175 80477 82877 83314 84708 85409 86601 88778 88975 ,956170 631839 260953 830319 703718 85075 263627 991547 440125 650819 ,64906 77175 80477 82877 84708 85409 86601 88778 88975 90727 
961735 961726 6737 820494 970201 554573 7005 820466 141277 190699 ,18182 23683 31489 33446 33895 34708 35237 36530 36728 37478 ,961735 970201 141277 104918 599259 778814 190716 718256 43983 762442 ,18182 33895 36728 39838 41390 42046 42854 43866 44749 44871 
725053 822010 174620 60764 363885 295819 24294 400625 153330 742325 ,40278 43321 44359 44995 45072 46593 47033 47062 47285 47297 ,725053 822010 174620 60764 295819 24294 400625 153330 742325 677836 ,40278 43321 44359 44995 46593 47033 47062 47285 47297 47368 
213377 453921 229940 272208 588041 238059 811087 196897 453109 164352 ,57063 57213 59987 60672 61071 61308 61471 62342 64661 65154 ,196897 164352 149548 155811 474363 227775 721811 416664 806487 130676 ,62342 65154 66025 66244 67712 68271 68759 68924 69335 69498 
961020 970602 984107 983582 223493 207834 956917 911038 868264 931910 ,22092 22292 24673 26782 28292 28922 30242 30582 31880 32164 ,961020 983582 207834 910069 542561 911176 541785 912447 644421 704912 ,22092 26782 28922 32403 32645 34603 34996 36159 36776 37525 
116788 307465 8255 653295 559565 783637 427100 308703 925550 814770 ,42260 49782 53080 55983 57213 57478 57814 59245 60502 60542 ,116788 814770 308923 555127 803557 997535 924114 413624 271579 776823 ,42260 60542 60753 62526 63360 66627 66632 67487 67955 68283 
396965 305944 755747 321773 684318 371784 43258 521874 772730 68339 ,30982 35948 37425 38869 38887 40269 40652 41511 42424 42469 ,396965 305944 755747 321773 684318 371784 43258 521874 772730 68339 ,30982 35948 37425 38869 38887 40269 40652 41511 42424 42469 
556384 887020 556033 403024 286826 609649 302575 383080 190904 976988 ,52134 54391 55437 57283 59302 59749 61707 62319 64174 64725 ,556384 887020 556033 403024 286826 609649 302575 383080 190904 976988 ,52134 54391 55437 57283 59302 59749 61707 62319 64174 64725 
996237 261217 798203 681628 254004 291274 414119 185241 232480 76332 ,63343 70859 71031 71351 72356 74667 76129 76161 76656 76956 ,996237 261217 798203 681628 254004 291274 414119 185241 232480 76332 ,63343 70859 71031 71351 72356 74667 76129 76161 76656 76956 
788344 716707 766678 766321 594894 250284 805330 461730 876897 419195 ,69838 77054 77758 77839 78279 79625 81324 81944 82701 83220 ,788344 716707 766678 766321 594894 250284 805330 461730 876897 419195 ,69838 77054 77758 77839 78279 79625 81324 81944 82701 83220 
961474 411483 67573 236892 363585 214487 564775 37011 791295 174862 ,28039 37071 41461 47801 51486 52254 53744 57003 57574 58379 ,411483 67573 236892 363585 564775 791295 174862 478797 162869 391107 ,37071 41461 47801 51486 53744 57574 58379 59037 60583 62876 
766097 114333 796684 316691 234133 986449 884643 676399 383274 801514 ,62099 69770 70093 70798 71101 72483 74328 74545 75105 79379 ,766097 114333 796684 316691 234133 986449 884643 676399 383274 801514 ,62099 69770 70093 70798 71101 72483 74328 74545 75105 79379 
970564 760630 6269 970267 418893 23819 417474 959611 794486 890441 ,12738 22311 24228 28504 32247 34441 35455 36753 38176 38454 ,970564 760630 6269 970267 23819 417474 959611 794486 890441 471681 ,12738 22311 24228 28504 34441 35455 36753 38176 38454 39498 
186694 121515 661542 214185 572050 9942 879581 456034 186682 624438 ,42755 49318 50668 51013 55358 55705 56125 56691 57764 58359 ,186694 121515 661542 214185 572050 9942 879581 456034 186682 624438 ,42755 49318 50668 51013 55358 55705 56125 56691 57764 58359 
696765 929714 241452 605348 288828 309174 384786 980122 112384 956330 ,51271 54520 55483 55487 57838 59075 60766 61752 62163 62535 ,696765 929714 605348 288828 309174 384786 980122 112384 956330 886115 ,51271 54520 55487 57838 59075 60766 61752 62163 62535 62650 
473848 636487 173673 208768 126380 520066 794357 795411 161131 109714 ,46548 48756 48959 52084 52552 55129 57020 57057 57580 57905 ,473848 636487 173673 208768 126380 520066 794357 795411 161131 109714 ,46548 48756 48959 52084 52552 55129 57020 57057 57580 57905 
961973 919567 621714 131487 138430 622167 612363 373800 772732 387276 ,33161 47550 53899 54317 56100 64109 65244 68050 69470 69818 ,961973 919567 621714 131487 138430 622167 612363 373800 772732 387276 ,33161 47550 53899 54317 56100 64109 65244 68050 69470 69818 
48500 48420 468823 543866 408272 813236 89645 813643 218198 898821 ,48622 49943 52476 54283 55419 55741 56026 56733 59093 60148 ,48500 48420 468823 543866 408272 813236 89645 813643 218198 898821 ,48622 49943 52476 54283 55419 55741 56026 56733 59093 60148 
863331 933667 15369 131480 196726 323575 882973 742803 919163 972155 ,74760 84412 86681 87077 88345 89541 89936 89968 90049 90556 ,863331 933667 15369 131480 196726 323575 882973 742803 919163 972155 ,74760 84412 86681 87077 88345 89541 89936 89968 90049 90556 
963341 917436 538475 754210 519693 421172 191322 570499 332995 903912 ,56089 56377 59943 60652 62246 67082 69314 71492 71959 73035 ,963341 917436 538475 754210 519693 421172 191322 570499 332995 903912 ,56089 56377 59943 60652 62246 67082 69314 71492 71959 73035 
916883 780739 44043 480556 299658 519229 323366 484224 540814 471937 ,25076 26804 30271 31280 32249 32376 32636 32810 33156 33282 ,916883 780739 44043 480556 299658 519229 323366 484224 540814 471937 ,25076 26804 30271 31280 32249 32376 32636 32810 33156 33282 
214755 112064 10125 192907 511184 718698 840896 432958 569512 720539 ,44242 46515 48973 49141 49193 51208 51874 52335 52949 53312 ,214755 112064 10125 192907 511184 718698 840896 432958 569512 720539 ,44242 46515 48973 49141 49193 51208 51874 52335 52949 53312 
656696 905634 657168 446840 447442 446221 445243 447346 447746 641629 ,4206 5277 5789 6034 6229 6243 6495 6564 6569 6606 ,905634 641629 102523 905497 445308 785724 446526 824559 953109 43852 ,5277 6606 6637 7513 8004 8678 9200 9454 9684 9979 
368559 679029 514747 498990 510028 638378 378910 578101 525272 194095 ,52108 52876 53627 55418 57765 60036 60439 60466 61859 62087 ,368559 679029 514747 498990 510028 378910 578101 194095 679929 360236 ,52108 52876 53627 55418 57765 60439 60466 62087 62761 63144 
555232 863655 768130 759197 871829 448139 447404 447223 447631 673861 ,13144 14234 14624 14787 15241 15347 15698 15843 16026 16479 ,555232 863655 768130 759197 871829 448139 447404 447223 447631 673861 ,13144 14234 14624 14787 15241 15347 15698 15843 16026 16479 
971447 514471 834251 597415 671818 198509 277325 392483 778321 77755 ,34163 51729 60738 61222 62684 62781 62781 63340 63665 63702 ,971447 514471 834251 597415 671818 277325 198509 392483 778321 77755 ,34163 51729 60738 61222 62684 62781 62781 63340 63665 63702 
333494 769978 402148 126285 507997 122929 651404 493910 83534 335430 ,59952 68744 75785 76254 77006 79115 80689 81905 82809 84640 ,333494 769978 402148 126285 507997 122929 651404 493910 83534 335430 ,59952 68744 75785 76254 77006 79115 80689 81905 82809 84640 
546787 261625 782116 375954 809749 966409 594735 16573 942937 672387 ,37324 40250 40478 42994 43044 43919 46059 47473 47749 47751 ,546787 261625 782116 375954 809749 966409 594735 16573 942937 672387 ,37324 40250 40478 42994 43044 43919 46059 47473 47749 47751 
91796 861261 96290 916994 860057 811413 391657 942935 390013 176349 ,44372 45258 46525 48039 48105 48626 48698 50210 50685 51216 ,91796 861261 96290 916994 860057 811413 391657 942935 390013 176349 ,44372 45258 46525 48039 48105 48626 48698 50210 50685 51216 
346732 366612 815951 529741 463411 464131 859826 578179 620620 692917 ,195119 203695 217604 220833 221098 222131 223984 234190 239637 239988 ,346732 366612 815951 529741 463411 464131 859826 578179 620620 692917 ,195119 203695 217604 220833 221098 222131 223984 234190 239637 239988 
963902 592937 799335 534567 420984 732069 642996 471452 933876 403116 ,17650 49428 54472 55593 56223 57173 59613 59631 60620 60803 ,963902 592937 799335 534567 420984 732069 642996 471452 933876 403116 ,17650 49428 54472 55593 56223 57173 59613 59631 60620 60803 
920304 563715 557223 386780 960469 597375 572097 963335 834771 964216 ,47632 51556 56339 57220 57436 58457 59203 60476 60873 61185 ,920304 563715 557223 386780 960469 597375 572097 963335 834771 964216 ,47632 51556 56339 57220 57436 58457 59203 60476 60873 61185 
29952 638027 664564 698478 720942 116 321510 472861 52561 323048 ,35360 39213 43201 45246 48038 48266 50040 51675 51784 54205 ,29952 638027 664564 720942 116 321510 472861 52561 323048 823754 ,35360 39213 43201 48038 48266 50040 51675 51784 54205 54493 
508378 783502 264947 153945 153012 307780 673373 661785 117579 485911 ,30024 43341 44125 47896 49176 49286 51360 51450 51788 52247 ,508378 783502 264947 153945 153012 307780 673373 661785 117579 485911 ,30024 43341 44125 47896 49176 49286 51360 51450 51788 52247 
963669 791240 590306 318228 946346 879052 535280 760559 29022 631827 ,6556 51079 53775 54874 56179 57199 58762 59718 59765 61027 ,963669 791240 590306 318228 946346 879052 535280 760559 29022 631827 ,6556 51079 53775 54874 56179 57199 58762 59718 59765 61027 
971646 221542 311516 310186 684137 370183 574145 363931 608926 57771 ,21325 32235 32335 33108 33524 34443 35109 35398 35465 35665 ,971646 221542 311516 310186 684137 370183 574145 363931 608926 57771 ,21325 32235 32335 33108 33524 34443 35109 35398 35465 35665 
566612 324330 34923 566566 434561 322181 653155 308647 306609 653247 ,50036 52431 53062 53551 53958 54872 55272 55558 58036 58060 ,566612 324330 34923 566566 434561 322181 653155 308647 306609 653247 ,50036 52431 53062 53551 53958 54872 55272 55558 58036 58060 
984802 408448 78655 189850 94711 282474 492712 978595 769011 198639 ,38641 39194 39979 40276 40703 40925 41021 42527 43757 43890 ,984802 408448 78655 189850 94711 282474 492712 978595 769011 198639 ,38641 39194 39979 40276 40703 40925 41021 42527 43757 43890 
676246 443582 891751 375600 922330 972325 374620 832379 426416 914962 ,32301 39118 42485 44453 45523 49180 53341 54833 55730 56460 ,676246 443582 891751 375600 922330 972325 374620 832379 426416 914962 ,32301 39118 42485 44453 45523 49180 53341 54833 55730 56460 
132013 884667 885559 973125 673181 131649 129266 961328 132773 971241 ,46345 53263 54283 54383 54605 57023 57558 58009 58238 58319 ,132013 884667 885559 973125 673181 131649 129266 961328 971241 915596 ,46345 53263 54283 54383 54605 57023 57558 58009 58319 59281 
779216 912865 737820 268018 783334 101801 833656 104249 432391 967496 ,100772 104724 105494 105943 106835 107232 109498 110121 110238 111417 ,779216 912865 737820 268018 783334 101801 833656 104249 432391 967496 ,100772 104724 105494 105943 106835 107232 109498 110121 110238 111417 
602618 673601 219813 66357 929392 105432 739652 373446 684712 581174 ,59391 65309 66794 67300 68517 69128 69715 70881 71815 72009 ,602618 673601 219813 66357 929392 105432 739652 373446 684712 581174 ,59391 65309 66794 67300 68517 69128 69715 70881 71815 72009 
547920 244168 196170 608670 925366 188730 80590 992563 900748 699830 ,77465 109879 112919 129318 130140 134547 135957 140924 141655 142327 ,547920 244168 196170 608670 925366 188730 80590 992563 900748 699830 ,77465 109879 112919 129318 130140 134547 135957 140924 141655 142327 
273372 337710 678057 527745 278682 914171 132286 993392 293117 705193 ,62126 63776 66047 71236 72200 74284 77228 77425 78097 79224 ,273372 337710 678057 527745 278682 914171 132286 993392 293117 705193 ,62126 63776 66047 71236 72200 74284 77228 77425 78097 79224 
554486 824665 238633 378689 555836 497626 720522 231889 595343 595305 ,31024 31466 33526 35844 36444 36830 36854 40531 41792 41997 ,554486 824665 238633 378689 555836 497626 720522 231889 595343 595305 ,31024 31466 33526 35844 36444 36830 36854 40531 41792 41997 
253419 227756 227753 854826 856816 984866 756088 155159 645370 570283 ,30663 35640 37963 38175 39094 39694 41374 41420 42157 42566 ,253419 227756 227753 854826 856816 984866 756088 155159 645370 570283 ,30663 35640 37963 38175 39094 39694 41374 41420 42157 42566 
840222 576925 664892 175450 833844 954228 163025 844712 163968 202547 ,57311 58381 62434 63524 65197 65879 66786 66834 67299 67373 ,840222 576925 664892 175450 833844 954228 163025 844712 163968 202547 ,57311 58381 62434 63524 65197 65879 66786 66834 67299 67373 
503553 461598 688398 806577 920086 200725 265003 486201 876709 616285 ,46914 49201 54246 55549 55707 57156 57156 57575 57679 57910 ,503553 461598 688398 806577 920086 200725 265003 486201 616285 860981 ,46914 49201 54246 55549 55707 57156 57156 57575 57910 58363 
244166 363958 232833 283158 738509 991735 824073 790008 557543 305690 ,35590 39118 40302 41859 41893 41955 43600 43675 44655 44850 ,244166 363958 232833 283158 738509 991735 824073 790008 557543 305690 ,35590 39118 40302 41859 41893 41955 43600 43675 44655 44850 
5142 560322 429546 390045 324267 418678 295384 588225 389961 192506 ,45980 54143 55157 56039 58027 61575 62521 63438 63457 65541 ,5142 560322 429546 390045 324267 418678 295384 588225 389961 192506 ,45980 54143 55157 56039 58027 61575 62521 63438 63457 65541 
550816 880240 896581 855725 858931 808647 809565 589821 895638 892735 ,24494 25361 30676 31735 34172 35679 36675 37108 37364 38074 ,550816 880240 896581 855725 858931 808647 809565 589821 895638 892735 ,24494 25361 30676 31735 34172 35679 36675 37108 37364 38074 
294738 300849 466347 439506 713267 571838 44738 472112 748609 17939 ,57615 60440 61889 62318 62752 62929 63078 63633 63886 64063 ,294738 300849 466347 439506 713267 44738 748609 17939 425512 716435 ,57615 60440 61889 62318 62752 63078 63886 64063 64832 64832 
845027 127033 194880 515108 924080 170993 225097 788584 515631 196960 ,72991 73102 75168 78708 79659 80469 81481 81508 81748 82485 ,845027 127033 194880 515108 924080 225097 788584 515631 196960 929184 ,72991 73102 75168 78708 79659 81481 81508 81748 82485 83577 
977299 15733 200043 620350 919574 470857 771167 967728 565575 540787 ,57037 57052 61953 62139 64295 65120 65621 66075 66160 67450 ,977299 15733 200043 620350 919574 470857 771167 967728 565575 540787 ,57037 57052 61953 62139 64295 65120 65621 66075 66160 67450 
876107 875428 836185 780592 683775 844337 750538 403425 13792 175686 ,68513 70301 70603 70672 71008 72841 74303 75572 76083 76147 ,876107 875428 836185 780592 683775 750538 403425 13792 175686 268047 ,68513 70301 70603 70672 71008 74303 75572 76083 76147 77295 
591477 592594 397469 566897 197616 666219 712848 390191 828078 930296 ,73654 77189 86113 86429 86720 89795 91582 92783 93734 94118 ,591477 592594 397469 566897 197616 666219 712848 390191 828078 930296 ,73654 77189 86113 86429 86720 89795 91582 92783 93734 94118 
526313 574508 576958 81702 695619 621991 471135 970760 898677 873407 ,40871 49852 53889 57297 59828 66864 67375 69355 70546 70637 ,526313 574508 576958 81702 695619 621991 471135 970760 898677 873407 ,40871 49852 53889 57297 59828 66864 67375 69355 70546 70637 
973912 194456 954748 947827 566112 86821 106703 107170 276694 209071 ,56411 58069 59067 61269 62327 62406 64253 65218 65391 65797 ,973912 194456 954748 947827 566112 86821 106703 107170 276694 209071 ,56411 58069 59067 61269 62327 62406 64253 65218 65391 65797 
973269 841356 395889 540600 882739 834867 722714 564065 985742 480768 ,40912 49200 51971 54813 54975 57163 58043 60078 61412 62270 ,841356 395889 540600 882739 834867 722714 564065 985742 480768 15215 ,49200 51971 54813 54975 57163 58043 60078 61412 62270 62273 
705591 17775 730645 113958 730749 937893 137857 131092 670910 565174 ,44025 44438 45247 45749 45917 46008 46572 46694 47420 47430 ,705591 17775 730645 113958 730749 937893 137857 131092 670910 565174 ,44025 44438 45247 45749 45917 46008 46572 46694 47420 47430 
915744 579713 19144 614135 257533 199461 278277 100005 482566 257359 ,41147 42209 43034 43413 44000 45204 45204 45671 45821 45894 ,915744 579713 19144 614135 257533 278277 199461 100005 482566 326471 ,41147 42209 43034 43413 44000 45204 45204 45671 45821 46193 
345167 261031 242151 66210 112185 148749 352336 152240 449560 585777 ,46715 51271 56722 56944 57107 58081 58744 59532 59636 59895 ,345167 261031 242151 66210 112185 148749 352336 152240 449560 585777 ,46715 51271 56722 56944 57107 58081 58744 59532 59636 59895 
539177 10290 985266 737286 889887 301049 375262 472484 857687 127820 ,35855 37544 39430 43009 48157 52461 54076 56201 58310 58805 ,539177 10290 985266 737286 889887 301049 375262 472484 857687 127820 ,35855 37544 39430 43009 48157 52461 54076 56201 58310 58805 
377302 563960 172630 856971 858880 199297 494900 22725 955573 853305 ,46265 46867 48268 48492 49302 52202 55294 55518 56189 56882 ,377302 563960 172630 856971 858880 199297 494900 22725 955573 853305 ,46265 46867 48268 48492 49302 52202 55294 55518 56189 56882 
975871 327036 195962 274778 174482 495448 860838 515529 515528 289953 ,40010 57916 64963 64963 72201 72240 74138 74159 75608 76363 ,975871 327036 195962 274778 174482 495448 860838 515529 515528 289953 ,40010 57916 64963 64963 72201 72240 74138 74159 75608 76363 
758432 783002 656366 970375 577275 75196 868466 752193 522202 853641 ,65136 80236 80827 83709 84244 85396 86940 88305 89640 90234 ,758432 783002 656366 970375 577275 75196 868466 752193 522202 853641 ,65136 80236 80827 83709 84244 85396 86940 88305 89640 90234 
974152 955551 836130 582898 473789 540566 886522 879632 571456 898973 ,47988 56037 63419 65951 66025 68645 69024 69704 71572 72414 ,974152 955551 836130 582898 473789 886522 879632 571456 898973 668113 ,47988 56037 63419 65951 66025 69024 69704 71572 72414 72767 
903931 911944 428791 521350 891487 47260 682558 586667 388491 834287 ,14101 26050 26801 28379 28772 30004 31630 32130 33199 33447 ,903931 911944 428791 521350 891487 47260 682558 586667 388491 834287 ,14101 26050 26801 28379 28772 30004 31630 32130 33199 33447 
453148 250397 9066 660719 672436 374035 332424 710077 196134 243316 ,65325 66036 66179 66562 67454 67996 68118 69999 70035 70386 ,453148 250397 9066 660719 672436 374035 332424 710077 196134 243316 ,65325 66036 66179 66562 67454 67996 68118 69999 70035 70386 
159539 962256 63792 596044 783285 346521 465179 250703 582571 72746 ,60215 77415 78407 88105 88302 88325 89186 92131 93184 93979 ,159539 962256 63792 596044 783285 346521 465179 250703 582571 720357 ,60215 77415 78407 88105 88302 88325 89186 92131 93184 94355 
484167 888333 514471 843460 192555 598443 681328 278133 271538 198509 ,55479 57969 58799 60186 62237 62762 63405 63420 63560 63727 ,484167 888333 514471 843460 192555 598443 681328 278133 271538 277325 ,55479 57969 58799 60186 62237 62762 63405 63420 63560 63727 
974615 980354 339966 355251 976513 975403 340893 354429 357640 454919 ,17353 18495 43646 46189 46978 52763 54142 55179 55202 55579 ,974615 980354 339966 355251 976513 975403 340893 354429 454919 61697 ,17353 18495 43646 46189 46978 52763 54142 55179 55579 57366 
929813 388965 669622 966170 265560 629230 243739 4246 741367 849435 ,83626 107129 109250 111374 112188 113380 113890 114584 114775 115399 ,929813 388965 669622 966170 265560 629230 4246 741367 849435 885904 ,83626 107129 109250 111374 112188 113380 114584 114775 115399 117164 
738084 911963 12057 387892 471091 827950 889394 241277 421743 189630 ,38189 49324 51980 58159 59440 60103 61284 62202 62604 62727 ,738084 911963 12057 387892 471091 827950 889394 241277 421743 189630 ,38189 49324 51980 58159 59440 60103 61284 62202 62604 62727 
860869 980223 839517 790188 507602 259867 77772 605040 858518 50488 ,40510 41919 50605 50817 52041 52255 52477 52583 53314 54153 ,860869 980223 839517 790188 507602 259867 77772 605040 858518 50488 ,40510 41919 50605 50817 52041 52255 52477 52583 53314 54153 
331999 689662 664704 195780 352314 523857 663701 403130 245172 847019 ,71549 78507 78807 79166 81159 82226 82927 84540 84967 86422 ,331999 689662 664704 195780 352314 523857 663701 403130 245172 847019 ,71549 78507 78807 79166 81159 82226 82927 84540 84967 86422 
375889 290077 966506 321905 342195 189594 279611 233948 920938 806957 ,84156 86695 87814 96730 103969 105475 106444 107167 110014 110058 ,375889 290077 966506 321905 342195 189594 279611 233948 920938 806957 ,84156 86695 87814 96730 103969 105475 106444 107167 110014 110058 
354387 182313 771776 195638 229000 610090 170187 769372 62364 534737 ,77805 79133 79562 81829 84107 84685 85749 85923 85984 87503 ,354387 182313 771776 195638 229000 610090 170187 769372 62364 534737 ,77805 79133 79562 81829 84107 84685 85749 85923 85984 87503 
64591 915879 705459 428555 122766 278527 860865 192720 157963 326545 ,77403 82052 84327 86814 86934 89633 91445 91469 91879 92763 ,64591 915879 705459 428555 122766 278527 860865 192720 157963 326545 ,77403 82052 84327 86814 86934 89633 91445 91469 91879 92763 
149807 468034 741524 734065 72889 76673 745329 483015 737366 745426 ,69372 69426 71078 72343 72790 73140 73572 73641 75051 75732 ,149807 741524 734065 76673 745329 483015 737366 745426 76392 739075 ,69372 71078 72343 73140 73572 73641 75051 75732 75771 75948 
975605 47558 541676 897415 908798 921039 949341 849508 878569 318548 ,23758 40540 42849 55161 55745 57857 58219 58848 59070 59370 ,975605 47558 541676 897415 908798 921039 949341 849508 878569 318548 ,23758 40540 42849 55161 55745 57857 58219 58848 59070 59370 
892610 508034 754852 182551 389830 398059 32244 429509 104980 806065 ,49764 50359 51117 53004 55884 58440 61782 64001 64669 65032 ,892610 508034 754852 182551 389830 398059 32244 429509 104980 806065 ,49764 50359 51117 53004 55884 58440 61782 64001 64669 65032 
570841 219029 203455 702503 749694 143052 436174 968722 940085 440607 ,67076 72891 74705 74823 76113 76210 76618 76990 77330 77465 ,570841 219029 203455 702503 749694 143052 436174 968722 940085 440607 ,67076 72891 74705 74823 76113 76210 76618 76990 77330 77465 
946968 905937 544910 921210 858023 847177 768227 863258 969230 855366 ,32078 32468 37058 37432 40043 40121 41514 41890 42654 42801 ,946968 905937 544910 921210 858023 847177 768227 863258 969230 855366 ,32078 32468 37058 37432 40043 40121 41514 41890 42654 42801 
837148 591306 208739 561254 921494 285031 393427 595476 884707 194789 ,98363 98683 113953 114006 114800 116092 117237 117804 118632 119004 ,837148 591306 208739 561254 921494 285031 393427 595476 884707 194789 ,98363 98683 113953 114006 114800 116092 117237 117804 118632 119004 
778428 281015 270362 511892 164580 361228 15219 630557 754217 904553 ,60480 70085 73258 74665 74804 75172 76091 76677 76856 78411 ,778428 281015 270362 511892 164580 361228 15219 630557 754217 904553 ,60480 70085 73258 74665 74804 75172 76091 76677 76856 78411 
621724 197905 72695 928560 220160 117728 139640 838625 211868 954155 ,78689 85314 86585 91419 94733 94848 95469 95797 96456 96738 ,621724 197905 72695 928560 220160 117728 139640 838625 211868 954155 ,78689 85314 86585 91419 94733 94848 95469 95797 96456 96738 
288703 65037 117566 88963 688073 771332 916559 769275 285116 393314 ,87737 90087 93280 95438 97356 99815 102247 103583 107207 109623 ,288703 65037 117566 88963 688073 771332 916559 769275 285116 393314 ,87737 90087 93280 95438 97356 99815 102247 103583 107207 109623 
260958 982176 139075 134723 137137 758927 117511 936181 816798 816089 ,80528 83128 86367 87282 88355 89935 92239 92485 92792 95728 ,260958 982176 139075 134723 137137 758927 936181 816798 816089 976955 ,80528 83128 86367 87282 88355 89935 92485 92792 95728 95729 
895135 886717 823360 330478 33666 625919 964595 406065 141941 174563 ,93408 98092 114921 117197 118004 118400 118994 119053 119135 120479 ,895135 886717 823360 330478 33666 625919 964595 406065 141941 174563 ,93408 98092 114921 117197 118004 118400 118994 119053 119135 120479 
739155 256503 896696 407687 433509 338212 385377 803866 352358 364524 ,48265 50056 50115 50805 53643 54855 54869 55182 55371 55580 ,739155 256503 896696 407687 433509 338212 385377 803866 352358 364524 ,48265 50056 50115 50805 53643 54855 54869 55182 55371 55580 
975073 851165 801596 301824 858151 514057 591507 597401 316453 142453 ,67887 78651 83105 94327 100927 102859 103030 104758 105715 107029 ,851165 801596 301824 858151 514057 591507 597401 316453 142453 328492 ,78651 83105 94327 100927 102859 103030 104758 105715 107029 108513 
521698 882497 482500 664508 833085 908128 415712 823951 711206 568767 ,15072 17032 19221 19871 20071 20081 20449 20867 21682 22013 ,112765 827174 666926 619025 952642 906698 710836 480013 190640 190635 ,24319 27041 28928 28978 29475 30266 30501 30638 31403 32631 
987019 931117 552006 472743 130073 576550 898612 824478 125982 286149 ,63656 69054 77318 81014 81130 81560 82021 82204 84077 84240 ,987019 931117 552006 472743 130073 576550 898612 824478 125982 286149 ,63656 69054 77318 81014 81130 81560 82021 82204 84077 84240 
981977 981315 976651 977176 980861 676479 893032 792966 893257 657542 ,7245 11774 12277 12426 15075 15403 16242 16347 16691 17474 ,976651 715178 717362 676683 637167 604296 912239 41658 656332 656767 ,12277 18291 20222 20391 21338 21740 22332 22792 22922 23007 
792403 567495 971225 970620 620328 630919 675412 611346 979327 840416 ,90263 93873 94762 97646 104029 107125 109987 111353 113287 114646 ,792403 567495 971225 970620 620328 630919 675412 611346 979327 840416 ,90263 93873 94762 97646 104029 107125 109987 111353 113287 114646 
772915 395175 38923 215428 493864 240559 450159 955308 265831 933625 ,70070 72030 76923 77960 78488 78772 81488 82250 82406 82844 ,772915 395175 38923 215428 493864 240559 450159 955308 265831 933625 ,70070 72030 76923 77960 78488 78772 81488 82250 82406 82844 
83861 488583 303171 497600 528442 497135 248125 731294 747597 487962 ,64222 64552 66320 66838 67403 68105 68351 70552 70820 72454 ,83861 488583 303171 497600 528442 497135 248125 731294 747597 487962 ,64222 64552 66320 66838 67403 68105 68351 70552 70820 72454 
88995 929782 254941 317031 318005 712570 247487 715630 558247 26720 ,54808 62718 67231 73014 74195 75475 77433 79618 79848 80819 ,929782 254941 317031 318005 712570 247487 715630 558247 26720 113573 ,62718 67231 73014 74195 75475 77433 79618 79848 80819 80866 
502935 366008 2481 229113 95324 1890 663102 279261 3816 356175 ,30867 36251 36828 37210 37225 37582 38627 38790 39014 39146 ,3816 292993 123560 96404 201662 314077 505200 278752 311467 861817 ,39014 39597 42469 44036 44848 45174 45631 46790 46871 47404 
977056 976790 776975 982263 787931 422703 716682 569306 444045 30379 ,4090 14732 21983 24335 25528 26998 27011 27530 28141 28292 ,977056 976790 776975 982263 787931 422703 716682 444045 30379 785078 ,4090 14732 21983 24335 25528 26998 27011 28141 28292 28372 
855251 132331 768227 830820 960656 798232 966470 661070 60813 322966 ,84123 91366 92211 96978 97218 98278 114140 118386 118847 121644 ,855251 132331 768227 830820 960656 798232 966470 661070 60813 322966 ,84123 91366 92211 96978 97218 98278 114140 118386 118847 121644 
372828 428989 872468 520542 269314 28878 462397 210505 29717 76396 ,84496 94613 97437 100276 105312 106020 107030 109010 109665 113336 ,372828 428989 872468 520542 269314 28878 462397 210505 29717 76396 ,84496 94613 97437 100276 105312 106020 107030 109010 109665 113336 
977136 977155 826000 545900 789586 401489 995239 826283 994979 789280 ,3040 15081 25363 25538 25744 26021 26485 26755 26862 27641 ,977136 977155 826000 545900 789586 401489 995239 826283 994979 789280 ,3040 15081 25363 25538 25744 26021 26485 26755 26862 27641 
700593 78291 400212 482062 101143 603726 160828 804905 47572 441706 ,42421 44165 45610 47970 48385 51025 51188 52971 54982 55958 ,700593 78291 400212 482062 101143 603726 160828 804905 47572 441706 ,42421 44165 45610 47970 48385 51025 51188 52971 54982 55958 
98971 81399 633086 518656 30220 599218 815629 772307 16513 768753 ,26995 27520 27855 28178 28237 29046 29282 29501 29632 29889 ,98971 81399 633086 518656 30220 599218 815629 772307 16513 768753 ,26995 27520 27855 28178 28237 29046 29282 29501 29632 29889 
295271 723252 82378 799382 806078 339347 350502 108248 336937 790727 ,27173 28518 29448 29768 30755 31231 31401 31439 31847 32754 ,295271 723252 82378 799382 806078 339347 350502 108248 336937 790727 ,27173 28518 29448 29768 30755 31231 31401 31439 31847 32754 
728369 154023 526511 687462 147705 295418 634475 770157 728567 882699 ,52568 61370 63227 64280 71835 73318 73497 74529 75689 75937 ,728369 154023 526511 687462 147705 295418 634475 770157 728567 882699 ,52568 61370 63227 64280 71835 73318 73497 74529 75689 75937 
957391 898711 819384 493711 912254 219521 483843 919745 640079 910034 ,26948 35593 39141 42895 44982 45301 45781 46686 47647 48027 ,957391 898711 819384 493711 912254 219521 483843 919745 640079 910034 ,26948 35593 39141 42895 44982 45301 45781 46686 47647 48027 
855365 342881 311320 29662 50658 78477 630991 783296 912576 410248 ,43592 52831 54254 56382 56527 57667 57759 59302 59423 59449 ,855365 342881 311320 29662 50658 78477 630991 783296 912576 410248 ,43592 52831 54254 56382 56527 57667 57759 59302 59423 59449 
194566 101588 459941 32973 772294 55197 262589 805070 154113 87882 ,48989 58625 75488 76898 77963 78470 79111 81156 82501 83721 ,194566 101588 459941 32973 772294 55197 262589 805070 154113 87882 ,48989 58625 75488 76898 77963 78470 79111 81156 82501 83721 
510842 957617 987846 774927 194705 502017 869062 543693 685190 742928 ,85176 92868 94763 98064 99189 102403 103564 103713 103912 104217 ,510842 957617 987846 774927 194705 502017 869062 543693 685190 742928 ,85176 92868 94763 98064 99189 102403 103564 103713 103912 104217 
502805 958035 712104 225112 14576 998198 919272 909245 223532 865998 ,50448 51681 54899 56201 58432 58507 60601 61202 61468 62225 ,502805 958035 712104 225112 14576 998198 919272 909245 223532 865998 ,50448 51681 54899 56201 58432 58507 60601 61202 61468 62225 
9791 45976 608670 370357 576153 478628 204361 842271 288604 986900 ,129729 161529 168532 171748 214029 254806 345855 371036 373603 389237 ,9791 45976 608670 370357 576153 478628 204361 842271 288604 986900 ,129729 161529 168532 171748 214029 254806 345855 371036 373603 389237 
682006 842440 181500 946964 921792 678089 181416 565451 561204 681811 ,44422 49267 50167 50216 50572 51968 53600 53620 53870 54951 ,682006 842440 181500 946964 921792 678089 181416 565451 561204 681811 ,44422 49267 50167 50216 50572 51968 53600 53620 53870 54951 
233328 286119 233512 197129 231910 473829 661617 689252 925239 344128 ,53139 65437 67097 68569 72968 74190 78492 78762 79584 81940 ,233328 233512 197129 231910 473829 661617 689252 925239 344128 136795 ,53139 67097 68569 72968 74190 78492 78762 79584 81940 82024 
771729 353944 250517 299987 561005 363982 886364 48065 728088 177871 ,58543 60674 66197 71915 76177 79307 79826 83683 83986 84071 ,771729 817915 180148 673841 832221 309853 221505 690637 910815 894578 ,58543 86840 87511 88732 90476 91402 92378 93241 95188 95616 
724352 877893 845399 947561 943397 919745 258150 761423 646801 679398 ,60538 65796 71939 72259 73660 73784 75389 76760 77289 78456 ,724352 877893 845399 947561 943397 919745 258150 761423 646801 679398 ,60538 65796 71939 72259 73660 73784 75389 76760 77289 78456 
740203 314632 377585 576812 742214 740184 622510 382056 97420 256899 ,61912 64420 64896 65315 66291 67862 68247 68710 68737 69115 ,740203 314632 377585 576812 742214 740184 622510 382056 97420 256899 ,61912 64420 64896 65315 66291 67862 68247 68710 68737 69115 
12956 867837 554988 15038 670130 14657 12885 68959 461036 917005 ,34341 43846 44707 46481 46524 46635 46834 46912 47257 48222 ,12956 867837 554988 15038 670130 14657 12885 68959 917005 469937 ,34341 43846 44707 46481 46524 46635 46834 46912 48222 48303 
987573 90481 101215 1004 196001 511500 59135 861074 563412 881927 ,57755 59358 68642 70653 74191 74388 74732 75165 75720 75967 ,987573 90481 101215 1004 196001 511500 59135 861074 563412 881927 ,57755 59358 68642 70653 74191 74388 74732 75165 75720 75967 
827816 467190 19061 892978 285877 810122 9897 459320 952559 272198 ,63157 70922 71138 71295 71547 72367 72729 73023 73279 73541 ,827816 467190 19061 892978 285877 810122 9897 459320 952559 272198 ,63157 70922 71138 71295 71547 72367 72729 73023 73279 73541 
987573 732271 725448 100853 732286 268463 566136 540247 225731 526553 ,32791 37236 37319 38324 39506 39671 40922 42450 42797 43024 ,987573 732271 725448 100853 732286 268463 566136 540247 225731 526553 ,32791 37236 37319 38324 39506 39671 40922 42450 42797 43024 
682033 226810 155992 10501 952435 975593 595478 919005 499563 229092 ,55855 59484 63495 64446 67911 68680 68709 68893 68974 71465 ,682033 226810 155992 10501 952435 975593 595478 919005 499563 229092 ,55855 59484 63495 64446 67911 68680 68709 68893 68974 71465 
471096 68905 179496 128271 415294 83228 68527 472758 678443 979106 ,55662 56244 57126 58252 61378 61456 61717 62092 62533 63151 ,68905 179496 128271 83228 68527 472758 678443 83091 68437 472670 ,56244 57126 58252 61456 61717 62092 62533 63398 63455 63597 
461099 814584 814811 814642 828110 814670 814684 993147 616894 692916 ,41970 44429 44942 47940 49023 51875 52736 53112 53322 55840 ,814670 814684 616894 864389 998164 153011 863243 885570 616957 894740 ,51875 52736 53322 56728 58923 59409 60450 60608 62334 62550 
705240 489625 636151 527262 274019 20391 705724 142947 915664 299896 ,63986 65680 65772 66804 67908 68577 69986 70330 70999 71105 ,705240 489625 636151 527262 274019 20391 705724 142947 915664 299896 ,63986 65680 65772 66804 67908 68577 69986 70330 70999 71105 
301765 254845 427560 460879 853368 307635 763429 621499 772912 497218 ,26827 42891 44325 45551 48940 50276 52609 53532 53903 54474 ,301765 254845 427560 460879 853368 307635 763429 621499 772912 497218 ,26827 42891 44325 45551 48940 50276 52609 53532 53903 54474 
393222 432201 981693 460396 933767 693145 724352 663638 119774 393454 ,51350 54519 54882 55836 58696 59190 59831 60145 61065 61608 ,393222 432201 981693 460396 933767 693145 663638 119774 393454 298307 ,51350 54519 54882 55836 58696 59190 60145 61065 61608 61860 
987402 436330 987386 3768 441958 796391 434970 483443 748474 960951 ,31955 48769 49082 50416 51173 51621 51670 52454 52669 54390 ,3768 434970 960951 313663 344975 594795 335037 518503 287583 658153 ,50416 51670 54390 54575 54919 56533 56776 57388 57501 58425 
36786 424038 452152 536366 408247 960799 787842 448354 905012 502180 ,33784 35270 35561 36346 37854 38362 38715 38771 39046 39935 ,36786 452152 536366 960799 787842 448354 905012 502180 528724 717292 ,33784 35561 36346 38362 38715 38771 39046 39935 40343 40406 
999842 749873 493456 743617 326126 630431 565636 996095 715013 664677 ,63568 70837 73153 74627 75821 79221 79731 80456 80666 81053 ,999842 749873 493456 743617 326126 630431 565636 996095 715013 664677 ,63568 70837 73153 74627 75821 79221 79731 80456 80666 81053 
488099 889929 101293 868493 110940 21742 605359 884151 705979 748930 ,47498 50235 52670 54813 59612 59934 60226 60261 60305 60344 ,889929 101293 110940 809233 450273 271355 3939 112399 970566 597025 ,50235 52670 59612 61352 61421 62734 63151 63408 63621 63968 
979419 732169 444963 711463 186398 997550 37591 11234 941114 915526 ,30027 30872 43081 45769 46423 48377 48823 50921 51065 51348 ,732169 444963 711463 186398 997550 37591 11234 941114 915526 987662 ,30872 43081 45769 46423 48377 48823 50921 51065 51348 52249 
478377 68327 671383 680115 377167 905442 731531 11331 130156 830624 ,34513 43675 54738 56963 60638 62357 64306 64658 64733 66574 ,478377 68327 671383 680115 377167 905442 731531 11331 130156 830624 ,34513 43675 54738 56963 60638 62357 64306 64658 64733 66574 
338116 380162 565711 480917 69142 257229 914553 270525 508765 876222 ,52265 54274 58034 58449 59643 59863 60468 61207 62863 63098 ,338116 380162 565711 480917 69142 914553 270525 876222 58298 282431 ,52265 54274 58034 58449 59643 60468 61207 63098 63337 63495 
671017 171814 668842 541797 112514 667999 868933 667789 986259 830953 ,27983 28366 29801 30613 31247 31511 33299 33435 34363 34970 ,671017 171814 668842 541797 112514 667999 868933 667789 986259 830953 ,27983 28366 29801 30613 31247 31511 33299 33435 34363 34970 
539315 632992 351352 732394 8763 958884 746568 196894 630771 168040 ,102477 112176 114217 116970 118588 118838 123829 126996 127654 127810 ,539315 632992 351352 732394 8763 958884 746568 196894 630771 168040 ,102477 112176 114217 116970 118588 118838 123829 126996 127654 127810 
925334 989445 541835 639430 582686 791521 251139 755136 724188 236561 ,39907 40383 41191 43635 44287 44989 45733 46600 47563 47957 ,925334 989445 541835 639430 582686 791521 251139 755136 724188 236561 ,39907 40383 41191 43635 44287 44989 45733 46600 47563 47957 
126422 324186 987799 250441 12037 87125 95228 462464 379100 620937 ,66664 66993 67257 68685 68896 70408 70762 71738 72065 72378 ,126422 324186 987799 250441 12037 87125 95228 462464 379100 620937 ,66664 66993 67257 68685 68896 70408 70762 71738 72065 72378 
453465 269539 879734 888133 472274 931634 250522 573294 877021 858137 ,75593 79416 85926 87856 89084 90071 93489 93998 94219 99805 ,453465 269539 879734 888133 472274 931634 250522 573294 877021 858137 ,75593 79416 85926 87856 89084 90071 93489 93998 94219 99805 
500558 646642 535725 836877 404412 966233 504236 193600 905019 376537 ,82336 89469 99487 101575 107049 109493 109718 111315 113079 114961 ,500558 646642 535725 836877 404412 966233 504236 193600 905019 376537 ,82336 89469 99487 101575 107049 109493 109718 111315 113079 114961 
730607 453663 628681 391366 767810 128338 888721 629313 811283 472085 ,64342 69095 69889 70563 73877 74500 74552 75985 76322 76590 ,453663 628681 811283 472085 410713 65245 951753 703308 1463 11352 ,69095 69889 76322 76590 81492 81842 84439 85234 85727 86873 
996770 665990 210304 53813 680544 56182 46627 302805 560730 924454 ,36127 36848 39275 40337 40883 41179 45249 46066 46270 47642 ,996770 665990 210304 53813 56182 46627 302805 560730 924454 520527 ,36127 36848 39275 40337 41179 45249 46066 46270 47642 47825 
523354 257139 934423 336642 728416 337137 305537 178816 83382 244993 ,38584 42884 46921 47639 49015 49158 49621 50196 50462 51141 ,523354 257139 934423 336642 728416 337137 305537 178816 83382 244993 ,38584 42884 46921 47639 49015 49158 49621 50196 50462 51141 
528017 498636 123744 119845 221415 805762 24044 384676 452221 628385 ,53131 53623 57083 60484 60866 61334 61538 61808 62472 63246 ,528017 498636 123744 221415 805762 24044 384676 452221 628385 951146 ,53131 53623 57083 60866 61334 61538 61808 62472 63246 63881 
85744 715284 319769 122636 936308 122605 3506 706732 198092 276908 ,53285 55623 61220 62922 64923 65188 65292 66600 66785 66785 ,85744 715284 319769 122636 936308 122605 3506 706732 198092 276908 ,53285 55623 61220 62922 64923 65188 65292 66600 66785 66785 
297209 373298 458199 420947 877598 45282 700706 37579 978657 804482 ,33750 35009 35762 36676 37110 37249 37429 38081 40215 40501 ,297209 373298 458199 420947 877598 45282 700706 37579 978657 804482 ,33750 35009 35762 36676 37110 37249 37429 38081 40215 40501 
170160 497564 683616 630870 170296 459864 244007 874366 378057 966562 ,67948 68485 68526 70929 72462 72549 72959 76479 78020 78982 ,170160 497564 683616 630870 170296 459864 244007 874366 378057 10090 ,67948 68485 68526 70929 72462 72549 72959 76479 78020 79194 
703106 823693 193556 272372 273181 987479 65168 63392 258749 234624 ,32649 33305 34603 34603 37478 39201 39354 40694 41696 42068 ,703106 823693 193556 272372 273181 987479 65168 63392 234624 222004 ,32649 33305 34603 34603 37478 39201 39354 40694 42068 42130 
993046 857323 959776 759490 253906 831866 895257 224347 948856 889437 ,50302 51717 51844 51847 54861 55212 56819 56844 56896 57650 ,993046 857323 959776 759490 253906 831866 895257 224347 948856 889437 ,50302 51717 51844 51847 54861 55212 56819 56844 56896 57650 
243243 909432 893413 124896 558985 946596 550019 998224 577205 721897 ,94037 104472 105299 105470 108039 110056 110579 114406 116398 116981 ,243243 909432 893413 124896 558985 946596 550019 998224 577205 721897 ,94037 104472 105299 105470 108039 110056 110579 114406 116398 116981 
427533 427308 573185 873565 87830 84336 717821 426614 467282 634916 ,21311 21675 24511 24628 25868 27080 29671 30192 30428 31007 ,427533 427308 573185 873565 87830 84336 717821 426614 467282 634916 ,21311 21675 24511 24628 25868 27080 29671 30192 30428 31007 
457418 594248 921999 301989 373648 488968 211970 398678 681773 472205 ,30352 38667 39929 40826 41393 43045 43265 43831 43888 44248 ,457418 594248 921999 301989 373648 488968 211970 398678 472205 15615 ,30352 38667 39929 40826 41393 43045 43265 43831 44248 44920 
100053 545950 559497 744709 744389 5569 66611 310987 916485 435763 ,43845 49957 55595 60146 61571 63534 66631 67220 68459 70273 ,100053 545950 559497 744709 744389 5569 66611 310987 916485 435763 ,43845 49957 55595 60146 61571 63534 66631 67220 68459 70273 
579073 323363 324719 371412 205846 270124 284401 597841 812409 558317 ,52242 53979 57241 57579 63354 63354 63593 65061 65480 66290 ,579073 323363 324719 371412 270124 205846 284401 597841 812409 558317 ,52242 53979 57241 57579 63354 63354 63593 65061 65480 66290 
303235 263755 500863 331122 93401 342426 132983 86741 718450 979419 ,60396 78283 79846 84082 92139 92386 92517 94359 99439 99473 ,303235 263755 500863 331122 93401 342426 132983 86741 718450 979419 ,60396 78283 79846 84082 92139 92386 92517 94359 99439 99473 
722322 311853 590501 926479 681587 276729 531849 865389 854213 351931 ,72329 75665 75891 78409 79195 81490 81494 85532 86665 87579 ,722322 590501 926479 681587 276729 531849 865389 854213 351931 962380 ,72329 75891 78409 79195 81490 81494 85532 86665 87579 87693 
412643 164119 394950 169601 516070 544149 766295 320 15737 590782 ,102034 113304 114424 115690 118724 118995 121884 123451 123764 126365 ,412643 164119 394950 169601 516070 544149 766295 320 15737 590782 ,102034 113304 114424 115690 118724 118995 121884 123451 123764 126365 
965423 597775 548085 306817 30394 118865 548630 721679 801782 112144 ,57701 61616 62828 63628 66232 66252 66649 67047 67119 67323 ,965423 597775 548085 306817 30394 118865 548630 721679 801782 112144 ,57701 61616 62828 63628 66232 66252 66649 67047 67119 67323 
988750 912748 3609 569661 13205 983256 904448 73779 932082 597167 ,16464 40970 41555 44895 45491 47530 48309 49598 49712 50016 ,988750 912748 3609 569661 13205 983256 904448 73779 932082 597167 ,16464 40970 41555 44895 45491 47530 48309 49598 49712 50016 
902995 329531 794585 572787 683881 912128 11771 650310 631716 577678 ,54591 57584 69473 69660 69952 71284 71354 71478 72983 73662 ,329531 794585 572787 683881 912128 11771 650310 631716 577678 57569 ,57584 69473 69660 69952 71284 71354 71478 72983 73662 73969 
989274 911917 629304 771609 14215 798986 14029 911532 721487 894077 ,59077 60351 61535 62784 62879 63547 63575 64555 64775 66105 ,989274 911917 629304 771609 14215 798986 14029 911532 721487 894077 ,59077 60351 61535 62784 62879 63547 63575 64555 64775 66105 
469564 470492 467493 12440 493085 467240 467352 898297 470150 322130 ,48862 51080 51315 51428 51730 52787 52896 53397 53416 53457 ,469564 470492 467493 493085 467240 467352 898297 470150 322130 307549 ,48862 51080 51315 51730 52787 52896 53397 53416 53457 53574 
215675 824226 994698 912239 929250 123970 907724 971814 891485 637146 ,22162 28104 29508 30044 31172 36632 42636 43450 44262 47265 ,215675 824226 994698 912239 929250 123970 907724 971814 891485 637146 ,22162 28104 29508 30044 31172 36632 42636 43450 44262 47265 
465585 227654 551089 658642 921858 961346 228270 985037 292636 42762 ,31989 38653 39319 39469 40833 41916 43455 43496 44838 45104 ,465585 227654 551089 658642 921858 961346 228270 985037 292636 42762 ,31989 38653 39319 39469 40833 41916 43455 43496 44838 45104 
353301 521724 686723 928585 202518 427672 293517 338424 623394 893664 ,43874 49362 49601 50004 51788 51942 53595 53892 54539 54602 ,353301 686723 928585 202518 427672 293517 338424 623394 893664 908477 ,43874 49601 50004 51788 51942 53595 53892 54539 54602 54618 
808251 660138 904127 57832 259232 808444 113836 893265 521431 409581 ,33422 36082 37629 38402 38769 39468 41520 41593 42020 42514 ,808251 660138 904127 57832 259232 808444 113836 893265 521431 409581 ,33422 36082 37629 38402 38769 39468 41520 41593 42020 42514 
402303 17186 438800 36230 230907 520351 441776 875271 917958 351742 ,68391 71785 75355 79238 80533 80629 82362 83592 83925 85085 ,402303 17186 438800 36230 230907 520351 441776 875271 917958 351742 ,68391 71785 75355 79238 80533 80629 82362 83592 83925 85085 
464736 206921 195423 274239 209096 477579 781774 183369 580472 360859 ,51160 52386 59748 59748 61248 62147 62211 62778 64702 64751 ,464736 206921 195423 274239 209096 477579 781774 360859 215417 233046 ,51160 52386 59748 59748 61248 62147 62211 64751 65074 66205 
538519 538537 697968 477491 617569 301255 808327 903812 918443 55154 ,35989 41638 44744 45481 45748 48834 50380 52317 52553 53000 ,538519 538537 697968 477491 617569 301255 808327 903812 918443 55154 ,35989 41638 44744 45481 45748 48834 50380 52317 52553 53000 
656183 48798 655726 41035 655564 696286 195954 196106 274922 501684 ,29319 31284 31958 34696 35881 36167 36506 38017 38017 38102 ,656183 48798 655726 41035 655564 696286 195954 196106 274922 501684 ,29319 31284 31958 34696 35881 36167 36506 38017 38017 38102 
77069 274598 854514 413473 746848 516529 78945 71536 711013 370479 ,50514 52340 53444 53753 53771 53814 54273 54659 54811 56077 ,77069 274598 854514 413473 746848 516529 78945 71536 711013 370479 ,50514 52340 53444 53753 53771 53814 54273 54659 54811 56077 
430333 464664 143257 3428 63069 143426 225233 240597 843776 350103 ,35036 35441 35868 36905 37218 37349 38297 39734 39734 40160 ,143426 731103 732486 833756 142684 746749 5393 642585 471142 289393 ,37349 41250 47897 48342 48442 48723 49019 49262 49380 49401 
290183 582716 181381 954825 753305 172405 739185 888503 505777 834489 ,70327 72204 72318 73421 73587 80070 81301 82967 83576 84110 ,888503 433178 185108 371298 508258 129077 621051 723481 526117 339091 ,82967 84306 84354 85298 85877 85932 86627 87075 87344 87473 
98084 175136 548647 727987 682273 358217 514421 314216 525674 489564 ,64244 64607 64628 66399 66583 68580 68779 69929 71581 72124 ,98084 175136 548647 727987 682273 514421 314216 525674 489564 630018 ,64244 64607 64628 66399 66583 68779 69929 71581 72124 72998 
323149 17532 327476 289074 32349 124024 755058 264637 386939 257291 ,57775 66340 69063 70372 71097 71286 71709 72327 72588 73705 ,323149 17532 327476 289074 32349 124024 755058 264637 386939 257291 ,57775 66340 69063 70372 71097 71286 71709 72327 72588 73705 
448352 723116 480452 251458 260770 738348 250875 452369 123846 200722 ,46301 47888 48597 51685 51770 52119 52141 52887 53491 55865 ,448352 723116 480452 251458 260770 738348 250875 452369 123846 200722 ,46301 47888 48597 51685 51770 52119 52141 52887 53491 55865 
308883 670703 20080 569716 224865 174015 468747 233459 365634 435960 ,49925 50385 51285 52428 53977 55600 55763 56963 59248 59272 ,308883 670703 20080 569716 224865 174015 468747 233459 365634 435960 ,49925 50385 51285 52428 53977 55600 55763 56963 59248 59272 
887655 498789 230750 456656 457891 732431 140390 117203 435196 905572 ,92425 114467 116799 120433 121037 122787 124105 124804 124969 125743 ,887655 498789 230750 456656 457891 732431 140390 117203 435196 905572 ,92425 114467 116799 120433 121037 122787 124105 124804 124969 125743 
901894 187410 186251 572668 678918 931128 673787 674576 884734 683314 ,57696 58757 59688 60213 60640 63069 63372 63554 65197 65312 ,901894 187410 186251 572668 931128 673787 674576 884734 683314 840678 ,57696 58757 59688 60213 63069 63372 63554 65197 65312 67331 
151439 681318 198023 983076 498907 391315 267067 264321 865698 747529 ,54153 63151 63177 63931 64578 65344 65649 65677 67206 68050 ,151439 681318 198023 983076 498907 391315 267067 264321 865698 747529 ,54153 63151 63177 63931 64578 65344 65649 65677 67206 68050 
960266 678788 725081 190633 885858 535936 90986 922585 959224 569909 ,50210 51941 52870 53880 54282 54952 55408 55719 57647 59379 ,960266 678788 725081 190633 885858 535936 90986 922585 959224 569909 ,50210 51941 52870 53880 54282 54952 55408 55719 57647 59379 
892600 232837 622000 269037 14910 264467 827618 947566 452572 989680 ,82731 93843 95778 110564 112096 112412 115940 118250 119221 120046 ,892600 232837 622000 269037 14910 264467 827618 947566 452572 989680 ,82731 93843 95778 110564 112096 112412 115940 118250 119221 120046 
625257 948152 502364 356187 201900 303681 28937 496384 871707 812524 ,81973 83079 85562 85878 86947 87793 88105 88929 89080 89567 ,625257 948152 502364 356187 201900 303681 28937 496384 871707 812524 ,81973 83079 85562 85878 86947 87793 88105 88929 89080 89567 
227640 678167 107787 905968 955123 55363 600758 633718 714172 412299 ,71031 74447 75092 76840 87485 90870 91615 92013 93302 95208 ,227640 678167 107787 905968 955123 55363 600758 633718 412299 47002 ,71031 74447 75092 76840 87485 90870 91615 92013 95208 95379 
38705 773658 448347 671611 886232 37741 754361 773468 445727 996161 ,10540 10656 11238 11240 11319 12539 12641 12654 12739 13486 ,38705 773658 448347 671611 886232 37741 754361 773468 445727 996161 ,10540 10656 11238 11240 11319 12539 12641 12654 12739 13486 
272252 469190 600616 198466 698770 615244 496682 788064 292312 685398 ,56156 62615 67692 69195 70780 71653 74195 75198 75426 76286 ,272252 469190 600616 198466 698770 615244 496682 788064 292312 685398 ,56156 62615 67692 69195 70780 71653 74195 75198 75426 76286 
695619 933875 46945 826916 416513 409451 866758 934310 880725 979364 ,42588 46797 49393 49657 53382 54460 54563 55194 55569 56580 ,695619 933875 46945 826916 416513 409451 866758 934310 880725 979364 ,42588 46797 49393 49657 53382 54460 54563 55194 55569 56580 
20456 883546 425521 58174 780002 995609 157638 995377 469818 766279 ,53929 54379 58886 60879 63301 63509 63757 64757 65180 67633 ,20456 883546 425521 58174 780002 995609 157638 995377 469818 766279 ,53929 54379 58886 60879 63301 63509 63757 64757 65180 67633 
974413 830364 989882 989898 999216 973316 103872 974689 973670 404601 ,19131 28433 28986 29724 29859 30383 31484 31516 31869 32656 ,974413 830364 989882 989898 999216 973316 103872 974689 973670 404601 ,19131 28433 28986 29724 29859 30383 31484 31516 31869 32656 
566573 674109 647402 799462 905914 667343 297232 456934 612898 103739 ,31359 33660 34850 35022 35030 35911 36829 37004 38640 39048 ,566573 674109 647402 799462 905914 667343 297232 456934 612898 103739 ,31359 33660 34850 35022 35030 35911 36829 37004 38640 39048 
478107 57139 378745 718343 747943 390918 82840 684977 251854 967925 ,54165 55658 58310 61074 62731 65030 67401 67761 68181 68934 ,478107 57139 378745 718343 747943 390918 82840 684977 251854 967925 ,54165 55658 58310 61074 62731 65030 67401 67761 68181 68934 
678937 635987 636276 770088 127560 678701 634772 616818 146727 967175 ,37005 37158 39710 40148 40344 40894 42325 44148 45379 45943 ,678701 616818 967175 441766 416710 869952 478013 853815 76553 414768 ,40894 44148 45943 46215 47429 47716 50396 52654 53900 53968 
552975 83547 50343 442639 534992 783788 751392 74553 872070 804639 ,35299 42071 43425 43985 50511 51006 51134 51297 51457 51942 ,552975 83547 50343 442639 534992 783788 751392 74553 872070 804639 ,35299 42071 43425 43985 50511 51006 51134 51297 51457 51942 
715377 493763 384928 472112 35726 58474 249355 961753 199001 835458 ,84223 86032 92881 93427 105281 109180 112171 113437 116333 118601 ,715377 493763 384928 472112 35726 58474 249355 961753 199001 835458 ,84223 86032 92881 93427 105281 109180 112171 113437 116333 118601 
992870 208217 553318 980607 394692 553739 614814 980236 145905 204827 ,42945 45614 47194 47195 48734 50826 51279 52176 52311 53216 ,992870 208217 553318 394692 553739 614814 980236 145905 269105 204827 ,42945 45614 47194 48734 50826 51279 52176 52311 53216 53216 
639688 751275 842455 633499 526340 718408 638492 251248 294610 207016 ,76525 77290 78181 78231 87259 89300 90200 92489 94067 94137 ,639688 751275 842455 633499 526340 718408 638492 251248 294610 207016 ,76525 77290 78181 78231 87259 89300 90200 92489 94067 94137 
734424 17196 743871 737870 248923 371869 978898 743740 978475 886584 ,24125 26330 27815 28025 28708 28758 29147 29409 30500 31155 ,737870 978898 44270 232112 235154 516442 824530 583137 204827 231884 ,28025 29147 35022 38572 42046 44457 45913 46385 46867 46943 
484694 537119 414729 743741 59021 236510 478819 845100 537316 244135 ,35389 37824 39500 43519 44565 44896 44907 45077 46856 47047 ,75400 841584 882285 200146 537007 154281 659339 984691 896511 133166 ,49130 51851 57450 58156 59781 60472 60520 60692 60918 61103 
479499 556795 400407 754017 55766 810016 732733 810498 502614 82410 ,67391 74213 74281 80558 81111 85653 91703 93234 97779 98297 ,479499 556795 400407 754017 55766 810016 732733 810498 502614 82410 ,67391 74213 74281 80558 81111 85653 91703 93234 97779 98297 
146112 772226 762655 519559 454188 124230 788620 76011 180806 164244 ,54530 56546 56992 58132 58493 58584 59470 60033 60074 60938 ,146112 772226 762655 519559 454188 124230 788620 76011 180806 164244 ,54530 56546 56992 58132 58493 58584 59470 60033 60074 60938 
239130 282963 503721 379296 973046 566888 84678 21779 456761 322927 ,50170 54427 55060 57684 60998 63534 64819 65276 68501 68807 ,239130 282963 503721 379296 973046 566888 84678 21779 322927 594178 ,50170 54427 55060 57684 60998 63534 64819 65276 68807 69516 
772182 622530 950954 772835 673645 657293 766921 543207 777721 627953 ,41041 41242 44774 45018 49431 49777 50029 52018 52737 53320 ,772182 622530 950954 772835 673645 657293 766921 543207 777721 627953 ,41041 41242 44774 45018 49431 49777 50029 52018 52737 53320 
346533 9159 749073 121119 786716 420211 164013 33462 319365 891633 ,65017 66433 68074 72198 72577 73031 73457 74808 75782 77173 ,346533 9159 749073 121119 786716 420211 164013 33462 319365 891633 ,65017 66433 68074 72198 72577 73031 73457 74808 75782 77173 
891451 426014 554482 159725 269553 643356 190448 874686 322340 497521 ,21699 84513 89489 112544 114819 130174 130904 131657 139972 143462 ,891451 426014 554482 159725 269553 643356 190448 874686 322340 497521 ,21699 84513 89489 112544 114819 130174 130904 131657 139972 143462 
775764 963796 435476 896903 434576 206307 836481 740925 784516 93295 ,64824 64948 69627 70748 70919 72325 73751 73851 74167 74173 ,775764 963796 435476 896903 434576 206307 740925 784516 93295 432274 ,64824 64948 69627 70748 70919 72325 73851 74167 74173 74497 
662932 306524 850064 554607 419600 511140 351126 429991 940580 203919 ,38928 43854 46282 48316 52099 52690 53228 53520 53898 53985 ,662932 306524 850064 554607 511140 351126 940580 203919 365539 730140 ,38928 43854 46282 48316 52690 53228 53898 53985 54305 54487 
957684 979593 976318 883581 969824 959014 129501 996558 826192 974232 ,55540 56699 61576 64535 65389 65760 66246 68233 69464 71873 ,957684 979593 976318 883581 969824 959014 129501 996558 826192 974232 ,55540 56699 61576 64535 65389 65760 66246 68233 69464 71873 
958940 995170 615710 907334 534519 656278 768221 615599 711802 653641 ,33569 37401 39557 40444 40522 42319 43342 43716 44275 45880 ,958940 995170 615710 907334 534519 656278 768221 615599 711802 653641 ,33569 37401 39557 40444 40522 42319 43342 43716 44275 45880 
810236 378082 522704 856670 926163 727070 626380 744136 97463 810991 ,44250 45760 46492 50777 51007 51702 52019 52121 52531 53170 ,810236 378082 856670 926163 727070 626380 744136 97463 734937 293104 ,44250 45760 50777 51007 51702 52019 52121 52531 53408 53448 
791685 885774 792990 641428 641143 997491 641142 640913 640613 641567 ,35988 41815 42965 43196 44393 47257 48096 48656 49214 50336 ,791685 885774 792990 641428 641143 997491 641142 640913 640613 641567 ,35988 41815 42965 43196 44393 47257 48096 48656 49214 50336 
882176 6269 449158 651371 643706 760630 715762 261798 789776 762402 ,40478 40768 47267 51775 52118 58159 59058 64182 64540 66987 ,882176 6269 449158 651371 643706 760630 715762 261798 789776 762402 ,40478 40768 47267 51775 52118 58159 59058 64182 64540 66987 
704772 322656 30079 404727 893418 714375 608428 921103 255976 198392 ,29210 39887 45167 46984 48223 48347 48744 49697 49938 50432 ,704772 322656 30079 404727 893418 714375 608428 921103 255976 198392 ,29210 39887 45167 46984 48223 48347 48744 49697 49938 50432 
798064 375333 649806 650971 446929 673411 446869 446844 603759 447664 ,7109 7164 7714 7858 7869 8307 8520 9038 9064 9152 ,798064 375333 649806 650971 446929 673411 446869 446844 603759 447664 ,7109 7164 7714 7858 7869 8307 8520 9038 9064 9152 
850811 824714 824486 823244 601518 423637 421731 442404 442759 655232 ,21808 22296 24264 24484 25343 25725 26356 26514 27314 27427 ,850811 824714 824486 823244 601518 423637 421731 442404 442759 655232 ,21808 22296 24264 24484 25343 25725 26356 26514 27314 27427 
974481 757209 974985 404630 993558 993478 619140 190987 993555 404598 ,50599 54229 54465 56522 57057 59156 60603 61182 61392 62078 ,974481 757209 404630 993478 404598 544583 405166 980641 160880 895212 ,50599 54229 56522 59156 62078 63382 64813 65525 66710 70177 
937286 958057 26276 315308 514573 683154 754982 594354 614753 421141 ,58988 71670 73783 79207 80458 80707 80953 81015 81237 82289 ,937286 958057 26276 315308 514573 683154 754982 594354 614753 421141 ,58988 71670 73783 79207 80458 80707 80953 81015 81237 82289 
352514 352557 298125 616076 246681 431877 462241 570325 80176 537948 ,37085 38422 40257 46779 49245 49851 49873 50029 50062 52521 ,352514 352557 298125 616076 246681 431877 462241 570325 80176 537948 ,37085 38422 40257 46779 49245 49851 49873 50029 50062 52521 
827442 770309 882594 559169 760868 55971 980609 994333 885434 546895 ,57491 60017 63509 65555 67874 69138 73244 75815 76012 76351 ,770309 377876 310552 697972 681323 52484 506366 921424 858501 810285 ,60017 80788 89275 96362 97597 99627 104139 105548 108908 109950 
684068 753652 685316 939358 403356 139385 981267 143181 753708 611682 ,51309 57777 59330 61965 63065 64126 64126 64559 65554 65663 ,684068 753652 685316 403356 981267 139385 143181 753708 611682 270759 ,51309 57777 59330 63065 64126 64126 64559 65554 65663 66728 
823568 916139 195724 57527 299979 702273 700191 156827 250350 521789 ,26090 28373 28737 29603 30049 30216 30690 30735 31301 31676 ,823568 916139 195724 57527 299979 702273 700191 156827 250350 521789 ,26090 28373 28737 29603 30049 30216 30690 30735 31301 31676 
429615 838361 899946 910023 667171 892167 651671 814372 765210 190841 ,14439 15682 16765 17212 17351 17547 17881 18059 18161 18735 ,429615 838361 899946 910023 667171 892167 651671 814372 765210 190841 ,14439 15682 16765 17212 17351 17547 17881 18059 18161 18735 
717921 715356 657025 994083 429143 449616 657355 539635 100215 820628 ,17728 18329 19337 19824 19917 20042 20633 22389 22465 22545 ,715356 47203 657541 657795 736499 817107 6910 742690 539564 995416 ,18329 24572 24811 24957 25544 26706 26797 27312 27966 28759 
715894 909621 644568 908624 644908 644312 848890 214116 644414 56629 ,46058 56957 57980 59930 65528 66112 66698 67030 67060 67144 ,715894 909621 644568 908624 644908 644312 848890 214116 644414 56629 ,46058 56957 57980 59930 65528 66112 66698 67030 67060 67144 
132104 883820 337797 743001 757942 812070 759135 861481 292367 631246 ,56663 63221 66439 77453 80147 81647 81829 82038 82784 83740 ,132104 883820 337797 743001 757942 812070 759135 861481 292367 631246 ,56663 63221 66439 77453 80147 81647 81829 82038 82784 83740 
456827 515849 626797 196545 577304 296345 665218 244366 571633 257940 ,63782 70480 72204 72383 75257 75373 75775 76315 77106 77773 ,456827 515849 626797 196545 296345 665218 244366 576468 417268 932819 ,63782 70480 72204 72383 75373 75775 76315 78786 78974 78993 
999517 830614 43504 999776 570119 570211 908614 761875 41731 407336 ,37567 44250 44301 46077 51629 55171 55574 56170 56232 56822 ,999517 830614 999776 570119 570211 908614 761875 41731 407336 646585 ,37567 44250 46077 51629 55171 55574 56170 56232 56822 58439 
257680 859408 58824 919382 194859 273675 920200 584854 958340 847222 ,30492 31129 34116 35062 36007 36007 36102 37306 37717 38752 ,859408 920200 584854 425643 58956 824710 798232 191390 257734 610221 ,31129 36102 37306 38882 39779 40297 41865 42283 42289 42531 
757796 771491 906881 421614 711001 825313 423637 429614 822710 46236 ,27427 43121 48790 52084 56196 62475 64011 64700 67989 69729 ,757796 771491 906881 421614 711001 825313 423637 429614 822710 46236 ,27427 43121 48790 52084 56196 62475 64011 64700 67989 69729 
911495 833046 654745 481138 922118 845732 397546 616333 628622 197177 ,41190 43966 44047 44788 45197 46654 48288 50460 51668 54281 ,911495 833046 654745 481138 922118 845732 397546 616333 628622 197177 ,41190 43966 44047 44788 45197 46654 48288 50460 51668 54281 
443274 655596 655800 46795 654916 654792 657766 421417 446550 602402 ,9953 12287 13387 13869 13936 13966 14186 14625 14863 15101 ,443274 655596 655800 46795 654916 654792 657766 421417 446550 602402 ,9953 12287 13387 13869 13936 13966 14186 14625 14863 15101 
81333 656436 595288 595209 831597 773987 609951 115611 979107 905318 ,47156 51794 55116 55282 55461 55662 56881 58676 59512 60484 ,81333 656436 595288 595209 831597 773987 609951 115611 979107 905318 ,47156 51794 55116 55282 55461 55662 56881 58676 59512 60484 
419218 850977 217248 411401 326397 864384 768580 675092 830484 863315 ,23800 27272 30282 30529 30747 31075 31456 32369 33024 34163 ,423381 849395 657391 674839 604960 757820 846518 675864 299634 905612 ,39438 42437 49144 49858 49936 51805 52170 52251 52433 53063 
906810 448163 735022 187727 753865 773467 837842 996453 39515 835226 ,9370 10623 14192 14477 14890 15220 17470 17874 17898 18045 ,906810 448163 735022 187727 753865 773467 837842 996453 39515 835226 ,9370 10623 14192 14477 14890 15220 17470 17874 17898 18045 
289915 998166 243999 623028 938079 111590 594171 860590 246336 625765 ,45404 49024 53919 55341 56578 57413 59526 59996 60033 60974 ,289915 998166 243999 623028 938079 111590 594171 860590 246336 625765 ,45404 49024 53919 55341 56578 57413 59526 59996 60033 60974 
12583 795317 951071 725430 416670 94035 984803 249058 564570 713049 ,108828 110610 113183 118529 121993 124126 126679 128340 128887 130358 ,12583 795317 951071 725430 416670 94035 984803 249058 564570 713049 ,108828 110610 113183 118529 121993 124126 126679 128340 128887 130358 
447299 824480 447431 445924 885911 446050 891538 446126 446398 445740 ,16893 17111 17418 20634 20654 20682 20849 21130 21481 21554 ,447299 824480 447431 445924 885911 446050 891538 446126 446398 445740 ,16893 17111 17418 20634 20654 20682 20849 21130 21481 21554 
605156 757024 794409 638520 405823 121476 207381 789645 222985 908333 ,48161 58783 59246 65499 65798 66030 67185 67732 68037 68698 ,605156 757024 794409 405823 121476 207381 789645 222985 908333 638663 ,48161 58783 59246 65798 66030 67185 67732 68037 68698 71380 
592736 497260 59299 488007 702733 992992 591243 341535 630347 482684 ,48769 50059 50340 52663 53536 53732 55090 56935 60150 60362 ,592736 497260 59299 488007 702733 992992 591243 341535 630347 482684 ,48769 50059 50340 52663 53536 53732 55090 56935 60150 60362 
535873 574920 103326 596322 287115 910127 655912 676130 765109 174737 ,71094 80437 81670 83540 84399 84499 84941 85103 85846 86631 ,535873 574920 103326 596322 287115 655912 676130 765109 174737 637091 ,71094 80437 81670 83540 84399 84941 85103 85846 86631 88320 
789708 45582 164337 676747 985473 646820 896792 974181 382496 789449 ,79810 88777 89602 93450 93554 102412 106646 107329 108875 109711 ,789708 45582 164337 676747 646820 896792 382496 789449 638302 575163 ,79810 88777 89602 93450 102412 106646 108875 109711 111322 111368 
325386 81630 288261 130052 184032 239921 178961 795905 714588 634120 ,60901 66520 71212 71752 72533 72618 73449 73498 74889 75012 ,325386 288261 130052 184032 239921 178961 795905 714588 634120 485528 ,60901 71212 71752 72533 72618 73449 73498 74889 75012 76238 
990596 255247 579783 873292 990304 695247 241391 265434 150666 648683 ,59667 65551 66006 67872 67959 68429 70348 71676 72222 72920 ,990596 255247 579783 873292 990304 695247 241391 265434 150666 648683 ,59667 65551 66006 67872 67959 68429 70348 71676 72222 72920 
855394 45563 912491 790196 936033 216896 45135 65562 129983 116119 ,27952 28299 28497 28957 29002 29211 29460 32262 33131 33135 ,855394 45563 912491 790196 936033 216896 45135 65562 129983 116119 ,27952 28299 28497 28957 29002 29211 29460 32262 33131 33135 
448336 44990 774848 895408 906811 753864 994107 58259 881188 38478 ,11173 12010 16745 17721 19326 19725 19952 20219 20829 21829 ,448336 44990 774848 895408 906811 753864 994107 58259 881188 38478 ,11173 12010 16745 17721 19326 19725 19952 20219 20829 21829 
770894 534629 831118 608278 422733 838551 831215 780480 132083 424051 ,39303 45269 49837 49943 50334 50387 50854 51292 52205 52238 ,770894 534629 831118 608278 422733 838551 831215 780480 132083 673515 ,39303 45269 49837 49943 50334 50387 50854 51292 52205 52271 
570632 479623 391996 694034 839024 547144 388469 914250 215551 115018 ,21598 22507 28102 31853 31933 32266 32399 32518 34469 34833 ,570632 479623 391996 694034 839024 547144 388469 914250 215551 115018 ,21598 22507 28102 31853 31933 32266 32399 32518 34469 34833 
814483 281508 832377 814537 937700 759327 159370 983308 684090 99964 ,48169 50765 54621 54648 54714 54732 60190 60574 61252 61445 ,814483 281508 832377 814537 937700 759327 159370 684090 99964 358443 ,48169 50765 54621 54648 54714 54732 60190 61252 61445 61987 
460279 601682 257689 817685 389225 778473 421259 882056 380486 629494 ,41057 43618 51899 53976 56302 56714 56792 57667 59276 60662 ,460279 601682 257689 817685 389225 778473 421259 882056 380486 629494 ,41057 43618 51899 53976 56302 56714 56792 57667 59276 60662 
566252 713933 826998 604296 641260 889581 102523 445276 130909 899410 ,15231 17157 18775 18781 18784 19250 19805 20582 20661 20735 ,566252 713933 826998 604296 641260 889581 102523 445276 130909 899410 ,15231 17157 18775 18781 18784 19250 19805 20582 20661 20735 
693214 497019 837262 655278 42199 428756 655575 768297 907439 908127 ,8804 9153 10079 10359 11396 11491 13311 14329 14669 15165 ,693214 497019 837262 655278 42199 428756 655575 768297 907439 908127 ,8804 9153 10079 10359 11396 11491 13311 14329 14669 15165 
427567 567267 444074 444480 444554 518866 567188 422944 536016 422879 ,17920 19647 22092 22691 22909 22920 23716 23972 24077 24137 ,427567 567267 444074 444480 444554 518866 567188 422944 536016 422879 ,17920 19647 22092 22691 22909 22920 23716 23972 24077 24137 
101240 857271 237683 368538 32199 609832 102836 292210 648448 742238 ,33009 34930 35540 39517 40328 41407 42089 43132 43619 43821 ,101240 857271 237683 368538 32199 609832 102836 292210 648448 742238 ,33009 34930 35540 39517 40328 41407 42089 43132 43619 43821 
730933 928577 274816 975288 720639 823260 198229 277045 700024 471953 ,57503 59523 61187 63155 65601 66599 67180 67180 68695 71336 ,730933 928577 274816 975288 720639 823260 277045 198229 700024 471953 ,57503 59523 61187 63155 65601 66599 67180 67180 68695 71336 
664408 455810 43981 664677 509548 146717 713492 454653 166960 333354 ,48765 55155 65033 69845 70521 70951 71040 73635 74064 75017 ,664408 43981 664677 509548 146717 713492 454653 166960 333354 186763 ,48765 65033 69845 70521 70951 71040 73635 74064 75017 75191 
795507 730190 478113 935607 808031 557454 788768 420175 46880 817717 ,71705 75813 76855 78710 79452 81905 82263 82678 82752 84622 ,730190 935607 808031 557454 420175 46880 32826 936346 892080 449615 ,75813 78710 79452 81905 82678 82752 86457 88660 91705 96541 
733461 905522 767317 912813 560466 839432 657926 804530 421083 824846 ,12216 13863 13928 14107 14585 14796 14839 15243 15546 15626 ,733461 905522 767317 912813 560466 839432 657926 804530 421083 824846 ,12216 13863 13928 14107 14585 14796 14839 15243 15546 15626 
814875 993375 421853 864585 927027 766093 735706 749824 794792 108748 ,54778 71224 74001 76373 81279 81784 82390 85471 86064 88193 ,814875 993375 421853 864585 927027 766093 735706 749824 794792 108748 ,54778 71224 74001 76373 81279 81784 82390 85471 86064 88193 
943206 407665 427265 571287 315113 696986 407095 521505 460236 268839 ,37598 48223 48596 49251 50116 50757 51207 53174 54995 55033 ,943206 407665 427265 571287 315113 696986 407095 521505 460236 268839 ,37598 48223 48596 49251 50116 50757 51207 53174 54995 55033 
762212 546978 102620 536382 599245 42025 994220 429003 791406 577494 ,11444 14850 16298 17013 17066 17142 18229 18630 18798 18810 ,546978 42025 994220 429003 577494 38748 518515 904215 855728 381958 ,14850 17142 18229 18630 18810 19527 19686 20269 20429 20867 
614131 301162 400210 990238 48932 651357 405270 839743 734565 580742 ,96614 99782 104667 105116 106330 106708 106829 106981 109029 109785 ,301162 400210 48932 557099 9289 883653 918087 143131 975058 763763 ,99782 104667 106330 112251 115206 117335 117688 119364 120417 121438 
815332 815385 443490 815322 995499 815317 815340 99519 815285 815553 ,10424 11119 11937 15112 15647 15885 15926 16464 16633 17286 ,815332 815385 443490 815322 995499 815317 815340 99519 815285 815553 ,10424 11119 11937 15112 15647 15885 15926 16464 16633 17286 
98140 307195 435270 75783 154713 857472 520342 262230 218962 533882 ,47448 57328 60673 60682 63638 63662 64889 64974 66304 66792 ,98140 307195 435270 75783 857472 520342 262230 218962 533882 223585 ,47448 57328 60673 60682 63662 64889 64974 66304 66792 66979 
939377 886541 405090 732288 223491 732270 842705 911072 832415 931086 ,58577 59351 61356 62655 62659 63606 63760 65148 65308 65379 ,939377 886541 405090 732288 732270 842705 911072 832415 931086 905653 ,58577 59351 61356 62655 63606 63760 65148 65308 65379 65641 
953090 476600 215774 477291 657187 216352 446307 657201 211828 912813 ,6442 7388 7602 9614 10785 11345 12679 13350 14116 16503 ,953090 476600 215774 477291 657187 216352 446307 657201 211828 912813 ,6442 7388 7602 9614 10785 11345 12679 13350 14116 16503 
394920 380696 796891 866591 711105 680799 679454 60325 410382 538200 ,40423 60975 68429 72567 74371 75017 75680 76426 77095 78039 ,394920 380696 796891 866591 711105 680799 679454 60325 410382 538200 ,40423 60975 68429 72567 74371 75017 75680 76426 77095 78039 
991228 924546 332753 776287 678707 604708 566147 625818 892292 774210 ,33005 37414 38223 40831 42646 42926 43745 45097 45234 45814 ,991228 924546 332753 776287 678707 604708 625818 892292 774210 925107 ,33005 37414 38223 40831 42646 42926 45097 45234 45814 45907 
663973 46545 857601 633005 352601 564190 700524 694845 622281 115930 ,37918 40581 46972 47057 47992 48382 48386 48421 51337 51481 ,663973 46545 857601 633005 352601 564190 700524 694845 622281 115930 ,37918 40581 46972 47057 47992 48382 48386 48421 51337 51481 
373771 447452 672843 835171 446928 447828 416826 447656 446848 444884 ,5831 6287 7312 7664 7679 8316 8355 8385 8555 8613 ,373771 447452 672843 835171 446928 447828 416826 447656 446848 444884 ,5831 6287 7312 7664 7679 8316 8355 8385 8555 8613 
934585 380180 338104 861373 869338 658933 536690 609724 785337 160931 ,30588 31459 32012 32988 33081 33673 33846 34621 34862 35087 ,934585 380180 338104 861373 869338 658933 536690 609724 785337 160931 ,30588 31459 32012 32988 33081 33673 33846 34621 34862 35087 
654105 334254 818550 28094 335525 133018 953466 27914 328262 676628 ,56164 70553 74797 79878 81167 84838 85648 90368 91610 91780 ,654105 334254 818550 28094 335525 133018 953466 27914 328262 676628 ,56164 70553 74797 79878 81167 84838 85648 90368 91610 91780 
815104 789104 814772 814727 559025 812768 560449 801611 537219 644722 ,18649 22920 24770 25057 28959 35941 38949 43839 45437 46173 ,815104 789104 814772 814727 559025 812768 560449 537219 644722 769181 ,18649 22920 24770 25057 28959 35941 38949 45437 46173 49336 
157154 55533 863736 49991 52496 959210 537216 887022 44049 808967 ,19816 20861 21629 21721 25151 25392 26808 27086 27623 28249 ,157154 55533 863736 49991 52496 959210 537216 887022 44049 808967 ,19816 20861 21629 21721 25151 25392 26808 27086 27623 28249 
546768 960710 960647 191116 969197 889040 443391 833105 919490 546484 ,11471 13772 13781 14357 14527 14559 15822 15829 15850 16819 ,546768 960710 191116 969197 889040 833105 919490 546484 960653 546498 ,11471 13772 14357 14527 14559 15829 15850 16819 18108 20313 
854855 867730 857277 996900 190642 997058 849194 607924 846138 938422 ,11701 12308 13804 14249 14544 15475 17200 17441 17655 17752 ,854855 867730 857277 996900 190642 997058 849194 607924 846138 938422 ,11701 12308 13804 14249 14544 15475 17200 17441 17655 17752 
996977 728322 16329 318548 62030 712609 565470 471607 65702 564770 ,26643 51947 57835 58445 59461 60089 62930 63897 63902 64249 ,996977 728322 16329 318548 62030 712609 565470 471607 564770 926464 ,26643 51947 57835 58445 59461 60089 62930 63897 64249 64360 
494252 534841 246614 353620 473011 94452 769355 152343 300309 416571 ,47041 53395 53985 54850 55672 58393 60046 61307 61911 62092 ,494252 534841 246614 353620 473011 94452 769355 152343 300309 416571 ,47041 53395 53985 54850 55672 58393 60046 61307 61911 62092 
997991 493922 631204 48270 295164 684499 464849 123210 362233 508982 ,55758 57919 60083 62903 64624 65748 67137 67954 68538 68545 ,997991 493922 631204 48270 295164 684499 464849 123210 362233 508982 ,55758 57919 60083 62903 64624 65748 67137 67954 68538 68545 
997024 431325 997067 814966 193721 272537 752385 449545 786824 210660 ,58376 62310 64331 64519 65323 65323 67533 68160 69519 69791 ,997024 431325 814966 272537 193721 449545 786824 210660 842300 850389 ,58376 62310 64519 65323 65323 68160 69519 69791 71496 71709 
960656 546500 443324 443512 956896 946969 757584 224593 253312 905416 ,19920 20492 25617 26387 26489 28880 29613 30582 31136 31677 ,546500 443324 443512 956896 946969 757584 224593 253312 905416 207226 ,20492 25617 26387 26489 28880 29613 30582 31136 31677 31856 
765717 830303 830321 991450 921820 991267 992664 991659 934580 991418 ,39474 40512 41261 46075 47862 51776 52493 52889 52996 53411 ,765717 830303 830321 991450 921820 992664 991659 934580 991418 533997 ,39474 40512 41261 46075 47862 52493 52889 52996 53411 53754 
48041 879999 919952 540578 618635 919550 223984 922942 472272 955283 ,21192 28597 29859 31384 31409 33488 33605 34361 35070 35268 ,48041 879999 919952 540578 618635 919550 223984 922942 472272 955283 ,21192 28597 29859 31384 31409 33488 33605 34361 35070 35268 
598413 236250 482403 270391 591738 986888 521918 481267 507853 948521 ,38865 43590 44788 45012 49537 49919 50248 50407 51778 52158 ,236250 482403 270391 591738 986888 521918 507853 889213 876249 372397 ,43590 44788 45012 49537 49919 50248 51778 52240 52646 52938 
352225 702239 148941 827948 876201 224749 888599 393685 730138 399034 ,102435 104428 104469 111091 114613 115478 117800 119130 119545 119768 ,352225 702239 148941 827948 876201 224749 888599 393685 730138 399034 ,102435 104428 104469 111091 114613 115478 117800 119130 119545 119768 
373752 544676 835594 853438 672445 756608 404717 134437 992824 468906 ,24881 25242 27318 31270 31695 31820 32320 33868 34000 35812 ,373752 544676 835594 853438 672445 756608 404717 134437 992824 468906 ,24881 25242 27318 31270 31695 31820 32320 33868 34000 35812 
627800 331897 356068 343799 614165 444236 66177 444920 816104 626703 ,31908 33202 35114 38151 39611 39624 39823 40197 40748 41065 ,356068 444236 66177 444920 816104 626703 811947 733162 953110 516734 ,35114 39624 39823 40197 40748 41065 41435 41449 42736 42958 
723928 541716 804087 698879 152808 451039 776752 79556 353467 996616 ,42118 51638 53145 53968 58154 59247 59871 60241 60250 60352 ,541716 804087 698879 152808 451039 776752 79556 353467 996616 331836 ,51638 53145 53968 58154 59247 59871 60241 60250 60352 60850 
43968 787715 58087 570816 103600 658090 43913 981872 103422 103348 ,28495 28652 34364 35118 36179 36389 37622 37948 38139 38206 ,43968 58087 570816 658090 43913 981872 103422 103348 812706 211515 ,28495 34364 35118 36389 37622 37948 38139 38206 38403 38757 
714068 184248 238568 114050 272995 195872 274688 661662 318878 478872 ,32065 35935 37137 37194 38070 38390 38390 38501 41302 41774 ,714068 184248 238568 114050 272995 195872 661662 318878 478872 541217 ,32065 35935 37137 37194 38070 38390 38501 41302 41774 41946 
247464 200117 855562 546649 839414 846289 227421 492631 970367 563104 ,46904 49383 52083 53176 53542 53676 57739 58010 58313 58646 ,247464 200117 855562 546649 839414 846289 227421 970367 563104 190894 ,46904 49383 52083 53176 53542 53676 57739 58313 58646 60382 
30245 30466 662984 267829 295050 411739 3748 560736 268072 504946 ,76534 91012 106823 114521 146521 149759 164284 168993 190059 190615 ,30245 30466 662984 267829 295050 411739 3748 560736 268072 504946 ,76534 91012 106823 114521 146521 149759 164284 168993 190059 190615 
756030 409864 646730 22145 227156 601111 903196 415463 821101 175305 ,28159 30871 31097 32547 34368 34547 34702 35521 36833 36918 ,756030 409864 646730 22145 227156 601111 903196 415463 821101 175305 ,28159 30871 31097 32547 34368 34547 34702 35521 36833 36918 
863745 3055 118113 228999 932755 245831 825612 655889 298251 245167 ,57227 79009 96272 104482 104846 116076 117316 119648 120435 122222 ,863745 3055 118113 228999 932755 245831 825612 655889 298251 245167 ,57227 79009 96272 104482 104846 116076 117316 119648 120435 122222 
983996 406019 904811 760170 912180 983488 563985 130837 810861 274019 ,40196 42681 43136 44885 45158 46882 47121 47512 47676 47982 ,983996 406019 904811 563985 130837 810861 274019 390089 878134 960692 ,40196 42681 43136 47121 47512 47676 47982 48108 50119 50428 
99900 285866 492831 59479 684072 629077 722378 607978 803309 840742 ,63946 73899 75545 79474 80034 80190 80193 80515 82654 83768 ,99900 285866 492831 59479 684072 629077 722378 840742 816516 843148 ,63946 73899 75545 79474 80034 80190 80193 83768 84311 85073 
767488 971223 280062 828136 581262 990052 255215 823543 972531 58222 ,18885 21216 21237 21879 22783 23226 23439 24155 24339 24513 ,767488 971223 280062 828136 581262 990052 823543 972531 58222 756916 ,18885 21216 21237 21879 22783 23226 24155 24339 24513 25012 
18473 904751 37092 708597 114774 697002 784649 156409 86718 32221 ,70377 74305 75812 86098 88659 91926 92892 93201 93561 94629 ,18473 904751 37092 708597 114774 697002 784649 156409 86718 90891 ,70377 74305 75812 86098 88659 91926 92892 93201 93561 95255 
803585 405884 101215 14089 720427 435638 842713 587547 219494 208251 ,40199 40509 41087 41821 43169 44816 44892 45185 45288 47028 ,803585 405884 101215 14089 720427 435638 842713 587547 219494 208251 ,40199 40509 41087 41821 43169 44816 44892 45185 45288 47028 
883154 292025 673532 672387 673357 686098 292422 672164 600869 748373 ,33474 33778 34016 35756 35933 36495 37717 37976 38207 38581 ,883154 292025 673532 672387 686098 292422 672164 600869 748373 469121 ,33474 33778 34016 35756 36495 37717 37976 38207 38581 38667 
815929 255525 489116 937855 179085 150109 815777 835764 448762 592965 ,57631 59068 62064 62403 63182 67824 73927 74219 75933 77738 ,815929 255525 489116 937855 179085 150109 815777 835764 448762 592965 ,57631 59068 62064 62403 63182 67824 73927 74219 75933 77738 
950020 548818 85429 808264 92448 175296 611261 167236 48076 598567 ,49738 50957 51580 52888 58947 59227 59605 60635 61175 61288 ,950020 548818 85429 808264 92448 175296 611261 167236 48076 598567 ,49738 50957 51580 52888 58947 59227 59605 60635 61175 61288 
871978 216193 922170 974007 976617 848364 842165 130837 682818 196124 ,65646 66851 69678 70819 71058 71154 72788 73092 73730 75300 ,216193 922170 976617 848364 842165 130837 196124 14953 889897 840538 ,66851 69678 71058 71154 72788 73092 75300 75431 76171 76544 
999553 849558 848205 999383 809552 859027 871619 996618 584852 873058 ,42328 49233 52472 60722 62807 63093 65976 68272 68286 68501 ,999553 848205 999383 809552 859027 996618 584852 873058 975632 951293 ,42328 52472 60722 62807 63093 68272 68286 68501 71637 71830 
846256 271894 294457 272817 725592 42957 522388 15431 839542 895565 ,38056 41247 42840 47855 49434 49935 51396 53112 53923 54224 ,846256 271894 294457 272817 725592 42957 522388 15431 839542 895565 ,38056 41247 42840 47855 49434 49935 51396 53112 53923 54224 
768374 855029 850692 858718 947601 768227 190644 991935 807609 856219 ,21287 27313 27361 28259 29336 30341 30822 31909 33142 33283 ,768374 855029 850692 858718 947601 768227 190644 991935 807609 856219 ,21287 27313 27361 28259 29336 30341 30822 31909 33142 33283 
446707 445727 606422 671611 375643 769891 448210 667599 877348 224806 ,22394 25394 25478 25511 25576 25678 25899 26148 26342 26542 ,446707 445727 606422 671611 375643 769891 448210 667599 877348 224806 ,22394 25394 25478 25511 25576 25678 25899 26148 26342 26542 
911407 788822 615916 913303 854928 814732 649443 674220 627800 653094 ,21883 52486 52629 52726 52952 53863 57023 57539 58041 59153 ,911407 788822 615916 913303 854928 814732 649443 674220 627800 653094 ,21883 52486 52629 52726 52952 53863 57023 57539 58041 59153 
999393 41400 799739 754147 187979 112329 57208 997875 508860 870867 ,5190 22317 24244 25307 25357 25430 26322 27006 27545 28509 ,999393 41400 799739 754147 187979 112329 57208 997875 508860 870867 ,5190 22317 24244 25307 25357 25430 26322 27006 27545 28509 
810013 974406 16593 395983 412733 460798 920577 738601 510447 462507 ,68311 68660 73412 74344 75490 76583 77391 78410 78661 79025 ,810013 16593 395983 412733 920577 738601 510447 462507 977598 513024 ,68311 73412 74344 75490 77391 78410 78661 79025 80495 81936 
418714 811342 45864 801936 78644 343601 578376 613695 479583 918046 ,100257 100442 105102 106307 107493 108879 111415 112436 113054 113603 ,418714 811342 45864 801936 343601 578376 613695 479583 918046 130287 ,100257 100442 105102 106307 108879 111415 112436 113054 113603 114782 
999570 241514 93987 584786 529609 734508 174159 10448 385042 998842 ,10157 57651 60252 60518 61944 62772 62818 64239 66998 67625 ,999570 241514 93987 584786 529609 734508 174159 10448 385042 998842 ,10157 57651 60252 60518 61944 62772 62818 64239 66998 67625 
634235 250703 12549 688114 403552 229136 150139 520044 812679 290357 ,98857 100579 103703 108045 109946 111934 113032 115594 116990 119885 ,634235 250703 12549 688114 403552 229136 150139 520044 812679 290357 ,98857 100579 103703 108045 109946 111934 113032 115594 116990 119885 
965326 997634 472085 810686 810460 839396 577262 726348 963386 997521 ,31530 32178 33987 34732 35647 36980 37939 38474 38826 38956 ,965326 997634 472085 810686 810460 577262 726348 997521 543192 965484 ,31530 32178 33987 34732 35647 37939 38474 38956 39403 39847 
394160 965175 879393 19769 16280 283276 138333 488143 740520 518414 ,98573 101850 111131 116096 116450 116684 119668 120006 120493 124563 ,394160 965175 879393 19769 16280 283276 138333 488143 740520 518414 ,98573 101850 111131 116096 116450 116684 119668 120006 120493 124563 
35060 326469 686206 13610 598754 203241 986249 353766 967372 155187 ,59247 62829 63574 67552 67646 68287 69303 70440 71175 71445 ,35060 326469 686206 13610 598754 986249 353766 155187 948957 746368 ,59247 62829 63574 67552 67646 69303 70440 71445 71828 73427 
559782 214332 381869 839516 883179 897497 384026 771989 214648 993341 ,47975 50321 52305 52618 53346 53539 53690 54625 55041 55305 ,993341 66641 933780 883183 770733 562378 839518 195156 273972 10349 ,55305 55699 55703 56805 57500 59161 59844 60836 60836 61057 
734936 910711 156743 476177 980434 372617 831513 927850 120026 542953 ,52322 58049 59281 70408 71018 75775 76403 80468 80702 81240 ,734936 910711 156743 476177 980434 372617 831513 120026 542953 650193 ,52322 58049 59281 70408 71018 75775 76403 80702 81240 81914 
874421 47328 691123 571142 43754 723994 852706 110580 74208 640273 ,48064 51022 57541 63334 64559 66724 67082 67333 67382 67521 ,874421 47328 691123 571142 43754 723994 852706 110580 74208 640273 ,48064 51022 57541 63334 64559 66724 67082 67333 67382 67521 
816194 588546 586061 816349 822799 761344 708937 863365 822922 823265 ,47516 51765 54874 55041 55467 58643 62222 62273 62575 62852 ,816194 588546 586061 816349 822799 761344 708937 863365 823265 211579 ,47516 51765 54874 55041 55467 58643 62222 62273 62852 64413 
262022 437013 221644 517446 806176 563592 368215 645426 926994 806166 ,64921 72196 77447 78014 78709 79564 80492 80656 81227 81247 ,262022 437013 221644 563592 368215 645426 926994 806166 462321 749896 ,64921 72196 77447 79564 80492 80656 81227 81247 81325 81487 
676309 946735 657358 675860 629187 470846 805990 521620 167551 545504 ,48198 49880 50014 55464 55534 56201 56487 57201 57585 58589 ,676309 946735 657358 675860 629187 470846 805990 521620 167551 545504 ,48198 49880 50014 55464 55534 56201 56487 57201 57585 58589 
855161 443587 842195 642787 895394 756242 830551 862338 443852 856411 ,29957 39689 43441 45506 48283 54041 54911 55618 56105 58068 ,855161 443587 842195 642787 895394 756242 862338 443852 856411 846322 ,29957 39689 43441 45506 48283 54041 55618 56105 58068 58198 
929531 630216 189732 51020 845394 797433 414900 631677 976173 924205 ,51789 57516 62992 64009 65896 66896 66942 67128 67248 68290 ,929531 630216 189732 51020 797433 414900 631677 976173 924205 769058 ,51789 57516 62992 64009 66896 66942 67128 67248 68290 68472 
999998 957631 203395 4686 369759 832455 288495 668237 883387 213800 ,22600 69634 71748 78377 80597 81022 81661 82577 83068 83095 ,999998 957631 203395 832455 288495 883387 894203 282174 344192 320060 ,22600 69634 71748 81022 81661 83068 83565 83860 84607 85121 
992947 996521 756242 858133 993151 997481 853203 986912 970445 573827 ,30449 32828 33322 33896 37132 43066 45280 46078 46623 52972 ,756242 858133 993151 997481 853203 986912 970445 573827 843349 769091 ,33322 33896 37132 43066 45280 46078 46623 52972 54291 54754 
613655 159037 153886 756258 609472 868841 885984 193025 370538 771005 ,104547 128964 135478 138531 144200 150636 158518 159858 164783 166026 ,613655 159037 153886 756258 609472 868841 885984 193025 370538 771005 ,104547 128964 135478 138531 144200 150636 158518 159858 164783 166026 
931142 304377 224392 36907 731338 537889 189394 77199 401224 632745 ,65986 66406 66756 68175 72199 73273 73881 75123 75262 75831 ,931142 304377 224392 36907 731338 537889 189394 77199 401224 632745 ,65986 66406 66756 68175 72199 73273 73881 75123 75262 75831 
962014 521126 542433 874415 666939 120835 447459 847048 413067 295852 ,22844 45046 45875 48124 56996 57168 58097 58503 58739 58814 ,962014 521126 542433 874415 666939 120835 447459 847048 413067 295852 ,22844 45046 45875 48124 56996 57168 58097 58503 58739 58814 
497180 821968 511684 490590 228115 106069 509397 11501 487556 158080 ,44654 54205 55331 55774 56061 57345 57556 57857 57880 59031 ,497180 821968 511684 490590 228115 509397 11501 487556 95621 365608 ,44654 54205 55331 55774 56061 57556 57857 57880 59447 60698 
876723 16573 915141 864405 777997 862533 770378 894096 193737 558378 ,161018 169055 177029 178235 181940 182254 184998 187810 192926 195776 ,876723 16573 915141 864405 777997 862533 770378 894096 193737 558378 ,161018 169055 177029 178235 181940 182254 184998 187810 192926 195776 
16605 207505 899027 482806 722747 715446 572834 112204 685486 507306 ,49970 61328 65757 66294 67877 68540 69059 70506 70639 73422 ,16605 899027 482806 722747 715446 572834 112204 685486 507306 253344 ,49970 65757 66294 67877 68540 69059 70506 70639 73422 73539 
839036 349083 133429 695102 590876 788051 146747 561699 685995 825874 ,114659 114810 116238 130617 134906 135259 135480 140882 141695 143926 ,839036 349083 133429 695102 590876 788051 146747 561699 685995 825874 ,114659 114810 116238 130617 134906 135259 135480 140882 141695 143926 
874343 413340 559473 398043 298544 1062 999569 513563 700341 412612 ,39776 46661 47280 53207 54036 54217 55002 56142 56146 56337 ,874343 413340 559473 398043 298544 1062 999569 513563 700341 412612 ,39776 46661 47280 53207 54036 54217 55002 56142 56146 56337 
